#date,problem,instance,method,rand_seed,target,use_target,objective,time_limit,nb_max_iterations,initialization,nb_iter_local_search,max_time_local_search,local_search,adaptive,window_size,coeff_exploi_explo,simulation,O_time,P_time
#2022-10-12 17:34:47,wvcp,DSJC1000.9,local_search,1,0,false,reached,3600,9223372036854775807,constrained,9000000000000000000,3600,afisa_original,pursuit,50,1,always_ls,0,0.02
turn,time,nb_colors,penalty,score,solution
0,0,328,0,3389,0:1:2:1:3:4:5:6:7:8:5:2:6:9:4:10:7:10:9:11:12:13:14:15:16:10:8:12:15:17:18:19:19:11:16:3:17:17:0:20:21:22:21:21:14:23:23:22:24:24:25:26:27:18:28:8:29:30:31:30:32:13:33:34:28:35:36:26:25:37:13:29:24:35:31:8:38:33:28:39:39:40:7:19:34:27:25:1:36:15:32:40:38:11:41:42:43:38:44:45:46:47:42:48:32:47:20:2:48:49:50:50:51:41:37:52:45:46:30:53:54:55:14:56:57:51:54:44:49:56:58:59:60:61:62:62:51:63:57:43:58:40:64:65:66:65:67:49:68:69:57:70:71:70:12:22:64:68:69:0:71:41:4:63:72:59:73:74:50:75:73:72:53:55:76:45:76:77:78:34:60:79:79:52:77:47:78:80:68:66:81:82:80:83:74:67:61:83:84:66:36:85:85:21:86:81:5:42:87:18:73:53:88:89:39:15:65:87:78:90:89:86:91:92:84:54:93:88:6:75:88:94:92:95:96:33:90:93:94:26:76:97:46:82:98:87:99:98:74:100:101:96:75:71:102:72:102:91:16:103:104:102:48:74:101:105:100:106:106:107:44:107:103:105:108:109:95:110:96:97:111:86:112:77:113:113:99:110:114:108:89:115:116:117:112:104:118:61:71:37:116:119:58:116:120:7:95:121:4:55:104:122:115:121:67:114:109:114:123:62:85:117:124:109:123:124:108:59:111:119:125:122:43:126:127:83:128:129:130:131:64:122:129:106:123:127:132:133:110:134:128:135:131:136:137:103:134:120:138:135:139:20:130:110:139:140:3:31:133:141:140:53:84:136:142:126:26:143:132:118:98:144:138:144:145:125:143:146:141:147:148:90:147:149:150:151:146:142:137:150:152:27:30:153:154:145:153:155:151:75:136:156:156:157:154:141:157:148:69:153:158:146:159:93:119:149:160:115:161:161:159:35:162:163:164:63:158:91:165:143:166:167:70:160:168:155:137:149:167:169:165:159:170:168:169:171:52:156:166:172:152:161:164:151:173:168:173:82:174:175:158:162:171:176:163:112:142:129:177:104:171:176:172:178:179:180:181:182:182:174:180:150:183:147:184:126:185:181:125:175:186:183:80:185:187:49:175:177:131:179:188:178:162:174:189:190:191:191:190:143:164:186:192:99:124:100:189:192:184:139:193:9:180:194:195:70:105:118:187:135:101:193:196:194:197:198:196:107:170:198:199:200:195:197:60:92:199:178:201:200:188:134:202:201:203:152:202:54:179:204:204:205:169:203:179:140:206:113:155:207:102:190:192:94:144:167:206:170:205:207:165:189:208:209:197:208:210:211:212:213:209:97:214:185:215:212:216:193:81:213:214:208:172:217:217:218:215:219:220:160:219:221:222:223:217:183:224:211:218:128:223:215:224:225:226:225:204:216:221:176:127:227:223:228:208:222:220:101:56:226:148:157:210:191:227:38:229:230:124:231:228:232:198:233:111:229:234:174:199:235:236:219:182:130:237:133:211:196:238:128:235:233:138:239:237:240:164:228:133:117:231:234:232:238:236:240:120:241:242:224:79:236:243:105:203:244:213:29:241:242:245:246:245:244:247:248:249:250:249:251:243:252:253:247:254:250:255:250:253:256:218:257:258:251:259:246:254:248:260:220:243:171:261:181:230:214:259:256:241:262:186:261:230:245:253:257:228:76:252:260:212:255:223:240:263:3:264:209:265:260:266:266:264:263:132:267:268:85:247:269:242:239:270:207:163:237:267:166:263:93:271:269:244:233:265:271:272:258:273:151:23:274:275:232:67:276:277:278:261:274:275:183:279:280:50:270:216:277:188:99:168:222:267:109:234:277:281:282:281:268:262:283:279:276:284:285:283:272:275:285:238:282:286:280:147:145:226:287:152:286:246:256:288:273:271:257:289:198:289:287:251:290:173:67:290:291:278:292:259:266:235:284:293:278:239:294:295:293:295:287:190:200:296:252:292:286:205:268:274:297:291:298:299:300:301:300:283:210:302:301:242:20:296:297:302:300:294:299:284:303:303:304:243:305:130:272:291:298:189:288:251:221:299:306:175:201:307:306:272:192:296:265:225:305:73:308:304:255:157:309:154:308:292:309:258:218:310:311:312:313:295:196:314:311:313:315:202:289:262:316:317:317:318:316:219:314:319:294:319:320:315:309:249:321:206:121:322:227:149:314:320:184:288:252:310:269:312:322:323:324:323:324:263:325:317:326:327:321:69:307
21,1179,274,0,3133,6:18:142:313:229:13:291:105:249:8:1:11:73:168:34:10:18:10:65:11:7:70:50:15:3:11:313:9:15:62:139:27:27:45:47:17:62:62:6:49:38:69:38:38:7:48:263:207:24:72:40:134:5:283:297:8:34:181:69:30:9:6:47:78:17:95:25:54:105:313:86:134:24:204:10:51:16:50:113:207:30:40:70:27:81:27:72:283:7:15:62:36:21:2:36:88:105:21:51:311:113:121:3:26:69:48:37:99:139:49:50:53:13:36:73:65:2:129:30:113:3:11:13:99:297:16:121:16:176:181:120:59:34:33:82:151:288:96:127:80:68:40:48:305:73:200:200:49:42:2:54:189:197:272:25:127:50:102:142:134:200:274:215:63:1:22:8:63:14:51:47:70:53:45:88:44:16:279:22:176:39:68:63:181:13:39:59:153:15:50:44:164:37:102:189:247:5:144:67:133:95:24:215:38:55:214:55:96:151:144:33:53:274:42:311:17:174:66:59:44:139:14:48:59:214:121:18:28:55:28:64:217:189:174:171:22:129:252:2:84:277:57:54:23:23:80:147:197:274:139:101:1:67:279:64:45:84:69:40:171:8:64:309:64:282:26:41:44:309:323:217:272:113:66:222:133:15:146:25:282:272:14:232:65:96:39:95:146:182:33:204:197:309:47:282:94:247:292:144:19:176:19:45:8:229:312:68:217:197:131:94:88:114:323:114:114:309:24:70:308:82:102:41:82:184:7:62:153:147:19:21:185:129:182:24:66:187:67:291:132:82:214:84:189:151:187:104:308:67:86:100:130:49:23:142:28:1:185:57:184:131:42:122:146:204:211:122:103:110:223:101:53:130:112:288:3:86:305:119:173:164:173:61:41:43:146:211:184:123:88:80:152:291:226:11:14:164:136:131:256:119:279:180:185:124:49:312:141:124:136:208:153:171:232:162:210:217:237:237:153:123:182:279:128:135:119:256:141:263:152:222:174:135:110:260:96:61:178:165:200:56:187:204:292:104:101:37:37:129:43:149:279:41:42:55:180:282:162:124:237:260:223:178:75:178:290:253:123:153:36:306:135:208:164:291:232:288:75:139:94:220:190:165:103:210:220:207:229:223:43:185:85:275:12:106:9:300:274:100:117:112:149:176:300:199:306:85:194:258:25:75:65:277:290:208:269:291:75:132:305:287:117:104:290:144:232:97:180:141:287:112:134:63:102:165:173:110:26:194:135:194:275:6:215:103:130:210:289:56:5:308:162:190:323:250:245:308:80:56:170:253:236:299:301:131:187:236:121:170:141:269:30:252:203:33:163:16:12:256:271:266:245:258:306:310:170:266:245:236:275:85:220:122:231:271:162:176:117:295:128:190:57:68:300:165:95:260:216:225:287:147:12:268:107:107:79:78:116:192:237:266:85:253:143:107:34:179:211:79:178:143:212:179:78:119:212:114:310:133:199:226:147:210:255:143:173:285:214:289:97:211:43:305:245:107:286:225:268:175:303:255:203:130:239:179:61:17:212:226:293:208:51:116:192:297:170:299:4:324:132:259:275:61:310:271:128:269:85:112:241:269:285:286:324:267:267:239:319:132:84:299:267:65:199:295:241:224:202:227:190:4:286:285:209:177:293:154:299:224:202:99:322:240:287:180:184:227:259:231:264:140:175:64:202:192:258:303:295:143:163:295:154:258:259:100:78:251:256:123:251:268:192:128:174:152:175:106:317:289:130:319:227:240:231:285:122:226:116:203:126:286:110:239:319:219:292:104:281:317:142:281:310:193:205:251:140:219:281:106:94:219:216:238:4:77:234:126:293:119:181:35:289:267:252:242:302:209:163:302:129:105:241:272:152:220:9:97:209:301:77:28:255:238:297:76:242:154:149:120:79:193:140:71:229:87:157:224:301:150:223:150:58:103:235:325:322:216:136:306:303:325:235:284:71:249:58:238:133:250:161:156:317:98:205:32:215:98:241:157:127:157:234:156:177:250:101:98:207:87:161:302:324:249:240:163:191:230:35:247:177:193:116:32:230:77:74:278:111:315:74:254:263:93:284:177:74:320:219:87:321:159:201:222:311:54:320:224:278:201:86:234:225:76:321:32:315:292:230:191:108:321:259:26:278:284:271:150:227:126:316:120:56:240:72:325:79:205:261:161:273:314:93:111:111:263:248:248:283:159:277:315:115:322:254:57:243:35:320:201:312:261:316:115:311:120:283:108:93:314:71:81:264:32:76:324:316:264:108:275:277:243:159:142:261:58:235:314:72:273:254
22,1229,275,0,3132,6:18:142:313:229:13:291:105:249:8:1:11:73:168:34:10:18:10:65:11:7:70:50:15:3:11:313:9:15:62:139:27:27:45:47:17:62:62:6:49:38:69:38:38:7:48:263:207:24:72:40:134:5:283:297:8:34:181:69:30:9:6:47:78:17:95:25:54:105:313:86:134:24:204:10:51:16:50:113:207:30:40:70:27:81:27:72:283:7:15:62:36:21:2:36:88:105:21:51:311:113:121:3:26:69:48:37:99:139:49:50:53:13:36:73:65:2:129:30:113:3:11:13:99:297:16:121:16:176:181:120:59:34:33:82:151:288:96:127:80:68:40:48:305:73:200:200:49:42:2:54:189:197:272:25:127:50:102:142:134:200:274:215:63:1:22:8:63:14:51:47:70:53:45:88:44:16:279:22:176:39:68:63:181:13:39:59:153:15:50:44:164:37:102:189:247:5:144:67:133:95:24:215:38:55:214:55:96:151:144:33:53:274:42:311:17:174:66:59:44:139:14:48:59:214:121:18:28:55:28:64:217:189:174:171:22:129:252:2:84:277:57:54:23:23:80:147:197:274:139:101:1:67:279:64:45:84:69:40:171:8:64:309:64:282:26:41:44:309:323:217:272:113:66:222:133:15:146:25:282:272:14:232:65:96:39:95:146:182:33:204:197:309:47:282:94:247:292:144:19:176:19:45:8:229:312:68:217:197:131:94:88:114:323:114:114:309:24:70:308:82:102:41:82:184:7:62:153:147:19:21:185:129:182:24:66:187:67:291:132:82:214:84:189:151:187:104:308:67:86:100:130:49:23:142:28:1:185:57:184:131:42:122:146:204:211:122:103:110:223:101:53:130:112:288:3:86:305:119:173:164:173:61:41:43:146:211:184:123:88:80:152:291:226:11:14:164:136:131:256:119:279:180:185:124:49:312:141:124:136:208:153:171:232:162:210:217:237:237:153:123:182:279:128:135:119:256:141:263:152:222:174:135:110:260:96:61:178:165:200:56:187:204:292:104:101:37:37:129:43:149:279:41:42:55:180:282:162:124:237:260:223:178:75:178:290:253:123:153:36:306:135:208:164:291:232:288:75:139:94:220:190:165:103:210:220:207:229:223:43:185:85:275:12:106:9:300:274:100:117:112:149:176:300:199:306:85:194:258:25:75:65:277:290:208:269:291:75:132:305:287:117:104:290:144:232:97:180:141:287:112:134:63:102:165:173:110:26:194:135:194:275:6:215:103:130:210:289:56:5:308:162:190:323:250:245:308:80:56:170:253:236:299:301:131:187:236:121:170:141:269:30:252:203:33:163:16:12:256:271:266:245:258:306:310:170:266:245:236:275:85:220:122:231:271:162:176:117:295:128:190:57:68:300:165:95:260:216:225:287:147:12:268:107:107:79:78:116:192:237:266:85:253:143:107:34:179:211:79:178:143:212:179:78:119:212:114:310:133:199:226:147:210:255:143:173:285:214:289:97:211:43:305:245:107:286:225:268:175:303:255:203:130:239:179:61:17:212:226:293:208:51:116:192:297:170:299:4:324:132:259:275:61:310:271:128:269:85:112:241:269:285:286:324:267:267:239:319:132:84:299:267:65:199:295:241:224:202:227:190:4:286:285:209:177:293:154:299:224:202:99:168:240:287:180:184:227:259:231:264:140:175:64:202:192:258:303:295:143:163:295:154:258:259:100:78:251:256:123:251:268:192:128:174:152:175:106:317:289:130:319:227:240:231:285:122:226:116:203:126:286:110:239:319:219:292:104:281:317:142:281:310:193:205:251:140:219:281:106:94:219:216:238:4:77:234:126:293:119:181:35:289:267:252:242:302:209:163:302:129:105:241:272:152:220:9:97:209:301:77:28:255:238:297:76:242:154:149:120:79:193:140:71:229:87:157:224:301:150:223:150:58:103:235:325:322:216:136:306:303:325:235:284:71:249:58:238:133:250:161:156:317:98:205:32:215:98:241:157:127:157:234:156:177:250:101:98:207:87:161:302:324:249:240:163:191:230:35:247:177:193:116:32:230:77:74:278:111:315:74:254:263:93:284:177:74:320:219:87:321:159:201:222:311:54:320:224:278:201:86:234:225:76:321:32:315:292:230:191:108:321:259:26:278:284:271:150:227:126:316:120:56:240:72:325:79:205:261:161:273:314:93:111:111:263:248:248:283:159:277:315:115:322:254:57:243:35:320:201:312:261:316:115:311:120:283:108:93:314:71:81:264:32:76:324:316:264:108:275:277:243:159:142:261:58:235:314:72:273:188
23,1280,274,0,3131,6:18:142:313:229:13:291:105:249:8:1:11:73:168:34:10:18:10:65:11:7:70:50:15:3:11:313:9:15:62:139:27:27:45:47:17:62:62:6:49:38:69:38:38:7:48:263:207:24:72:40:134:5:283:297:8:34:181:69:30:9:6:47:78:17:95:25:54:105:313:86:134:24:204:10:51:16:50:113:207:30:40:70:27:81:27:72:283:7:15:62:36:21:2:36:88:105:21:51:311:113:121:3:26:69:48:37:99:139:49:50:53:13:36:73:65:2:129:30:113:3:11:13:99:297:16:121:16:176:181:120:59:34:33:82:151:288:96:127:80:68:40:48:305:73:200:200:49:42:2:54:189:197:272:25:127:50:102:142:134:200:274:215:63:1:22:8:63:14:51:47:70:53:45:88:44:16:279:22:176:39:68:63:181:13:39:59:153:15:50:44:164:37:102:189:247:5:144:67:133:95:24:215:38:55:214:55:96:151:144:33:53:274:42:311:17:174:66:59:44:139:14:48:59:214:121:18:28:55:28:64:217:189:174:171:22:129:252:2:84:277:57:54:23:23:80:147:197:274:139:101:1:67:279:64:45:84:69:40:171:8:64:309:64:282:26:41:44:309:323:217:272:113:66:222:133:15:146:25:282:272:14:232:65:96:39:95:146:182:33:204:197:309:47:282:94:247:292:144:19:176:19:45:8:229:312:68:217:197:131:94:88:114:323:114:114:309:24:70:308:82:102:41:82:184:7:62:153:147:19:21:185:129:182:24:66:187:67:291:132:82:214:84:189:151:187:104:308:67:86:100:130:49:23:142:28:1:185:57:184:131:42:122:146:204:211:122:103:110:223:101:53:130:112:288:3:86:305:119:173:164:173:61:41:43:146:211:184:123:88:80:152:291:226:11:14:164:136:131:256:119:279:180:185:124:49:312:141:124:136:208:153:171:232:162:210:217:237:237:153:123:182:279:128:135:119:256:141:263:152:222:174:135:110:260:96:61:178:165:200:56:187:204:292:104:101:37:37:129:43:149:279:41:42:55:180:282:162:124:237:260:223:178:75:178:290:253:123:153:36:306:135:208:164:291:232:288:75:139:94:220:190:165:103:210:220:207:229:223:43:185:85:275:12:106:9:300:274:100:117:112:149:176:300:199:306:85:194:258:25:75:65:277:290:208:269:291:75:132:305:287:117:104:290:144:232:97:180:141:287:112:134:63:102:165:173:110:26:194:135:194:275:6:215:103:130:210:289:56:5:308:162:190:323:250:245:308:80:56:170:253:236:299:301:131:187:236:121:170:141:269:30:252:203:33:163:16:12:256:271:266:245:258:306:310:170:266:245:236:275:85:220:122:231:271:162:176:117:295:128:190:57:68:300:165:95:260:216:225:287:147:12:268:107:107:79:78:116:192:237:266:85:253:143:107:34:179:211:79:178:143:212:179:78:119:212:114:310:133:199:226:147:210:255:143:173:285:214:289:97:211:43:305:245:107:286:225:268:175:303:255:203:130:239:179:61:17:212:226:293:208:51:116:192:297:170:299:4:324:132:259:275:61:310:271:128:269:85:112:241:269:285:286:324:267:267:239:319:132:84:299:267:65:199:295:241:224:202:227:190:4:286:285:209:177:293:154:299:224:202:99:168:240:287:180:184:227:259:231:264:140:175:64:202:192:258:303:295:143:163:295:154:258:259:100:78:251:256:123:251:268:192:128:174:152:175:106:317:289:130:319:227:240:231:285:122:226:116:203:126:286:110:239:319:219:292:104:281:317:142:281:310:193:205:251:140:219:281:106:94:219:216:238:4:77:234:126:293:119:181:35:289:267:252:242:302:209:163:302:129:105:241:272:152:220:9:97:209:301:77:28:255:238:297:76:242:154:149:120:79:193:140:71:229:87:157:224:301:150:223:150:58:103:235:325:322:216:136:306:303:325:235:284:71:249:58:238:133:250:161:156:317:98:205:32:215:98:241:157:127:157:234:156:177:250:101:98:207:87:161:302:324:249:240:163:191:230:35:247:177:193:116:32:230:77:74:278:111:315:74:254:263:93:284:177:74:320:219:87:321:159:201:222:311:54:320:224:278:201:86:234:225:76:321:32:315:292:230:191:108:321:259:26:278:284:271:150:227:126:316:120:56:240:72:325:79:205:261:161:273:314:93:111:111:263:248:248:283:159:277:315:115:322:254:57:243:35:320:201:312:261:316:115:311:120:283:108:93:314:71:81:264:32:76:324:316:264:108:275:277:243:159:142:261:58:235:314:72:273:254
24,1330,274,0,3130,6:18:142:313:229:13:291:105:249:8:1:11:73:168:34:10:18:10:65:11:7:70:50:15:3:11:313:9:15:62:139:27:27:45:47:17:62:62:6:49:38:69:38:38:7:48:263:207:24:72:40:134:5:283:297:8:34:181:69:30:9:6:47:78:17:95:25:54:105:313:86:134:24:204:10:51:16:50:113:207:30:40:70:27:81:27:72:283:7:15:62:36:21:2:36:88:105:21:51:311:113:121:3:26:69:48:37:99:139:49:50:53:13:36:73:65:2:129:30:113:3:11:13:99:297:16:121:16:176:181:120:59:34:33:82:151:288:96:127:80:68:40:48:305:73:200:200:49:42:2:54:189:197:272:25:127:50:102:142:134:200:274:215:63:1:22:8:63:14:51:47:70:53:45:88:44:16:279:22:176:39:68:63:181:13:39:59:153:15:50:44:164:37:102:189:247:5:144:67:133:95:24:215:38:55:214:55:96:151:144:33:53:274:42:311:17:174:66:59:44:139:14:48:59:214:121:18:28:55:28:64:217:189:174:171:22:129:252:2:84:277:57:54:23:23:80:147:197:274:139:101:1:67:279:64:45:84:69:40:171:8:64:309:64:282:26:41:44:309:323:217:272:113:66:222:133:15:146:25:282:272:14:232:65:96:39:95:146:182:33:204:197:309:47:282:94:247:292:144:19:176:19:45:8:229:312:68:217:197:131:94:88:114:323:114:114:309:24:70:308:82:102:41:82:184:7:62:153:147:19:21:185:129:182:24:66:187:67:291:132:82:214:84:189:151:187:104:308:67:86:100:130:49:23:142:28:1:185:57:184:131:42:122:146:204:211:122:103:110:223:101:53:130:112:288:3:86:305:119:173:164:173:61:41:43:146:211:184:123:88:80:152:291:226:11:14:164:136:131:256:119:279:180:185:124:49:312:141:124:136:208:153:171:232:162:210:217:237:237:153:123:182:279:128:135:119:256:141:263:152:222:174:135:110:260:96:61:178:165:200:56:187:204:292:104:101:37:37:129:43:149:279:41:42:55:180:282:162:124:237:260:223:178:75:178:290:253:123:153:36:306:135:208:164:291:232:288:75:139:94:220:190:165:103:210:220:207:229:223:43:185:85:275:12:106:9:300:274:100:117:112:149:176:300:199:306:85:194:258:25:75:65:277:290:208:269:291:75:132:305:287:117:104:290:144:232:97:180:141:287:112:134:63:102:165:173:110:26:194:135:194:275:6:215:103:130:210:289:56:5:308:162:190:323:250:245:308:80:56:170:253:236:299:301:131:187:236:121:170:141:269:30:252:203:33:163:16:12:256:271:266:245:258:306:310:170:266:245:236:275:85:220:122:231:271:162:176:117:295:128:190:57:68:300:165:95:260:216:225:287:147:12:268:107:107:79:78:116:168:237:266:85:253:143:107:34:179:211:79:178:143:212:179:78:119:212:114:310:133:199:226:147:210:255:143:173:285:214:289:97:211:43:305:245:107:286:225:268:175:303:255:203:130:239:179:61:17:212:226:293:208:51:116:192:297:170:299:4:324:132:259:275:61:310:271:128:269:85:112:241:269:285:286:324:267:267:239:319:132:84:299:267:65:199:295:241:224:202:227:190:4:286:285:209:177:293:154:299:224:202:99:168:240:287:180:184:227:259:231:264:140:175:64:202:192:258:303:295:143:163:295:154:258:259:100:78:251:256:123:251:268:192:128:174:152:175:106:317:289:130:319:227:240:231:285:122:226:116:203:126:286:110:239:319:219:292:104:281:317:142:281:310:193:205:251:140:219:281:106:94:219:216:238:4:77:234:126:293:119:181:35:289:267:252:242:302:209:163:302:129:105:241:272:152:220:9:97:209:301:77:28:255:238:297:76:242:154:149:120:79:193:140:71:229:87:157:224:301:150:223:150:58:103:235:325:322:216:136:306:303:325:235:284:71:249:58:238:133:250:161:156:317:98:205:32:215:98:241:157:127:157:234:156:177:250:101:98:207:87:161:302:324:249:240:163:191:230:35:247:177:193:116:32:230:77:74:278:111:315:74:254:263:93:284:177:74:320:219:87:321:159:201:222:311:54:320:224:278:201:86:234:225:76:321:32:315:292:230:191:108:321:259:26:278:284:271:150:227:126:316:120:56:240:72:325:79:205:261:161:273:314:93:111:111:263:248:248:283:159:277:315:115:322:254:57:243:35:320:201:312:261:316:115:311:120:283:108:93:314:71:81:264:32:76:324:316:264:108:275:277:243:159:243:261:58:235:314:72:142:254
27,1483,275,0,3128,6:18:142:313:229:13:291:105:249:8:1:11:73:168:34:10:18:10:65:11:7:70:50:15:3:11:313:9:15:62:139:27:27:45:47:17:62:62:6:49:38:69:38:38:7:48:263:207:24:72:40:134:5:283:297:8:34:181:69:30:9:6:47:78:17:95:25:54:105:313:86:134:24:204:10:51:16:50:113:207:30:40:70:27:188:27:72:283:7:15:62:36:21:2:36:88:105:21:51:311:113:121:3:26:249:48:37:99:139:49:50:53:13:36:73:65:2:129:30:113:3:11:13:99:297:16:121:16:176:181:120:59:34:33:82:151:288:96:127:80:68:40:48:305:73:200:200:49:42:2:54:189:197:272:25:127:50:102:142:134:200:274:215:63:1:22:8:63:14:51:47:70:53:45:88:44:16:279:22:176:39:68:63:181:13:39:59:153:15:50:44:164:37:102:189:247:5:144:67:133:95:24:215:38:55:214:55:96:151:144:33:53:274:42:311:17:174:66:59:44:139:14:48:59:214:121:18:28:55:28:64:217:288:174:171:22:129:252:2:84:277:57:54:23:23:80:147:197:274:139:101:1:67:279:64:45:84:69:40:171:8:64:309:64:282:26:41:44:309:323:217:272:113:66:222:133:15:146:25:282:272:14:232:65:96:39:95:146:182:33:204:197:309:47:282:94:247:292:144:19:176:19:45:8:229:312:68:217:197:131:94:311:114:323:114:114:309:24:70:308:82:102:41:82:184:7:62:153:147:19:21:185:129:182:24:66:187:67:291:132:82:214:84:189:151:187:104:308:67:86:100:130:88:23:142:28:1:185:57:184:131:42:122:146:204:211:122:103:110:223:101:53:130:112:288:3:86:305:119:173:164:173:61:41:43:146:211:184:123:88:80:152:291:226:11:14:164:136:131:256:119:279:180:185:124:49:312:141:124:136:208:153:171:232:162:210:217:237:237:153:123:182:279:128:135:119:256:141:263:152:222:174:135:110:260:96:61:178:165:200:56:187:204:292:104:101:37:37:129:43:149:279:41:42:55:180:282:162:124:237:260:253:178:75:178:290:253:123:153:36:306:135:208:164:291:232:288:75:139:94:220:190:165:103:210:220:207:229:223:43:185:85:275:12:106:9:300:274:100:117:112:149:176:300:199:306:85:194:258:25:75:65:277:290:208:269:291:75:132:305:287:117:104:290:144:232:97:180:141:287:112:134:63:102:165:173:110:26:194:135:194:275:6:215:103:130:210:289:56:5:308:162:190:323:250:245:308:80:56:170:253:236:299:301:131:187:236:121:170:141:269:30:252:203:33:163:16:12:256:271:266:245:258:306:310:170:266:245:236:275:85:220:122:231:271:162:176:117:106:128:190:57:68:300:165:95:260:216:225:287:147:12:268:107:107:79:78:116:168:237:266:85:253:143:107:34:179:211:231:178:143:212:179:78:97:212:114:310:133:199:226:147:210:255:143:173:285:214:289:97:211:43:305:245:107:286:225:268:175:303:255:203:130:239:179:61:17:212:226:293:208:51:116:192:297:170:299:4:324:132:259:275:61:310:271:128:269:85:112:241:269:285:286:324:267:267:239:319:132:84:299:267:65:199:295:241:224:202:79:190:4:286:285:209:177:293:154:299:224:202:99:168:240:287:180:184:227:259:231:264:140:175:64:202:192:258:303:295:143:163:295:154:258:259:100:78:251:256:123:251:268:192:128:174:152:175:255:317:289:130:319:227:240:231:285:122:226:116:203:126:286:110:239:319:219:292:104:281:317:142:281:310:193:205:251:140:219:281:106:236:219:216:238:4:77:234:126:293:119:181:35:289:267:252:242:302:209:163:302:129:105:241:272:152:220:9:97:209:301:77:28:255:238:297:76:242:154:149:120:79:193:140:71:229:87:157:224:301:150:223:150:58:103:235:325:322:216:136:306:303:325:235:284:71:249:58:238:133:250:161:156:317:98:205:32:215:98:241:157:127:157:234:156:177:250:101:98:207:87:161:302:324:249:240:163:191:230:35:247:177:193:116:32:230:77:74:168:111:315:74:254:263:93:284:177:74:320:219:87:321:159:201:222:278:54:320:224:278:201:86:234:225:76:321:32:199:292:230:191:315:321:259:26:278:284:271:150:227:126:316:120:56:240:72:325:201:205:261:161:273:314:93:111:111:313:248:248:283:159:277:81:115:322:254:57:243:35:320:273:312:261:316:115:311:120:283:108:93:314:71:81:264:32:76:324:316:264:108:275:277:243:159:243:261:58:235:314:72:142:254
28,1534,276,0,3125,6:18:142:313:229:13:291:105:249:8:1:11:73:168:34:10:18:10:65:11:7:70:50:15:3:11:313:9:15:62:139:27:27:45:47:17:62:62:6:49:38:69:38:38:7:48:263:207:24:72:40:134:5:283:297:8:34:181:69:30:9:6:47:78:17:95:25:54:105:313:86:134:24:204:10:51:16:50:113:207:30:40:70:27:188:27:72:283:7:15:62:36:21:2:36:88:105:21:51:311:113:121:3:26:249:48:37:99:139:49:50:53:13:36:73:65:2:129:30:113:3:11:13:99:297:16:121:16:176:181:120:59:34:33:82:151:288:96:127:80:68:40:48:305:73:200:200:49:42:2:54:189:197:272:25:127:50:102:142:134:200:274:215:63:1:22:8:63:14:51:47:70:53:45:88:44:16:279:22:176:39:68:63:181:13:39:59:153:15:50:44:164:37:102:189:247:5:144:67:133:95:24:215:38:55:214:55:96:151:144:33:53:274:42:311:17:174:66:59:44:139:14:48:59:214:121:18:28:55:28:64:217:288:174:171:22:129:252:2:84:277:57:54:23:23:80:147:197:274:139:101:1:67:279:64:45:84:69:40:171:8:64:309:64:282:26:41:44:309:323:217:272:113:66:222:133:15:146:25:282:272:14:232:65:96:39:95:146:182:33:204:197:309:47:282:94:247:292:144:19:176:19:45:8:229:312:68:217:197:131:94:311:114:323:114:114:309:24:70:308:82:102:41:82:184:7:62:153:147:19:21:185:129:182:24:66:187:67:291:132:82:214:84:189:151:187:104:308:67:86:100:130:88:23:142:28:1:185:57:184:131:42:122:146:204:211:122:103:110:223:101:53:130:112:288:3:86:305:119:173:164:173:61:41:43:146:211:184:123:88:80:152:291:226:11:14:164:136:131:256:119:279:180:185:124:49:312:141:124:136:208:153:171:232:162:210:217:237:237:153:123:182:279:128:135:119:256:141:263:152:222:174:135:110:260:96:61:178:165:200:56:187:204:292:104:101:37:37:129:43:149:279:41:42:55:180:282:162:124:237:260:253:178:75:178:290:253:123:153:36:306:135:208:164:291:232:288:75:139:94:220:190:165:103:210:220:207:229:223:43:185:85:275:12:106:9:300:274:100:117:112:149:176:300:199:306:85:194:258:25:75:65:277:290:208:269:291:75:132:305:287:117:104:290:144:232:97:180:141:287:112:134:63:102:165:173:110:26:194:135:194:275:6:215:103:130:210:289:56:5:308:162:190:323:250:245:308:80:56:170:253:236:299:301:131:187:236:121:170:141:269:30:252:203:33:163:16:12:256:271:266:245:258:306:310:170:266:245:236:275:85:220:122:231:271:162:176:117:106:128:190:57:68:300:165:95:260:216:225:287:147:12:268:107:107:79:78:116:168:237:266:85:253:143:107:34:179:211:231:178:143:212:179:78:97:212:114:310:133:199:226:147:210:255:143:173:285:214:289:97:211:43:305:245:107:286:225:268:175:303:255:203:130:239:179:61:17:212:226:293:208:51:116:192:297:170:299:4:324:132:259:275:61:310:271:128:269:85:112:241:269:285:286:324:267:267:239:319:132:84:299:267:65:199:295:241:224:202:79:190:4:286:285:209:177:293:154:299:224:202:99:168:240:287:180:184:227:259:231:188:140:175:64:202:192:258:303:295:143:163:295:154:258:259:100:78:251:256:123:251:268:192:128:174:152:175:255:317:289:130:319:227:240:231:285:122:226:116:203:126:286:110:239:319:219:292:104:281:317:142:281:310:193:205:251:140:219:281:106:236:219:216:238:4:77:234:126:293:119:181:35:289:267:252:242:302:209:163:302:129:105:241:272:152:220:9:97:209:301:77:28:255:238:297:76:242:154:149:120:79:193:140:71:229:87:157:224:301:150:223:150:58:103:235:325:322:216:136:306:303:325:235:284:71:249:58:238:133:250:161:156:317:98:205:32:215:98:241:157:127:157:234:156:177:250:101:98:207:87:161:302:324:249:240:163:191:230:35:247:177:193:116:32:230:77:74:168:111:315:74:254:263:93:284:177:74:320:219:87:321:159:201:222:278:54:320:224:278:201:86:234:225:76:321:32:199:292:230:191:315:321:259:26:278:284:271:150:227:126:316:120:56:240:72:325:201:205:261:161:273:314:93:111:111:313:248:248:283:159:277:81:115:322:254:57:243:35:320:273:312:261:316:115:311:120:283:108:93:314:71:81:264:32:76:324:316:264:108:275:277:243:159:243:261:58:235:314:72:142:257
29,1584,275,0,3124,6:18:142:313:229:13:291:105:249:8:1:11:73:168:34:10:18:10:65:11:7:70:50:15:3:11:313:9:15:62:139:27:27:45:47:17:62:62:6:49:38:69:38:38:7:48:263:207:24:72:40:134:5:283:297:8:34:181:69:30:9:6:47:78:17:95:25:54:105:313:86:134:24:204:10:51:16:50:113:207:30:40:70:27:188:27:72:283:7:15:62:36:21:2:36:88:105:21:51:311:113:121:3:26:249:48:37:99:139:49:50:53:13:36:73:65:2:129:30:113:3:11:13:99:297:16:121:16:176:181:120:59:34:33:82:151:288:96:127:80:68:40:48:305:73:200:200:49:42:2:54:189:197:272:25:127:50:102:142:134:200:274:215:63:1:22:8:63:14:51:47:70:53:45:88:44:16:279:22:176:39:68:63:181:13:39:59:153:15:50:44:164:37:102:189:247:5:144:67:133:95:24:215:38:55:214:55:96:151:144:33:53:274:42:311:17:174:66:59:44:139:14:48:59:214:121:18:28:55:28:64:217:288:174:171:22:129:252:2:84:277:57:54:23:23:80:147:197:274:139:101:1:67:279:64:45:84:69:40:171:8:64:309:64:282:26:41:44:309:323:217:272:113:66:222:133:15:146:25:282:272:14:232:65:96:39:95:146:182:33:204:197:309:47:282:94:247:292:144:19:176:19:45:8:229:312:68:217:197:131:94:311:114:323:114:114:309:24:70:308:82:102:41:82:184:7:62:153:147:19:21:185:129:182:24:66:187:67:291:132:82:214:84:189:151:187:104:308:67:86:100:130:88:23:142:28:1:185:57:184:131:42:122:146:204:211:122:103:110:223:101:53:130:112:288:3:86:305:119:173:164:173:61:41:43:146:211:184:123:88:80:152:291:226:11:14:164:136:131:256:119:279:180:185:124:49:312:141:124:136:208:153:171:232:162:210:217:237:237:153:123:182:279:128:135:119:256:141:263:152:222:174:135:110:260:96:61:178:165:200:56:187:204:292:104:101:37:37:129:43:149:279:41:42:55:180:282:162:124:237:260:253:178:75:178:290:253:123:153:36:306:135:208:164:291:232:288:75:139:94:220:190:165:103:210:220:207:229:223:43:185:85:275:12:106:9:300:274:100:117:112:149:176:300:199:306:85:194:258:25:75:65:277:290:208:269:291:75:132:305:287:117:104:290:144:232:97:180:141:287:112:134:63:102:165:173:110:26:194:135:194:275:6:215:103:130:210:289:56:5:308:162:190:323:250:245:308:80:56:170:253:236:299:301:131:187:236:121:170:141:269:30:252:203:33:163:16:12:256:271:266:245:258:306:310:170:266:245:236:275:85:220:122:231:271:162:176:117:106:128:190:57:68:300:165:95:260:216:225:287:147:12:268:107:107:79:78:116:168:237:266:85:253:143:107:34:179:211:231:178:143:212:179:78:97:212:114:310:133:199:226:147:210:255:143:173:285:214:289:97:211:43:305:245:107:286:225:268:175:303:255:203:130:239:179:61:17:212:226:293:208:51:116:192:297:170:299:4:324:132:259:275:61:310:271:128:269:85:112:241:269:285:286:324:267:267:239:319:132:84:299:267:65:199:295:241:224:202:79:190:4:286:285:209:177:293:154:299:224:202:99:168:240:287:180:184:227:259:231:188:140:175:64:202:192:258:303:295:143:163:295:154:258:259:100:78:251:256:123:251:268:192:128:174:152:175:255:317:289:130:319:227:240:231:285:122:226:116:203:126:286:110:239:319:219:292:104:281:317:142:281:310:193:205:251:140:219:281:106:236:219:216:238:4:77:234:126:293:119:181:35:289:267:252:242:302:209:163:302:129:105:241:272:152:220:9:97:209:301:77:28:255:238:297:76:242:154:149:120:79:193:140:71:229:87:157:224:301:150:223:150:58:103:235:325:322:216:136:306:303:325:235:284:71:249:58:238:133:250:161:156:317:98:205:32:215:98:241:157:127:157:234:156:177:250:101:98:207:87:161:302:324:249:240:163:191:230:35:247:177:193:116:32:230:77:74:168:111:315:74:254:263:93:284:177:74:320:219:87:321:159:201:222:278:54:320:224:278:201:86:234:225:76:321:32:199:292:230:191:315:321:259:26:278:284:271:150:227:126:316:120:56:240:72:325:201:205:261:161:273:314:93:111:111:313:248:248:283:159:277:81:115:322:254:57:243:35:320:273:312:261:316:115:311:120:283:108:93:314:71:81:264:32:76:324:316:264:108:275:277:243:159:243:261:58:235:314:72:142:254
30,1635,275,0,3123,6:18:142:313:229:13:291:105:249:8:1:11:73:168:34:10:18:10:65:11:7:70:50:15:3:11:313:9:15:62:139:27:27:45:47:17:62:62:6:49:38:69:38:38:7:48:263:207:24:72:40:134:5:283:297:8:34:181:69:30:9:6:47:78:17:95:25:54:105:313:86:134:24:204:10:51:16:50:113:207:30:40:70:27:188:27:72:283:7:15:62:36:21:2:36:88:105:21:51:311:113:121:3:26:249:48:37:99:139:49:50:53:13:36:73:65:2:129:30:113:3:11:13:99:297:16:121:16:176:181:120:59:34:33:82:151:288:96:127:80:68:40:48:305:73:200:200:49:42:2:54:189:197:272:25:127:50:102:142:134:200:274:215:63:1:22:8:63:14:51:47:70:53:45:88:44:16:279:22:176:39:68:63:181:13:39:59:153:15:50:44:164:37:102:189:247:5:144:67:133:95:24:215:38:55:214:55:96:151:144:33:53:274:42:311:17:174:66:59:44:139:14:48:59:214:121:18:28:55:28:64:217:288:174:171:22:129:252:2:84:277:57:54:23:23:80:147:197:274:139:101:1:67:279:64:45:84:69:40:171:8:64:309:64:282:26:41:44:309:323:217:272:113:66:222:133:15:146:25:282:272:14:232:65:96:39:95:146:182:33:204:197:309:47:282:94:247:292:144:19:176:19:45:8:229:312:68:217:197:131:94:311:114:323:114:114:309:24:70:308:82:102:41:82:184:7:62:153:147:19:21:185:129:182:24:66:187:67:291:132:82:214:84:189:151:187:104:308:67:86:100:130:88:23:142:28:1:185:57:184:131:42:122:146:204:211:122:103:110:223:101:53:130:112:288:3:86:305:119:173:164:173:61:41:43:146:211:184:123:88:80:152:291:226:11:14:164:136:131:256:119:279:180:185:124:49:312:141:124:136:208:153:171:232:162:210:217:237:237:153:123:182:279:128:188:119:256:141:263:152:222:174:135:110:260:96:61:178:165:200:56:187:204:292:104:101:37:37:129:43:149:279:41:42:55:180:282:162:124:237:260:253:178:75:178:290:253:123:153:36:306:135:208:164:291:232:288:75:139:94:220:190:165:103:210:220:207:229:223:43:185:85:275:12:106:9:300:274:100:117:112:149:176:300:199:306:85:194:258:25:75:65:277:290:208:269:291:75:132:305:287:117:104:290:144:232:97:180:141:287:112:134:63:102:165:173:110:26:194:135:194:275:6:215:103:130:210:289:56:5:308:162:190:323:250:245:308:80:56:170:253:236:299:301:131:187:236:121:170:141:269:30:252:203:33:163:16:12:256:271:266:245:258:306:310:170:266:245:236:275:85:220:122:231:271:162:176:117:106:128:190:57:68:300:165:95:260:216:225:287:147:12:268:107:107:79:78:116:168:237:266:85:253:143:107:34:179:211:231:178:143:212:179:78:97:212:114:310:133:199:226:147:210:255:143:173:285:214:289:97:211:43:305:245:107:286:225:268:175:303:255:203:130:239:179:61:17:212:226:293:208:51:116:192:297:170:299:4:324:132:259:275:61:310:271:128:269:85:112:241:269:285:286:324:267:267:239:319:132:84:299:267:65:199:295:241:224:202:79:190:4:286:285:209:177:293:154:299:224:202:99:168:240:287:180:184:227:259:231:188:140:175:64:202:192:258:303:295:143:163:295:154:258:259:100:78:251:256:123:251:268:192:128:174:152:175:255:317:289:130:319:227:240:231:285:122:226:116:203:126:286:110:239:319:219:292:104:281:317:142:281:310:193:205:251:140:219:281:106:236:219:216:238:4:77:234:126:293:119:181:35:289:267:252:242:302:209:163:302:129:105:241:272:152:220:9:97:209:301:77:28:255:238:297:76:242:154:149:120:79:193:140:71:229:87:157:224:301:150:223:150:58:103:235:325:322:216:136:306:303:325:235:284:71:249:58:238:133:250:161:156:317:98:205:32:215:98:241:157:127:157:234:156:177:250:101:98:207:87:161:302:324:249:240:163:191:230:35:247:177:193:116:32:230:77:74:168:111:315:74:254:263:93:284:177:74:320:219:87:321:159:201:222:278:54:320:224:278:201:86:234:225:76:321:32:199:292:230:191:315:321:259:26:278:284:271:150:227:126:316:120:56:240:72:325:201:205:261:161:273:314:93:111:111:313:248:248:283:159:277:81:115:322:254:57:243:35:320:273:312:261:316:115:311:120:283:108:93:314:71:81:264:32:76:324:316:264:108:275:277:243:159:243:261:58:235:314:72:142:254
37,2002,276,0,3114,6:18:142:313:229:13:291:105:249:8:1:11:73:168:34:10:18:10:65:11:7:70:50:15:3:11:313:9:15:62:139:27:27:45:47:17:62:62:6:49:38:69:38:38:7:48:263:207:24:72:40:134:5:283:297:8:34:181:86:30:9:6:47:78:17:95:25:54:105:313:86:134:24:204:10:51:16:50:113:207:30:40:70:27:188:27:72:283:7:15:62:36:21:2:36:88:105:21:51:311:113:121:3:26:249:48:37:99:139:49:50:53:13:36:73:65:2:129:30:113:3:11:13:99:297:16:121:16:176:181:69:59:34:33:82:151:288:96:127:80:68:40:48:305:73:200:200:49:42:2:54:189:197:272:25:127:50:102:142:134:200:274:215:63:1:22:8:63:14:51:47:70:53:45:88:44:16:279:22:176:39:68:63:181:13:39:59:153:15:50:44:164:37:102:189:247:5:144:67:133:95:24:215:38:55:214:55:96:151:144:33:53:274:42:311:17:174:66:59:44:139:14:48:59:214:121:18:28:55:28:64:217:189:174:171:22:129:252:2:84:277:57:54:23:23:80:147:197:274:139:101:1:67:279:64:45:84:69:40:171:8:64:309:64:282:26:41:44:309:323:217:272:113:66:222:133:15:146:25:282:272:14:232:65:96:39:95:146:182:33:204:197:309:47:282:94:247:292:144:19:176:19:45:8:229:312:68:217:197:131:94:88:114:323:114:114:309:24:70:308:82:102:41:82:184:7:62:153:147:19:21:185:129:182:24:66:187:67:291:132:82:214:84:189:151:187:104:308:67:253:100:130:49:23:142:28:1:185:57:184:131:42:122:146:204:211:122:103:110:223:101:53:130:112:288:3:86:305:119:173:164:173:61:41:43:146:211:184:123:88:80:152:291:226:11:14:164:136:131:256:119:279:180:185:124:49:253:141:124:136:208:153:171:232:162:210:217:237:237:312:123:182:279:128:188:119:256:141:263:117:222:174:135:110:260:96:61:178:165:200:56:187:204:292:104:101:37:37:129:43:149:279:41:42:55:180:282:162:124:237:260:223:178:75:178:290:253:123:153:36:306:135:208:164:291:232:288:75:139:94:220:190:165:103:210:220:207:229:223:43:185:85:275:12:106:9:300:274:100:117:112:149:176:300:199:306:85:194:258:25:75:65:277:290:208:269:291:75:132:305:287:117:104:290:144:232:97:180:141:287:112:134:63:102:165:173:110:247:194:135:194:275:6:215:103:130:210:289:56:5:308:162:190:323:250:245:308:80:56:170:253:236:299:301:131:187:236:121:170:141:269:30:252:203:33:163:16:12:256:271:266:245:258:306:310:170:266:245:236:275:85:220:122:231:271:162:176:117:106:128:190:57:68:300:165:95:260:216:225:287:147:12:268:107:107:79:78:116:168:237:266:85:253:143:107:34:179:211:231:178:143:212:179:78:119:212:114:310:133:199:226:147:210:255:143:173:285:214:289:97:211:43:305:245:107:286:225:268:175:303:255:203:130:239:179:61:17:212:226:293:208:51:116:192:297:170:299:4:324:132:259:275:61:310:271:128:269:85:112:241:269:285:286:324:267:267:239:319:132:84:299:267:65:199:295:241:224:202:79:190:4:286:285:209:177:293:154:299:224:202:99:168:240:287:180:184:227:259:231:188:140:175:64:202:192:258:303:295:143:163:295:154:258:259:100:78:251:256:123:251:268:192:128:174:152:175:255:317:289:130:319:227:240:231:285:122:226:116:203:235:286:110:317:319:219:292:104:281:312:303:281:310:193:205:251:140:219:281:106:242:219:216:238:4:77:234:126:293:119:181:35:289:267:252:242:302:209:163:302:129:105:241:272:152:220:9:97:209:301:77:28:255:238:297:76:242:154:149:325:79:193:140:71:229:87:157:224:301:150:223:239:58:103:235:325:322:216:136:306:303:325:188:284:71:249:58:238:133:250:161:156:317:98:205:32:215:98:241:157:127:157:234:156:177:250:71:98:207:87:161:302:324:249:240:163:191:230:35:247:177:193:116:32:230:77:74:278:111:315:74:254:263:93:284:177:74:320:219:87:321:159:201:222:311:54:320:224:278:201:257:234:225:76:321:32:199:292:230:191:315:322:259:26:278:284:271:150:227:126:316:120:56:240:72:58:201:205:261:161:273:314:93:111:111:263:248:248:283:159:277:81:81:322:254:57:243:35:320:159:312:168:316:115:311:120:283:243:93:314:273:126:264:108:76:324:316:264:108:275:277:58:115:243:261:81:235:315:72:142:254
38,2053,276,0,3113,6:18:142:313:229:13:291:105:249:8:1:11:73:168:34:10:18:10:65:11:7:70:50:15:3:11:313:9:15:62:139:27:27:45:47:17:62:62:6:49:38:69:38:38:7:48:263:207:24:72:40:134:5:283:297:8:34:181:86:30:9:6:47:78:17:95:25:54:105:313:86:134:24:204:10:51:16:50:113:207:30:40:70:27:188:27:72:283:7:15:62:36:21:2:36:88:105:21:51:311:113:121:3:26:249:48:37:99:139:49:50:53:13:36:73:65:2:129:30:113:3:11:13:99:297:16:121:16:176:181:69:59:34:33:82:151:288:96:127:80:68:40:48:305:73:200:200:49:42:2:54:189:197:272:25:127:50:102:142:134:200:274:215:63:1:22:8:63:14:51:47:70:53:45:88:44:16:279:22:176:39:68:63:181:13:39:59:153:15:50:44:164:37:102:189:247:5:144:67:133:95:24:215:38:55:214:55:96:151:144:33:53:274:42:311:17:174:66:59:44:139:14:48:59:214:121:18:28:55:28:64:217:189:174:171:22:129:252:2:84:277:57:54:23:23:80:147:197:274:139:101:1:67:279:64:45:84:69:40:171:8:64:309:64:282:26:41:44:309:323:217:272:113:66:222:133:15:146:25:282:272:14:232:65:96:39:95:146:182:33:204:197:309:47:282:94:247:292:144:19:176:19:45:8:229:312:68:217:197:131:94:88:114:323:114:114:309:24:70:308:82:102:41:82:184:7:62:153:147:19:21:185:129:182:24:66:187:67:291:132:82:214:84:189:151:187:104:308:67:253:100:130:49:23:142:28:1:185:57:184:131:42:122:146:204:211:122:103:110:223:101:53:130:112:288:3:86:305:119:173:164:173:61:41:43:146:211:184:123:88:80:152:291:226:11:14:164:136:131:256:119:279:180:185:124:49:253:141:124:136:208:153:171:232:162:210:217:237:237:312:123:182:279:128:188:119:256:141:263:152:222:174:135:110:260:96:61:178:165:200:56:187:204:292:104:101:37:37:129:43:149:279:41:42:55:180:282:162:124:237:260:223:178:75:178:290:253:123:153:36:306:135:208:164:291:232:288:75:139:94:220:190:165:103:210:220:207:229:223:43:185:85:275:12:106:9:300:274:100:117:112:149:176:300:199:306:85:194:258:25:75:65:277:290:208:269:291:75:132:305:287:117:104:290:144:232:97:180:141:287:112:134:63:102:165:173:110:247:194:135:194:275:6:215:103:130:210:289:56:5:308:162:190:323:250:245:308:80:56:170:253:236:299:301:131:187:236:121:170:141:269:30:252:203:33:163:16:12:256:271:266:245:258:306:310:170:266:245:236:275:85:220:122:231:271:162:176:117:106:128:190:57:68:300:165:95:260:216:225:287:147:12:268:107:107:79:78:116:168:237:266:85:253:143:107:34:179:211:231:178:143:212:179:78:119:212:114:310:133:199:226:147:210:255:143:173:285:214:289:97:211:43:305:245:107:286:225:268:175:303:255:203:130:239:179:61:17:212:226:293:208:51:116:192:297:170:299:4:324:132:259:275:61:310:271:128:269:85:112:241:269:285:286:324:267:267:239:319:132:84:299:267:65:199:295:241:224:202:79:190:4:286:285:209:177:293:154:299:224:202:99:168:240:287:180:184:227:259:231:188:140:175:64:202:192:258:303:295:143:163:295:154:258:259:100:78:251:256:123:251:268:192:128:174:152:175:255:317:289:130:319:227:240:231:285:122:226:116:203:235:286:110:317:319:219:292:104:281:312:303:281:310:193:205:251:140:219:281:106:242:219:216:238:4:77:234:126:293:119:181:35:289:267:252:242:302:209:163:302:129:105:241:272:152:220:9:97:209:301:77:28:255:238:297:76:242:154:149:325:79:193:140:71:229:87:157:224:301:150:223:239:58:103:235:325:322:216:136:306:303:325:188:284:71:249:58:238:133:250:161:156:317:98:205:32:215:98:241:157:127:157:234:156:177:250:71:98:207:87:161:302:324:249:240:163:191:230:35:247:177:193:116:32:230:77:74:278:111:315:74:254:263:93:284:177:74:320:219:87:321:159:201:222:311:54:320:224:278:201:83:234:225:76:321:32:199:292:230:191:315:322:259:26:278:284:271:150:227:126:316:120:56:240:72:58:201:205:261:161:273:314:93:111:111:263:248:248:283:159:277:81:81:322:254:57:243:35:320:159:312:168:316:115:311:120:283:243:93:314:273:126:264:108:76:324:316:264:108:275:277:58:115:243:261:81:235:315:72:142:83
39,2104,276,0,3112,6:18:142:313:229:13:291:105:249:8:1:11:73:168:34:10:18:10:65:11:7:70:50:15:3:11:313:9:15:62:139:27:27:45:47:17:62:62:6:49:38:69:38:38:7:48:263:207:24:72:40:134:5:283:297:8:34:181:86:30:9:6:47:78:17:95:25:54:105:313:86:134:24:204:10:51:16:50:113:207:30:40:70:27:188:27:72:283:7:15:62:36:21:2:36:88:105:21:51:311:113:121:3:26:249:48:37:99:139:49:50:53:13:36:73:65:2:129:30:113:3:11:13:99:297:16:121:16:176:181:69:59:34:33:82:151:288:96:127:80:68:40:48:305:73:200:200:49:42:2:54:189:197:272:25:127:50:102:142:134:200:274:215:63:1:22:8:63:14:51:47:70:53:45:88:44:16:279:22:176:39:68:63:181:13:39:59:153:15:50:44:164:37:102:189:247:5:144:67:133:95:24:215:38:55:214:55:96:151:144:33:53:274:42:311:17:174:66:59:44:139:14:48:59:214:121:18:28:55:28:64:217:189:174:171:22:129:252:2:84:277:57:54:23:23:80:147:197:274:139:101:1:67:279:64:45:84:69:40:171:8:64:309:64:282:26:41:44:309:323:217:272:113:66:222:133:15:146:25:282:272:14:232:65:96:39:95:146:182:33:204:197:309:47:282:94:247:292:144:19:176:19:45:8:229:312:68:217:197:131:94:88:114:323:114:114:309:24:70:308:82:102:41:82:184:7:62:153:147:19:21:185:129:182:24:66:187:67:291:132:82:214:84:189:151:187:104:308:67:253:100:130:49:23:142:28:1:185:57:184:131:42:122:146:204:211:122:103:110:223:101:53:130:112:288:3:86:305:119:173:164:173:61:41:43:146:211:184:123:88:80:152:291:226:11:14:164:136:131:256:119:279:180:185:124:49:253:141:124:136:208:153:171:232:162:210:217:237:237:312:123:182:279:128:188:119:256:141:263:152:222:174:135:110:260:96:61:178:165:200:56:187:204:292:104:101:37:37:129:43:149:279:41:42:55:180:282:162:124:237:260:223:178:75:178:290:253:123:153:36:306:135:208:164:291:232:288:75:139:94:220:190:165:103:210:220:207:229:223:43:185:85:275:12:106:9:300:274:100:117:112:149:176:300:199:306:85:194:258:25:75:65:277:290:208:269:291:75:132:305:287:117:104:290:144:232:97:180:141:287:112:134:63:102:165:173:110:247:194:135:194:275:6:215:103:130:210:289:56:5:308:162:190:323:250:245:308:80:56:170:253:236:299:301:131:187:236:121:170:141:269:30:252:203:33:163:16:12:256:271:266:245:258:306:310:170:266:245:236:275:85:220:122:231:271:162:176:117:106:128:190:57:68:300:165:95:260:216:225:287:147:12:268:107:107:79:78:116:168:237:266:85:253:143:107:34:179:211:231:178:143:212:179:78:119:212:114:310:133:199:226:147:210:255:143:173:285:214:289:97:211:43:305:245:107:286:225:268:175:303:255:203:130:239:179:61:17:212:226:293:208:51:116:192:297:170:299:4:324:132:259:275:61:310:271:128:269:85:112:241:269:285:286:324:267:267:239:319:132:84:299:267:65:199:295:241:224:202:79:190:4:286:285:209:177:293:154:299:224:202:99:168:240:287:180:184:227:259:231:188:140:175:64:202:192:258:303:295:143:163:295:154:258:259:100:78:251:256:123:251:268:192:128:174:152:175:255:317:289:130:319:227:240:231:285:122:226:116:203:235:286:110:317:319:219:292:104:281:312:303:281:310:193:205:251:140:219:281:106:242:219:216:238:4:77:234:126:293:119:181:35:289:267:252:242:302:209:163:302:129:105:241:272:152:220:9:97:209:301:77:28:255:238:297:76:242:154:149:325:79:193:140:71:229:87:157:224:301:150:223:239:58:103:235:325:322:216:136:306:303:325:188:284:71:249:58:238:133:250:161:156:317:98:205:32:215:98:241:157:127:157:234:156:177:250:71:98:207:87:161:302:324:249:240:163:191:230:35:247:177:193:116:32:230:77:74:278:111:315:74:254:263:83:284:177:74:320:219:87:321:159:201:222:311:54:320:224:278:201:83:234:225:76:321:32:199:292:230:191:315:322:259:26:278:284:271:150:227:126:316:120:56:240:72:58:201:205:261:161:273:314:93:111:111:263:248:248:283:159:277:81:81:322:254:57:243:35:320:159:312:168:316:115:311:120:283:243:93:314:273:126:264:108:76:324:316:264:108:275:277:58:115:243:261:81:235:314:72:142:254
40,2155,276,0,3111,6:18:142:313:229:13:291:105:249:8:1:11:73:168:34:10:18:10:65:11:7:70:50:15:3:11:313:9:15:62:139:27:27:45:47:17:62:62:6:49:38:69:38:38:7:48:263:207:24:72:40:134:5:283:297:8:34:181:86:30:9:6:47:78:17:95:25:54:105:313:86:134:24:204:10:51:16:50:113:207:30:40:70:27:188:27:72:283:7:15:62:36:21:2:36:88:105:21:51:311:113:121:3:26:249:48:37:99:139:49:50:53:13:36:73:65:2:129:30:113:3:11:13:99:297:16:121:16:176:181:69:59:34:33:82:151:288:96:127:80:68:40:48:305:73:200:200:49:42:2:54:189:197:272:25:127:50:102:142:134:200:274:215:63:1:22:8:63:14:51:47:70:53:45:88:44:16:279:22:176:39:68:63:181:13:39:59:153:15:50:44:164:37:102:189:247:5:144:67:133:95:24:215:38:55:214:55:96:151:144:33:53:274:42:311:17:174:66:59:44:139:14:48:59:214:121:18:28:55:28:64:217:189:174:171:22:129:252:2:84:277:57:54:23:23:80:147:197:274:139:101:1:67:279:64:45:84:69:40:171:8:64:309:64:282:26:41:44:309:323:217:272:113:66:222:133:15:146:25:282:272:14:232:65:96:39:95:146:182:33:204:197:309:47:282:94:247:292:144:19:176:19:45:8:229:312:68:217:197:131:94:88:114:323:114:114:309:24:70:308:82:102:41:82:184:7:62:153:147:19:21:185:129:182:24:66:187:67:291:132:82:214:84:189:151:187:104:308:67:253:100:130:49:23:142:28:1:185:57:184:131:42:122:146:204:211:122:103:110:223:101:53:130:112:288:3:86:305:119:173:164:173:61:41:43:146:211:184:123:88:80:152:291:226:11:14:164:136:131:256:119:279:180:185:124:49:253:141:124:136:208:153:171:232:162:210:217:237:237:153:123:182:279:128:188:119:256:141:263:152:222:174:135:110:260:96:61:178:165:200:56:187:204:292:104:101:37:37:129:43:149:279:41:42:55:180:282:162:124:237:260:223:178:75:178:290:253:123:153:36:306:135:208:164:291:232:288:75:139:94:220:190:165:103:210:220:207:229:223:43:185:85:275:12:106:9:300:274:100:117:112:149:176:300:199:306:85:194:258:25:75:65:277:290:208:269:291:75:132:305:287:117:104:290:144:232:97:180:141:287:112:134:63:102:165:173:110:26:194:135:194:275:6:215:103:130:210:289:56:5:308:162:190:323:250:245:308:80:56:170:253:236:299:301:131:187:236:121:170:141:269:30:252:203:33:163:16:12:256:271:266:245:258:306:310:170:266:245:236:275:85:220:122:312:271:162:176:117:106:128:190:57:68:300:165:95:260:216:225:287:147:12:268:107:107:79:78:116:168:237:266:85:253:143:107:34:179:211:231:178:143:212:179:78:97:212:114:310:133:199:226:147:210:255:143:173:285:214:289:97:211:43:305:245:107:286:225:268:175:303:255:203:130:239:179:61:17:212:226:293:208:51:116:192:297:170:299:4:324:132:259:275:61:310:271:128:269:85:112:241:269:285:286:324:267:267:239:319:132:84:299:267:65:199:295:241:224:202:79:190:4:286:285:209:177:293:154:299:224:202:99:168:240:287:180:184:227:259:231:188:140:175:64:202:192:258:303:295:143:163:295:154:258:259:100:78:251:256:123:251:268:192:128:174:152:175:255:317:289:130:319:227:240:231:285:122:226:116:203:235:286:110:239:319:219:292:104:281:317:303:281:310:193:205:251:140:219:281:106:94:219:216:238:4:77:234:126:293:119:181:35:289:267:252:242:302:209:163:302:129:105:241:272:152:220:9:97:209:301:77:28:255:238:297:76:242:154:149:325:79:193:140:71:229:87:157:224:301:150:223:150:58:103:235:325:322:216:136:306:303:325:188:284:71:249:58:238:133:250:161:156:317:98:205:32:215:98:241:157:127:157:234:156:177:250:71:98:207:87:161:302:324:249:240:163:191:230:35:247:177:193:116:32:230:77:74:278:111:315:74:254:263:83:284:177:74:320:219:87:321:159:201:222:311:54:320:224:278:201:83:234:225:76:321:32:199:292:230:191:315:321:259:26:278:284:271:150:227:126:316:120:56:240:72:58:201:205:261:161:273:314:93:111:111:247:248:248:283:159:83:81:81:322:254:57:243:35:320:159:312:168:316:115:311:120:283:243:93:314:273:126:264:108:76:324:316:264:108:275:277:58:115:243:261:81:235:314:72:142:254
49,2631,276,0,3109,6:18:142:313:229:13:291:105:249:8:1:11:73:168:34:10:18:10:65:11:7:70:50:15:3:11:313:9:15:62:139:27:27:45:47:17:62:62:6:49:38:69:38:38:7:48:263:207:24:72:40:134:5:283:297:8:34:181:86:30:9:6:47:78:17:95:25:54:105:313:86:134:24:204:10:51:16:50:113:207:30:40:70:27:261:27:72:283:7:15:62:36:21:2:36:88:105:21:51:311:113:121:3:26:249:48:37:99:139:49:50:53:13:36:73:65:2:129:30:113:3:11:13:99:297:16:121:16:176:181:69:59:34:33:82:151:288:96:127:80:68:40:48:305:73:200:200:49:42:2:54:189:197:272:25:127:50:102:142:134:200:274:215:63:1:22:8:63:14:51:47:70:53:45:88:44:16:279:22:176:39:68:63:181:13:39:59:153:15:50:44:164:37:102:189:247:5:144:67:133:95:24:215:38:55:214:55:96:151:144:33:53:274:42:311:17:174:66:59:44:139:14:48:59:214:121:18:28:55:28:64:217:189:174:171:22:129:252:2:84:152:57:54:23:23:80:147:197:274:139:101:1:67:279:64:45:84:69:40:171:8:64:309:64:282:26:41:44:309:323:217:272:113:66:222:133:15:146:25:282:272:14:232:65:96:39:95:146:182:33:204:197:309:47:282:94:247:292:144:19:176:19:45:8:229:312:68:217:197:131:94:88:114:323:114:114:309:24:70:308:82:102:41:82:184:7:62:153:147:19:21:185:129:182:24:66:187:67:291:132:82:214:84:189:151:187:104:308:67:253:100:130:49:23:142:28:1:185:57:184:131:42:122:146:204:211:122:103:110:223:101:53:130:112:288:3:86:305:119:173:164:173:61:41:43:146:211:184:123:88:80:152:291:226:11:14:164:136:131:256:119:279:28:185:124:49:253:141:124:136:208:153:171:232:162:210:217:237:237:153:123:182:279:128:135:119:256:141:263:117:222:174:135:110:260:96:61:178:165:200:56:187:204:292:104:101:37:37:129:43:149:279:41:42:55:180:282:162:124:237:260:223:178:75:178:290:253:123:153:36:306:135:208:164:291:232:288:75:139:94:220:190:165:103:210:220:207:229:223:43:185:85:275:12:106:9:300:274:100:117:112:149:176:300:199:306:85:194:258:25:75:65:277:290:208:269:291:75:132:305:287:117:104:290:144:232:97:180:141:287:112:134:63:102:165:173:110:26:194:135:194:275:6:215:103:130:210:289:56:5:127:162:190:323:250:245:308:80:56:170:253:236:299:301:131:187:236:121:170:141:269:30:252:203:33:163:16:12:256:271:266:245:258:306:310:170:266:245:236:275:85:220:122:312:271:162:176:117:106:128:190:57:68:300:165:95:260:216:225:287:147:12:268:107:107:79:78:116:168:237:266:85:253:143:107:34:179:211:79:178:143:212:179:78:97:212:114:310:133:199:226:147:210:255:143:173:285:214:289:97:211:43:305:245:107:286:72:268:311:303:255:203:130:239:179:61:17:212:226:293:208:51:116:192:297:170:299:4:324:132:259:275:61:310:271:128:269:85:112:241:269:285:286:324:267:267:239:319:132:84:299:267:65:199:295:241:224:202:227:190:4:286:285:209:188:293:154:299:224:202:99:168:240:287:180:184:227:259:231:188:140:175:64:202:192:258:303:295:143:163:295:154:258:259:100:78:175:256:123:251:268:192:128:174:231:175:255:317:289:130:319:227:240:231:285:122:226:116:203:235:286:110:116:319:219:292:104:281:317:303:281:310:193:205:251:140:219:69:106:94:219:216:238:225:77:234:126:293:119:277:35:289:267:252:242:302:209:163:302:129:105:241:272:152:220:9:97:209:301:77:277:255:238:297:76:242:154:149:325:79:193:140:71:229:87:157:224:301:150:223:150:58:103:235:325:308:216:136:306:303:325:251:284:71:249:58:238:133:250:161:156:317:98:205:316:215:98:241:157:315:157:234:156:177:250:71:98:207:87:161:302:324:249:240:163:191:230:35:247:177:193:254:32:230:77:74:278:111:315:74:254:263:83:284:177:74:320:219:87:321:159:201:222:311:54:320:224:278:201:83:234:225:76:321:32:199:292:230:191:315:321:259:26:278:284:271:150:227:126:316:120:56:240:316:58:79:205:108:161:273:322:93:111:111:263:248:248:283:159:83:81:81:322:159:57:243:35:320:239:312:168:316:115:4:120:283:243:93:314:242:126:264:32:76:324:281:264:108:314:277:58:115:243:273:81:235:314:72:142:254
50,2682,277,0,3107,6:18:142:313:229:13:291:105:249:8:1:11:73:168:34:10:18:10:65:11:7:70:50:15:3:11:313:9:15:62:139:27:27:45:47:17:62:62:6:49:38:69:38:38:7:48:263:207:24:72:40:134:5:283:297:8:34:181:86:30:9:6:47:78:17:95:25:54:105:313:86:134:24:204:10:51:16:50:113:207:30:40:70:27:261:27:72:283:7:15:62:36:21:2:36:88:105:21:51:311:113:121:3:26:249:48:37:99:139:49:50:53:13:36:73:65:2:129:30:113:3:11:13:99:297:16:121:16:176:181:69:59:34:33:82:151:288:96:127:80:68:40:48:305:73:200:200:49:42:2:54:189:197:272:25:127:50:102:142:134:200:274:215:63:1:22:8:63:14:51:47:70:53:45:88:44:16:279:22:176:39:68:63:181:13:39:59:153:15:50:44:164:37:102:189:247:5:144:67:133:95:24:215:38:55:214:55:96:151:144:33:53:274:42:311:17:174:66:59:44:139:14:48:59:214:121:18:28:55:28:64:217:189:174:171:22:129:252:2:84:152:57:54:23:23:80:147:197:274:139:101:1:67:279:64:45:84:69:40:171:8:64:309:64:282:26:41:44:309:323:217:272:113:66:222:133:15:146:25:282:272:14:232:65:96:39:95:146:182:33:204:197:309:47:282:94:247:292:144:19:176:19:45:8:229:312:68:217:197:131:94:88:114:323:114:114:309:24:70:308:82:102:41:82:184:7:62:153:147:19:21:185:129:182:24:66:187:67:291:132:82:214:84:189:151:187:104:308:67:253:100:130:49:23:142:28:1:185:57:184:131:42:122:146:204:211:122:103:110:223:101:53:130:112:288:3:86:305:119:173:164:173:61:41:43:146:211:184:123:88:80:152:291:226:11:14:164:136:131:256:119:279:28:185:124:49:253:141:124:136:208:153:171:232:162:210:217:237:237:153:123:182:279:128:135:119:256:141:263:117:222:174:135:110:260:96:61:178:165:200:56:187:204:292:104:101:37:37:129:43:149:279:41:42:55:180:282:162:124:237:260:223:178:75:178:290:253:123:153:36:306:135:208:164:291:232:288:75:139:94:220:190:165:103:210:220:207:229:223:43:185:85:275:12:106:9:300:274:100:117:112:149:176:300:199:306:85:194:258:25:75:65:277:290:208:269:291:75:132:305:287:117:104:290:144:232:97:180:141:287:112:134:63:102:165:173:110:26:194:135:194:275:6:215:103:130:210:289:56:5:127:162:190:323:250:245:308:80:56:170:253:236:299:301:131:187:236:121:170:141:269:30:252:203:33:163:16:12:256:271:266:245:258:306:310:170:266:245:236:275:85:220:122:312:271:162:176:117:106:128:190:57:68:300:165:95:260:261:225:287:147:12:268:107:107:79:78:116:168:237:266:85:253:143:107:34:179:211:79:178:143:212:179:78:97:212:114:310:133:199:226:147:210:255:143:173:285:214:289:97:211:43:305:245:107:286:72:268:311:303:255:203:130:239:179:61:17:212:226:293:208:51:116:192:297:170:299:4:324:132:259:275:61:310:271:128:269:85:112:241:269:285:286:324:267:267:239:319:132:84:299:267:65:199:295:241:224:202:227:190:4:286:285:209:188:293:154:299:224:202:99:168:240:287:180:184:227:259:231:188:140:175:64:202:192:258:303:295:143:163:295:154:258:259:100:78:175:256:123:251:268:192:128:174:231:175:255:317:289:130:319:227:240:231:285:122:226:116:203:235:286:110:116:319:219:292:104:281:317:303:281:310:193:205:251:140:219:69:106:94:219:216:238:225:77:234:126:293:119:277:35:289:267:252:242:302:209:163:302:129:105:241:272:152:220:9:97:209:301:77:277:255:238:297:76:242:154:149:325:79:193:140:71:229:87:157:224:301:150:223:150:58:103:235:325:308:216:136:306:303:325:251:284:71:249:58:238:133:250:161:156:317:98:205:316:215:98:241:157:315:157:234:156:177:250:71:98:207:87:161:302:324:249:240:163:191:230:35:247:177:193:254:32:230:77:74:278:111:315:74:254:263:83:284:177:74:320:219:87:321:159:201:222:311:54:320:224:278:201:83:234:225:76:321:32:199:292:230:191:315:321:259:26:278:284:271:150:227:126:316:120:56:240:316:58:79:205:108:161:273:322:93:111:111:263:248:248:283:159:83:81:81:322:159:57:243:35:320:239:312:168:316:115:4:120:283:243:93:314:242:126:264:32:76:324:281:264:108:314:277:58:115:243:273:81:235:314:72:142:257
51,2733,276,0,3106,6:18:142:313:229:13:291:105:249:8:1:11:73:168:34:10:18:10:65:11:7:70:50:15:3:11:313:9:15:62:139:27:27:45:47:17:62:62:6:49:38:69:38:38:7:48:263:207:24:72:40:134:5:283:297:8:34:181:86:30:9:6:47:78:17:95:25:54:105:313:86:134:24:204:10:51:16:50:113:207:30:40:70:27:261:27:72:283:7:15:62:36:21:2:36:88:105:21:51:311:113:121:3:26:249:48:37:99:139:49:50:53:13:36:73:65:2:129:30:113:3:11:13:99:297:16:121:16:176:181:69:59:34:33:82:151:288:96:127:80:68:40:48:305:73:200:200:49:42:2:54:189:197:272:25:127:50:102:142:134:200:274:215:63:1:22:8:63:14:51:47:70:53:45:88:44:16:279:22:176:39:68:63:181:13:39:59:153:15:50:44:164:37:102:189:247:5:144:67:133:95:24:215:38:55:214:55:96:151:144:33:53:274:42:311:17:174:66:59:44:139:14:48:59:214:121:18:28:55:28:64:217:189:174:171:22:129:252:2:84:152:57:54:23:23:80:147:197:274:139:101:1:67:279:64:45:84:69:40:171:8:64:309:64:282:26:41:44:309:323:217:272:113:66:222:133:15:146:25:282:272:14:232:65:96:39:95:146:182:33:204:197:309:47:282:94:247:292:144:19:176:19:45:8:229:312:68:217:197:131:94:88:114:323:114:114:309:24:70:308:82:102:41:82:184:7:62:153:147:19:21:185:129:182:24:66:187:67:291:132:82:214:84:189:151:187:104:308:67:253:100:130:49:23:142:28:1:185:57:184:131:42:122:146:204:211:122:103:110:223:101:53:130:112:288:3:86:305:119:173:164:173:61:41:43:146:211:184:123:88:80:152:291:226:11:14:164:136:131:256:119:279:28:185:124:49:253:141:124:136:208:153:171:232:162:210:217:237:237:153:123:182:279:128:135:119:256:141:263:117:222:174:135:110:260:96:61:178:165:200:56:187:204:292:104:101:37:37:129:43:149:279:41:42:55:180:282:162:124:237:260:223:178:75:178:290:253:123:153:36:306:135:208:164:291:232:288:75:139:94:220:190:165:103:210:220:207:229:223:43:185:85:275:12:106:9:300:274:100:117:112:149:176:300:199:306:85:194:258:25:75:65:277:290:208:269:291:75:132:305:287:117:104:290:144:232:97:180:141:287:112:134:63:102:165:173:110:26:194:135:194:275:6:215:103:130:210:289:56:5:127:162:190:323:250:245:308:80:56:170:253:236:299:301:131:187:236:121:170:141:269:30:252:203:33:163:16:12:256:271:266:245:258:306:310:170:266:245:236:275:85:220:122:312:271:162:176:117:106:128:190:57:68:300:165:95:260:261:225:287:147:12:268:107:107:79:78:116:168:237:266:85:253:143:107:34:179:211:79:178:143:212:179:78:97:212:114:310:133:199:226:147:210:255:143:173:285:214:289:97:211:43:305:245:107:286:72:268:311:303:255:203:130:239:179:61:17:212:226:293:208:51:116:192:297:170:299:4:324:132:259:275:61:310:271:128:269:85:112:241:269:285:286:324:267:267:239:319:132:84:299:267:65:199:295:241:224:202:227:190:4:286:285:209:188:293:154:299:224:202:99:168:240:287:180:184:227:259:231:188:140:175:64:202:192:258:303:295:143:163:295:154:258:259:100:78:175:256:123:251:268:192:128:174:231:175:255:317:289:130:319:227:240:231:285:122:226:116:203:235:286:110:116:319:219:292:104:281:317:303:281:310:193:205:251:140:219:69:106:94:219:216:238:225:77:234:126:293:119:277:35:289:267:252:242:302:209:163:302:129:105:241:272:152:220:9:97:209:301:77:277:255:238:297:76:242:154:149:325:79:193:140:71:229:87:157:224:301:150:223:150:58:103:235:325:308:216:136:306:303:325:251:284:71:249:58:238:133:250:161:156:317:98:205:316:215:98:241:157:315:157:234:156:177:250:71:98:207:87:161:302:324:249:240:163:191:230:35:247:177:193:254:32:230:77:74:278:111:315:74:254:263:83:284:177:74:320:219:87:321:159:201:222:311:54:320:224:278:201:83:234:225:76:321:32:199:292:230:191:315:321:259:26:278:284:271:150:227:126:316:120:56:240:316:58:79:205:108:161:273:322:93:111:111:263:248:248:283:159:83:81:81:322:159:57:243:35:320:239:312:168:316:115:4:120:283:243:93:314:242:126:264:32:76:324:281:264:108:314:277:58:115:243:273:81:235:314:72:142:254
52,2784,276,0,3105,6:18:142:313:229:13:291:105:249:8:1:11:73:168:34:10:18:10:65:11:7:70:50:15:3:11:313:9:15:62:139:27:27:45:47:17:62:62:6:49:38:69:38:38:7:48:263:207:24:72:40:134:5:283:297:8:34:181:86:30:9:6:47:78:17:95:25:54:105:313:86:134:24:204:10:51:16:50:113:207:30:40:70:27:261:27:72:283:7:15:62:36:21:2:36:88:105:21:51:311:113:121:3:26:249:48:37:99:139:49:50:53:13:36:73:65:2:129:30:113:3:11:13:99:297:16:121:16:176:181:69:59:34:33:82:151:288:96:127:80:68:40:48:305:73:200:200:49:42:2:54:189:197:272:25:127:50:102:142:134:200:274:215:63:1:22:8:63:14:51:47:70:53:45:88:44:16:279:22:176:39:68:63:181:13:39:59:153:15:50:44:164:37:102:189:247:5:144:67:133:95:24:215:38:55:214:55:96:151:144:33:53:274:42:311:17:174:66:59:44:139:14:48:59:214:121:18:28:55:28:64:217:189:174:171:22:129:252:2:84:152:57:54:23:23:80:147:197:274:139:101:1:67:279:64:45:84:69:40:171:8:64:309:64:282:26:41:44:309:323:217:272:113:66:222:133:15:146:25:282:272:14:232:65:96:39:95:146:182:33:204:197:309:47:282:94:247:292:144:19:176:19:45:8:229:312:68:217:197:131:94:88:114:323:114:114:309:24:70:308:82:102:41:82:184:7:62:153:147:19:21:185:129:182:24:66:187:67:291:132:82:214:84:189:151:187:104:308:67:253:100:130:49:23:142:28:1:185:57:184:131:42:122:146:204:211:122:103:110:223:101:53:130:112:288:3:86:305:119:173:164:173:61:41:43:146:211:184:123:88:80:152:291:226:11:14:164:136:131:256:119:279:28:185:124:49:253:141:124:136:208:153:171:232:162:210:217:237:237:153:123:182:279:128:135:119:256:141:263:117:222:174:135:110:260:96:61:178:165:200:56:187:204:292:104:101:37:37:129:43:149:279:41:42:55:180:282:162:124:237:260:223:178:75:178:290:253:123:153:36:306:135:208:164:291:232:288:75:139:94:220:190:165:103:210:220:207:229:223:43:185:85:275:12:106:9:300:274:100:117:112:149:176:300:199:306:85:194:258:25:75:65:277:290:208:269:291:75:132:305:287:117:104:290:144:232:97:180:141:287:112:134:63:102:165:173:110:26:194:135:194:275:6:215:103:130:210:289:56:5:127:162:190:323:250:245:308:80:56:170:253:236:299:301:131:187:236:121:170:141:269:30:252:203:33:163:16:12:256:271:266:245:258:306:310:170:266:245:236:275:85:220:122:312:271:162:176:117:106:128:190:57:68:300:165:95:260:261:225:287:147:12:268:107:107:79:78:116:168:237:266:85:253:143:107:34:179:211:79:178:143:212:179:78:97:212:114:310:133:199:226:147:210:255:143:173:285:214:289:97:211:43:305:245:107:286:72:268:311:303:255:203:130:239:179:61:17:212:226:293:208:51:116:192:297:170:299:4:324:132:259:275:61:310:271:128:269:85:112:241:269:285:286:324:267:267:239:319:132:84:299:267:65:199:295:241:224:202:227:190:4:286:285:209:188:293:154:299:224:202:99:168:240:287:180:184:227:259:231:188:140:175:64:202:192:258:303:295:143:163:295:154:258:259:100:78:175:256:123:251:268:192:128:174:231:175:255:317:289:130:319:227:240:231:285:122:226:116:203:235:286:110:116:319:219:292:104:281:317:303:281:310:193:205:251:140:219:69:106:94:219:216:238:225:77:234:126:293:119:277:35:289:267:252:242:302:209:163:302:129:105:241:272:152:220:9:97:209:301:77:277:255:238:297:76:242:154:149:325:79:193:140:71:229:87:157:224:301:150:223:150:58:103:235:325:308:216:136:306:303:325:251:284:71:249:58:238:133:250:161:156:317:98:205:316:215:98:241:157:315:157:234:156:177:250:71:98:207:87:161:302:324:249:240:163:191:230:35:247:177:193:254:32:230:77:74:278:111:315:74:254:263:83:284:177:74:320:219:87:321:216:201:222:311:54:320:224:278:201:83:234:225:76:321:32:199:292:230:191:315:321:259:26:278:284:271:150:227:126:316:120:56:240:316:58:79:205:108:161:273:322:93:111:111:263:248:248:283:159:83:81:81:322:159:57:243:35:320:239:312:168:316:115:4:120:283:243:93:314:242:126:264:32:76:324:281:264:108:314:277:58:115:243:273:81:235:314:72:142:254
53,2835,276,0,3103,6:18:142:313:229:13:291:105:249:8:1:11:73:168:34:10:18:10:65:11:7:70:50:15:3:11:313:9:15:62:139:27:27:261:47:17:62:62:6:49:38:69:38:38:7:48:263:207:24:72:40:134:5:283:297:8:34:181:86:30:9:6:47:78:17:95:25:54:105:313:86:134:24:204:10:51:16:50:113:207:30:40:70:27:261:27:72:283:7:15:62:36:21:2:36:88:105:21:51:311:113:121:3:26:249:48:37:99:139:49:50:53:13:36:73:65:2:129:30:113:3:11:13:99:297:16:121:16:176:181:69:59:34:33:82:151:288:96:127:80:68:40:48:305:73:200:200:49:42:2:54:189:197:272:25:127:50:102:142:134:200:274:215:63:1:22:8:63:14:51:47:70:53:45:88:44:16:279:22:176:39:68:63:181:13:39:59:153:15:50:44:164:37:102:189:247:5:144:67:133:95:24:215:38:55:214:55:96:151:144:33:53:274:42:311:17:174:66:59:44:139:14:48:59:214:121:18:28:55:28:64:217:189:174:171:22:129:252:2:84:152:57:54:23:23:80:147:197:274:139:101:1:67:279:64:45:84:69:40:171:8:64:309:64:282:26:41:44:309:323:217:272:113:66:222:133:15:146:25:282:272:14:232:65:96:39:95:146:182:33:204:197:309:47:282:94:247:292:144:19:176:19:45:8:229:312:68:217:197:131:94:88:114:323:114:114:309:24:70:308:82:102:41:82:184:7:62:153:147:19:21:185:129:182:24:66:187:67:291:132:82:214:84:189:151:187:104:308:67:253:100:130:49:23:142:28:1:185:57:184:131:42:122:146:204:211:122:103:110:223:101:53:130:112:288:3:86:305:119:173:164:173:61:41:43:146:211:184:123:88:80:152:291:226:11:14:164:136:131:256:119:279:28:185:124:49:253:141:124:136:208:153:171:232:162:210:217:237:237:153:123:182:279:128:135:119:256:141:263:117:222:174:135:110:260:96:61:178:165:200:56:187:204:292:104:101:37:37:129:43:149:279:41:42:55:180:282:162:124:237:260:223:178:75:178:290:253:123:153:36:306:135:208:164:291:232:288:75:139:94:220:190:165:103:210:220:207:229:223:43:185:85:275:12:106:9:300:274:100:117:112:149:176:300:199:306:85:194:258:25:75:65:277:290:208:269:291:75:132:305:287:117:104:290:144:232:97:180:141:287:112:134:63:102:165:173:110:26:194:135:194:275:6:215:103:130:210:289:56:5:127:162:190:323:250:245:308:80:56:170:253:236:299:301:131:187:236:121:170:141:269:30:252:203:33:163:16:12:256:271:266:245:258:306:310:170:266:245:236:275:85:220:122:312:271:162:176:117:106:128:190:57:68:300:165:95:260:261:225:287:147:12:268:107:107:79:78:116:168:237:266:85:253:143:107:34:179:211:79:178:143:212:179:78:97:212:114:310:133:199:226:147:210:255:143:173:285:214:289:97:211:43:305:245:107:286:72:268:311:303:255:203:130:239:179:61:17:212:226:293:208:51:116:192:297:170:299:4:324:132:259:275:61:310:271:128:269:85:112:241:269:285:286:324:267:267:239:319:132:84:299:267:65:199:295:241:224:202:227:190:4:286:285:209:188:293:154:299:224:202:99:168:240:287:180:184:227:259:231:188:140:175:64:202:192:258:303:295:143:163:295:154:258:259:100:78:175:256:123:251:268:192:128:174:231:175:255:317:289:130:319:227:240:231:285:122:226:116:203:235:286:110:116:319:219:292:104:281:317:303:281:310:193:205:251:140:219:69:106:94:219:216:238:225:77:234:126:293:119:277:35:289:267:252:242:302:209:163:302:129:105:241:272:152:220:9:97:209:301:77:277:255:238:297:76:242:154:149:325:79:193:140:71:229:87:157:224:301:150:223:150:58:103:235:325:308:216:136:306:303:325:251:284:71:249:58:238:133:250:161:156:317:98:205:316:215:98:241:157:315:157:234:156:177:250:71:98:207:87:161:302:324:249:240:163:191:230:35:247:177:193:254:32:230:77:74:278:111:315:74:254:263:83:284:177:74:320:219:87:321:216:201:222:311:54:320:224:278:201:83:234:225:76:321:32:199:292:230:191:315:321:259:26:278:284:271:150:227:126:316:120:56:240:316:58:79:205:108:161:273:322:93:111:111:263:248:248:283:159:83:81:81:322:159:57:243:35:320:239:312:168:316:115:4:120:283:243:93:314:242:126:264:32:76:324:281:264:108:314:277:58:115:243:273:81:235:314:72:142:254
54,2886,276,0,3102,6:18:142:313:229:13:291:105:249:8:1:11:73:168:34:10:18:10:65:11:7:70:50:15:3:11:313:9:15:62:139:27:27:261:47:17:62:62:6:49:38:69:38:38:7:48:263:207:24:72:40:134:5:283:297:8:34:181:86:30:9:6:47:78:17:95:25:54:105:313:86:134:24:204:10:51:16:50:113:207:30:40:70:27:261:27:72:283:7:15:62:36:21:2:36:88:105:21:51:311:113:121:3:26:249:48:37:99:139:49:50:53:13:36:73:65:2:129:30:113:3:11:13:99:297:16:121:16:176:181:69:59:34:33:82:151:288:96:127:80:68:40:48:305:73:200:200:49:42:2:54:45:197:272:25:127:50:102:142:134:200:274:215:63:1:22:8:63:14:51:47:70:53:45:88:44:16:279:22:176:39:68:63:181:13:39:59:153:15:50:44:164:37:102:189:247:5:144:67:133:95:24:215:38:55:214:55:96:151:144:33:53:274:42:311:17:174:66:59:44:139:14:48:59:214:121:18:28:55:28:64:217:189:174:171:22:129:252:2:84:152:57:54:23:23:80:147:197:274:139:101:1:67:279:64:45:84:69:40:171:8:64:309:64:282:26:41:44:309:323:217:272:113:66:222:133:15:146:25:282:272:14:232:65:96:39:95:146:182:33:204:197:309:47:282:94:247:292:144:19:176:19:45:8:229:312:68:217:197:131:94:88:114:323:114:114:309:24:70:308:82:102:41:82:184:7:62:153:147:19:21:185:129:182:24:66:187:67:291:132:82:214:84:189:151:187:104:308:67:253:100:130:49:23:142:28:1:185:57:184:131:42:122:146:204:211:122:103:110:223:101:53:130:112:288:3:86:305:119:173:164:173:61:41:43:146:211:184:123:88:80:152:291:226:11:14:164:136:131:256:119:279:28:185:124:49:253:141:124:136:208:153:171:232:162:210:217:237:237:153:123:182:279:128:135:119:256:141:263:117:222:174:135:110:260:96:61:178:165:200:56:187:204:292:104:101:37:37:129:43:149:279:41:42:55:180:282:162:124:237:260:223:178:75:178:290:253:123:153:36:306:135:208:164:291:232:288:75:139:94:220:190:165:103:210:220:207:229:223:43:185:85:275:12:106:9:300:274:100:117:112:149:176:300:199:306:85:194:258:25:75:65:277:290:208:269:291:75:132:305:287:117:104:290:144:232:97:180:141:287:112:134:63:102:165:173:110:26:194:135:194:275:6:215:103:130:210:289:56:5:127:162:190:323:250:245:308:80:56:170:253:236:299:301:131:187:236:121:170:141:269:30:252:203:33:163:16:12:256:271:266:245:258:306:310:170:266:245:236:275:85:220:122:312:271:162:176:117:106:128:190:57:68:300:165:95:260:261:225:287:147:12:268:107:107:79:78:116:168:237:266:85:253:143:107:34:179:211:79:178:143:212:179:78:97:212:114:310:133:199:226:147:210:255:143:173:285:214:289:97:211:43:305:245:107:286:72:268:311:303:255:203:130:239:179:61:17:212:226:293:208:51:116:192:297:170:299:4:324:132:259:275:61:310:271:128:269:85:112:241:269:285:286:324:267:267:239:319:132:84:299:267:65:199:295:241:224:202:227:190:4:286:285:209:188:293:154:299:224:202:99:168:240:287:180:184:227:259:231:188:140:175:64:202:192:258:303:295:143:163:295:154:258:259:100:78:175:256:123:251:268:192:128:174:231:175:255:317:289:130:319:227:240:231:285:122:226:116:203:235:286:110:116:319:219:292:104:281:317:303:281:310:193:205:251:140:219:69:106:94:219:216:238:225:77:234:126:293:119:277:35:289:267:252:242:302:209:163:302:129:105:241:272:152:220:9:97:209:301:77:277:255:238:297:76:242:154:149:325:79:193:140:71:229:87:157:224:301:150:223:150:58:103:235:325:308:216:136:306:303:325:251:284:71:249:58:238:133:250:161:156:317:98:205:316:215:98:241:157:315:157:234:156:177:250:71:98:207:87:161:302:324:249:240:163:191:230:35:247:177:193:254:32:230:77:74:278:111:315:74:254:263:83:284:177:74:320:219:87:321:216:201:222:311:54:320:224:278:201:83:234:225:76:321:32:199:292:230:191:315:321:259:26:278:284:271:150:227:126:316:120:56:240:316:58:79:205:108:161:273:322:93:111:111:263:248:248:283:159:83:81:81:322:159:57:243:35:320:239:312:168:316:115:4:120:283:243:93:314:242:126:264:32:76:324:281:264:108:314:277:58:115:243:273:81:235:314:72:142:254
55,2937,276,0,3100,6:18:142:313:229:13:291:105:249:8:1:11:73:168:34:10:18:10:65:11:7:70:50:15:3:11:313:9:15:62:139:27:27:261:47:17:62:62:6:49:38:69:38:38:7:48:263:207:24:72:40:134:5:283:297:8:34:181:86:30:9:6:47:78:17:95:25:54:105:313:86:134:24:204:10:51:16:50:113:207:30:40:70:27:261:27:72:283:7:15:62:36:21:2:36:88:105:21:51:311:113:121:3:26:249:48:37:99:139:49:50:53:13:36:73:65:2:129:30:113:3:11:13:99:297:16:121:16:176:181:69:59:34:33:82:151:288:96:127:80:68:40:48:305:73:200:200:49:42:2:54:45:197:272:25:127:50:102:142:134:200:274:215:63:1:22:8:63:14:51:47:70:53:45:88:44:16:279:22:176:39:68:63:181:13:39:59:153:15:50:44:164:37:102:189:247:5:144:67:133:95:24:215:38:55:214:55:96:151:144:33:53:274:42:311:17:174:66:59:44:139:14:48:59:214:121:18:28:55:28:64:217:288:174:171:22:129:252:2:84:152:57:54:23:23:80:147:197:274:139:101:1:67:279:64:45:84:69:40:171:8:64:309:64:282:26:41:44:309:323:217:272:113:66:222:133:15:146:25:282:272:14:232:65:96:39:95:146:182:33:204:197:309:47:282:94:247:292:144:19:176:19:45:8:229:312:68:217:197:131:94:88:114:323:114:114:309:24:70:308:82:102:41:82:184:7:62:153:147:19:21:185:129:182:24:66:187:67:291:132:82:214:84:189:151:187:189:308:67:253:100:130:49:23:142:28:1:185:57:184:131:42:122:146:204:211:122:103:110:223:101:53:130:112:288:3:86:305:119:173:164:173:61:41:43:146:211:184:123:88:80:152:291:226:11:14:164:136:131:256:119:279:28:185:124:49:253:141:124:136:208:153:171:232:162:210:217:237:237:153:123:182:279:128:135:119:256:141:263:117:222:174:135:110:260:96:61:178:165:200:56:187:204:292:104:101:37:37:129:43:149:279:41:42:55:180:282:162:124:237:260:223:178:75:178:290:253:123:153:36:306:135:208:164:291:232:288:75:139:94:220:190:165:103:210:220:207:229:223:43:185:85:275:12:106:9:300:274:100:117:112:149:176:300:199:306:85:194:258:25:75:65:277:290:208:269:291:75:132:305:287:117:104:290:144:232:97:180:141:287:112:134:63:102:165:173:110:247:194:135:194:275:6:215:103:130:210:289:56:5:127:162:190:323:250:245:308:80:56:170:253:236:299:301:131:187:236:121:170:141:269:30:252:203:33:163:16:12:256:271:266:245:258:306:310:170:266:245:236:275:85:220:122:312:271:162:176:117:106:128:190:57:68:300:165:95:260:261:225:287:147:12:268:107:107:79:78:116:168:237:266:85:253:143:107:34:179:211:79:178:143:212:179:78:119:212:114:310:133:199:226:147:210:255:143:173:285:214:289:97:211:43:305:245:107:286:72:268:311:303:255:203:130:239:179:61:17:212:226:293:208:51:116:192:297:170:299:4:324:132:259:275:61:310:271:128:269:85:112:241:269:285:286:324:267:267:239:319:132:84:299:267:65:199:295:241:224:202:227:190:4:286:285:209:188:293:154:299:224:202:99:168:240:287:180:184:227:259:231:188:140:175:64:202:192:258:303:295:143:163:295:154:258:259:100:78:175:256:123:251:268:192:128:174:231:175:255:317:289:130:319:227:240:231:285:122:226:116:203:235:286:110:116:319:219:292:104:281:317:303:281:310:193:205:251:140:219:69:106:236:219:216:238:225:77:234:126:293:119:277:35:289:267:252:242:302:209:163:302:129:105:241:272:152:220:9:97:209:301:77:277:255:238:297:76:242:154:149:325:79:193:140:71:229:87:157:224:301:150:223:239:58:103:235:325:308:216:136:188:303:325:251:284:71:249:58:238:133:250:161:156:317:98:205:316:215:98:241:157:315:157:234:156:177:250:71:98:207:87:161:302:324:249:240:163:191:230:35:247:177:193:254:32:230:77:74:278:111:315:74:254:263:83:284:177:74:320:219:87:321:216:201:222:311:54:320:224:278:201:83:234:225:76:321:32:199:292:230:191:315:321:259:26:278:284:271:150:227:126:316:120:56:240:316:325:79:205:108:161:273:314:93:111:111:313:248:248:283:159:83:81:81:322:159:57:243:35:320:201:312:168:316:115:4:120:189:243:93:314:242:126:264:32:76:324:281:264:108:275:277:58:115:243:273:81:235:314:72:142:322
60,3201,276,0,3099,6:18:142:313:229:13:291:105:249:8:1:11:73:168:34:10:18:10:65:11:7:70:50:15:3:11:313:9:15:62:139:27:27:261:47:17:62:62:6:49:38:69:38:38:7:48:263:207:24:72:40:134:5:283:297:8:34:181:86:30:9:6:47:78:17:95:25:54:105:313:86:134:24:204:10:51:16:50:113:207:30:40:70:27:261:27:72:283:7:15:62:36:21:2:36:88:105:21:51:311:113:121:3:26:249:48:37:99:139:49:50:53:13:36:73:65:2:129:30:113:3:11:13:99:297:16:121:16:176:181:69:59:34:33:82:151:288:96:127:80:68:40:48:305:73:200:200:49:42:2:54:45:197:272:25:127:50:102:142:134:200:274:215:63:1:22:8:63:14:51:47:70:53:45:88:44:16:279:22:176:39:68:63:181:13:39:59:153:15:50:44:164:37:102:189:247:5:144:67:133:95:24:215:38:55:214:55:96:151:144:33:53:274:42:311:17:174:66:59:44:139:14:48:59:214:121:18:28:55:28:64:217:288:174:171:22:129:252:2:84:152:57:54:23:23:80:147:197:274:139:101:1:67:279:64:45:84:69:40:171:8:64:309:64:282:26:41:44:309:323:217:272:113:66:222:133:15:146:25:282:272:14:232:65:96:39:95:146:182:33:204:197:309:47:282:94:247:292:144:19:176:19:45:8:229:312:68:217:197:131:94:88:114:323:114:114:309:24:70:308:82:102:41:82:184:7:62:153:147:19:21:185:129:182:24:66:187:67:291:132:82:214:84:189:151:187:189:308:67:253:100:130:49:23:142:28:1:185:57:184:131:42:122:146:204:211:122:103:110:104:101:53:130:112:288:3:86:305:119:173:164:173:61:41:43:146:211:184:123:88:80:152:291:226:11:14:164:136:131:256:119:279:28:185:124:49:253:141:124:136:208:153:171:232:162:210:217:237:237:153:123:182:279:128:135:119:256:141:263:117:222:174:135:110:260:96:61:178:165:200:56:187:204:292:104:101:37:37:129:43:149:279:41:42:55:180:282:162:124:237:260:223:178:75:178:290:253:123:153:36:306:135:208:164:291:232:288:75:139:94:220:190:165:103:210:220:207:229:223:43:185:85:275:12:106:9:300:274:100:117:112:149:176:300:199:306:85:194:258:25:75:65:277:290:208:269:291:75:132:305:287:117:104:290:144:232:97:180:141:287:112:134:63:102:165:173:110:247:194:135:194:275:6:215:103:130:210:289:56:5:127:162:190:323:250:245:308:80:56:170:253:236:299:301:131:187:236:121:170:141:269:30:252:203:33:163:16:12:256:271:266:245:258:306:310:170:266:245:236:275:85:220:122:312:271:162:176:117:106:128:190:57:68:300:165:95:260:261:225:287:147:12:268:107:107:79:78:116:168:237:266:85:253:143:107:34:179:211:79:178:143:212:179:78:97:212:114:310:133:199:226:147:210:255:143:173:285:214:289:97:211:43:305:245:107:286:72:268:311:303:255:203:130:239:179:61:17:212:226:293:208:51:116:192:297:170:299:4:324:132:259:275:61:310:271:128:269:85:112:241:269:285:286:324:267:267:239:319:132:84:299:267:65:199:295:241:224:202:227:190:4:286:285:209:188:293:154:299:224:202:99:168:240:287:180:184:227:259:231:188:140:175:64:202:192:258:303:295:143:163:295:154:258:259:100:78:175:256:123:251:268:192:128:174:231:175:255:317:289:130:319:227:240:231:285:122:226:116:203:235:286:110:116:319:219:292:104:281:317:142:281:310:193:205:251:140:219:69:106:94:219:216:238:225:77:234:126:293:119:181:35:289:267:252:242:302:209:163:302:129:105:241:272:152:220:9:97:209:301:77:277:255:238:297:76:242:154:149:325:79:193:140:71:229:87:157:224:301:150:223:239:58:103:235:325:308:216:136:306:303:325:251:284:71:249:58:238:133:250:161:156:317:98:205:316:215:98:241:157:315:157:234:156:177:250:71:188:207:87:161:302:324:249:240:163:191:230:35:247:177:193:254:32:230:77:74:278:98:315:74:254:263:83:284:177:74:320:219:87:321:216:201:222:311:54:320:224:278:201:83:234:225:76:321:32:199:292:230:191:315:321:259:26:278:284:271:150:227:126:316:120:56:240:316:325:79:205:108:161:273:314:93:111:111:263:248:248:283:159:83:81:81:322:159:57:243:35:320:201:312:168:316:115:4:120:189:243:93:314:242:126:264:32:76:324:281:264:108:275:277:58:115:243:273:81:235:314:72:142:254
68,3201,276,0,3099,6:18:142:313:229:13:291:105:249:8:1:11:73:168:34:10:18:10:65:11:7:70:50:15:3:11:313:9:15:62:139:27:27:261:47:17:62:62:6:49:38:69:38:38:7:48:263:207:24:72:40:134:5:283:297:8:34:181:86:30:9:6:47:78:17:95:25:54:105:313:86:134:24:204:10:51:16:50:113:207:30:40:70:27:261:27:72:283:7:15:62:36:21:2:36:88:105:21:51:311:113:121:3:26:249:48:37:99:139:49:50:53:13:36:73:65:2:129:30:113:3:11:13:99:297:16:121:16:176:181:69:59:34:33:82:151:288:96:127:80:68:40:48:305:73:200:200:49:42:2:54:45:197:272:25:127:50:102:142:134:200:274:215:63:1:22:8:63:14:51:47:70:53:45:88:44:16:279:22:176:39:68:63:181:13:39:59:153:15:50:44:164:37:102:189:247:5:144:67:133:95:24:215:38:55:214:55:96:151:144:33:53:274:42:311:17:174:66:59:44:139:14:48:59:214:121:18:28:55:28:64:217:288:174:171:22:129:252:2:84:152:57:54:23:23:80:147:197:274:139:101:1:67:279:64:45:84:69:40:171:8:64:309:64:282:26:41:44:309:323:217:272:113:66:222:133:15:146:25:282:272:14:232:65:96:39:95:146:182:33:204:197:309:47:282:94:247:292:144:19:176:19:45:8:229:312:68:217:197:131:94:88:114:323:114:114:309:24:70:308:82:102:41:82:184:7:62:153:147:19:21:185:129:182:24:66:187:67:291:132:82:214:84:189:151:187:189:308:67:253:100:130:49:23:142:28:1:185:57:184:131:42:122:146:204:211:122:103:110:104:101:53:130:112:288:3:86:305:119:173:164:173:61:41:43:146:211:184:123:88:80:152:291:226:11:14:164:136:131:256:119:279:28:185:124:49:253:141:124:136:208:153:171:232:162:210:217:237:237:153:123:182:279:128:135:119:256:141:263:117:222:174:135:110:260:96:61:178:165:200:56:187:204:292:104:101:37:37:129:43:149:279:41:42:55:180:282:162:124:237:260:223:178:75:178:290:253:123:153:36:306:135:208:164:291:232:288:75:139:94:220:190:165:103:210:220:207:229:223:43:185:85:275:12:106:9:300:274:100:117:112:149:176:300:199:306:85:194:258:25:75:65:277:290:208:269:291:75:132:305:287:117:104:290:144:232:97:180:141:287:112:134:63:102:165:173:110:247:194:135:194:275:6:215:103:130:210:289:56:5:127:162:190:323:250:245:308:80:56:170:253:236:299:301:131:187:236:121:170:141:269:30:252:203:33:163:16:12:256:271:266:245:258:306:310:170:266:245:236:275:85:220:122:312:271:162:176:117:106:128:190:57:68:300:165:95:260:261:225:287:147:12:268:107:107:79:78:116:168:237:266:85:253:143:107:34:179:211:79:178:143:212:179:78:97:212:114:310:133:199:226:147:210:255:143:173:285:214:289:97:211:43:305:245:107:286:72:268:311:303:255:203:130:239:179:61:17:212:226:293:208:51:116:192:297:170:299:4:324:132:259:275:61:310:271:128:269:85:112:241:269:285:286:324:267:267:239:319:132:84:299:267:65:199:295:241:224:202:227:190:4:286:285:209:188:293:154:299:224:202:99:168:240:287:180:184:227:259:231:188:140:175:64:202:192:258:303:295:143:163:295:154:258:259:100:78:175:256:123:251:268:192:128:174:231:175:255:317:289:130:319:227:240:231:285:122:226:116:203:235:286:110:116:319:219:292:104:281:317:142:281:310:193:205:251:140:219:69:106:94:219:216:238:225:77:234:126:293:119:181:35:289:267:252:242:302:209:163:302:129:105:241:272:152:220:9:97:209:301:77:277:255:238:297:76:242:154:149:325:79:193:140:71:229:87:157:224:301:150:223:239:58:103:235:325:308:216:136:306:303:325:251:284:71:249:58:238:133:250:161:156:317:98:205:316:215:98:241:157:315:157:234:156:177:250:71:188:207:87:161:302:324:249:240:163:191:230:35:247:177:193:254:32:230:77:74:278:98:315:74:254:263:83:284:177:74:320:219:87:321:216:201:222:311:54:320:224:278:201:83:234:225:76:321:32:199:292:230:191:315:321:259:26:278:284:271:150:227:126:316:120:56:240:316:325:79:205:108:161:273:314:93:111:111:263:248:248:283:159:83:81:81:322:159:57:243:35:320:201:312:168:316:115:4:120:189:243:93:314:242:126:264:32:76:324:281:264:108:275:277:58:115:243:273:81:235:314:72:142:254
#2022-10-12 18:34:48
