#date,problem,instance,method,rand_seed,target,use_target,objective,time_limit,nb_max_iterations,initialization,nb_iter_local_search,max_time_local_search,local_search,adaptive,window_size,coeff_exploi_explo,simulation,O_time,P_time
#2022-10-11 20:36:33,wvcp,DSJC500.5,local_search,19,0,false,reached,3600,9223372036854775807,constrained,9000000000000000000,3600,ilsts,pursuit,50,1,always_ls,0,0.02
turn,time,nb_colors,penalty,score,solution
0,0,76,0,880,0:1:1:0:2:2:3:3:2:4:3:2:1:4:5:4:5:3:5:6:0:6:7:5:4:7:7:6:2:4:8:8:7:9:9:2:7:6:10:10:8:7:1:11:11:0:9:11:2:12:12:12:10:8:9:13:14:13:12:10:11:13:15:14:15:16:17:17:14:18:3:18:19:17:7:16:18:6:19:3:4:8:4:5:15:20:20:21:19:21:1:22:14:16:20:22:11:16:12:20:0:14:21:16:23:23:23:15:19:24:22:4:25:17:24:26:20:22:17:2:26:23:21:25:9:4:23:27:26:25:18:27:19:27:11:16:24:14:15:13:25:28:28:29:5:27:30:29:30:30:28:24:28:26:13:31:31:30:13:17:31:25:31:29:32:29:18:33:32:32:32:33:34:23:34:35:36:36:35:30:28:10:34:10:15:33:15:12:24:35:21:29:8:36:22:26:35:21:6:37:37:38:38:37:14:38:39:15:39:31:40:34:40:38:19:20:37:39:41:9:9:10:34:41:41:27:42:17:42:40:43:12:36:43:43:42:37:44:43:44:4:45:44:10:42:40:36:45:13:26:36:33:40:46:18:0:38:9:46:34:20:24:33:33:39:47:1:48:40:48:30:28:3:44:47:47:27:47:36:45:39:35:45:24:46:45:8:45:30:32:45:48:31:35:26:48:30:25:47:49:29:44:41:45:49:11:48:1:37:13:50:51:5:51:50:47:48:51:7:50:52:50:52:53:0:21:53:19:53:16:39:53:1:33:17:52:25:23:49:41:23:44:19:54:54:54:55:56:54:31:56:55:36:56:57:57:53:55:57:58:41:43:49:3:58:33:52:46:49:59:60:60:60:46:61:59:8:58:42:60:44:51:8:59:61:61:58:52:62:62:63:62:50:21:63:60:64:58:59:60:59:64:34:56:1:57:27:64:65:63:64:58:39:61:66:67:65:0:67:55:66:39:55:55:59:65:56:68:66:67:69:61:68:35:57:64:69:70:70:68:66:70:43:51:61:67:69:63:56:66:54:71:72:72:50:52:72:71:66:70:65:62:2:37:68:70:71:65:47:16:51:68:70:11:72:28:69:73:74:74:9:73:49:32:71:73:75:66:75:53:74:46:52:74:73:42:31:60:58:67
1,0,76,0,879,0:1:1:0:2:2:3:3:2:4:3:2:1:4:5:4:5:3:5:6:0:6:7:5:4:7:7:6:2:4:8:8:7:9:9:2:7:6:10:10:8:7:1:11:11:0:9:11:2:12:18:12:10:8:9:13:14:13:6:10:11:13:15:14:15:16:17:17:14:12:15:18:19:17:7:16:18:6:19:18:4:8:4:5:15:20:20:21:19:21:1:22:14:16:20:22:11:16:12:3:0:14:21:16:23:23:23:18:19:24:22:4:25:17:24:26:20:12:17:2:26:23:21:25:9:4:23:27:26:25:22:27:19:27:11:16:24:14:15:13:25:28:28:29:5:27:30:29:30:30:28:24:28:26:13:31:31:30:13:17:14:20:31:29:32:29:16:33:32:32:32:33:34:23:34:35:36:36:35:30:28:10:34:10:15:33:15:27:24:35:21:29:8:36:22:26:35:21:6:37:37:38:38:37:25:38:39:32:39:31:40:34:40:38:19:20:37:39:41:9:9:10:34:41:41:27:42:17:42:40:43:46:36:43:43:42:37:44:43:44:4:45:44:10:42:40:36:45:13:26:36:33:40:46:18:40:38:9:46:34:20:24:33:33:39:0:1:48:40:48:30:28:3:44:31:43:27:22:36:45:39:35:45:24:12:45:8:45:30:32:45:48:31:35:26:48:30:25:47:49:29:44:41:45:49:11:48:1:37:13:50:51:5:51:50:47:48:51:7:50:52:50:52:53:0:21:53:19:53:16:39:53:1:33:17:52:25:23:49:41:23:44:19:54:54:54:55:56:54:31:56:55:36:56:57:57:53:55:57:58:41:43:49:3:58:33:52:46:49:59:60:60:60:46:61:59:8:58:42:60:44:51:8:59:61:61:58:52:62:62:63:62:50:21:63:60:64:58:59:60:59:64:34:56:1:57:27:64:65:63:64:58:39:61:66:67:65:0:67:55:66:39:55:55:59:65:56:68:66:67:69:61:68:35:57:64:69:70:70:68:66:70:43:51:61:67:69:63:56:66:54:71:72:72:50:52:72:71:66:70:65:62:2:37:68:70:71:65:47:16:51:68:70:11:72:28:69:73:74:74:9:73:49:32:71:73:75:66:75:53:74:46:52:74:73:42:31:60:58:67
2,0,76,0,877,0:1:1:0:2:2:3:3:2:4:3:2:1:4:5:4:5:3:5:6:0:6:7:5:4:7:7:6:2:4:8:8:7:9:9:2:7:6:10:10:8:7:1:11:11:0:9:11:2:12:18:12:10:8:9:13:14:13:6:10:11:13:15:14:15:16:17:17:14:12:15:18:19:17:7:16:18:6:19:18:4:8:4:5:15:20:20:21:19:21:1:22:14:16:20:22:11:16:12:3:0:14:21:16:23:23:23:18:19:24:22:4:25:17:24:26:20:12:17:2:26:23:21:25:9:4:23:27:26:25:22:27:19:27:11:16:24:14:15:13:25:28:28:29:5:27:30:29:30:30:28:24:28:26:13:31:31:30:13:17:14:20:31:29:32:29:16:33:32:32:32:33:34:23:34:35:36:36:35:30:28:10:34:10:15:33:15:27:24:35:21:29:8:36:22:26:35:21:6:37:37:38:38:37:25:38:39:32:39:31:40:34:40:38:19:20:37:39:41:9:9:10:34:41:41:27:42:17:42:40:43:46:36:43:43:42:37:44:43:44:4:45:44:10:42:40:36:45:13:26:36:33:40:46:18:40:38:9:46:34:20:24:33:33:39:0:1:48:40:48:30:28:3:44:31:43:27:22:36:45:39:35:45:24:12:45:8:45:30:32:45:48:31:35:26:48:30:25:47:49:29:44:41:45:49:11:48:1:37:13:50:51:5:51:50:47:48:51:7:50:52:50:52:53:0:21:53:19:53:16:39:53:1:33:17:52:25:23:49:41:23:44:19:54:54:54:55:56:54:31:56:55:36:47:57:57:53:55:57:58:41:43:49:3:27:33:52:46:49:59:60:60:60:46:56:59:8:58:42:60:44:51:8:59:47:58:58:52:62:62:63:62:50:21:63:60:64:58:59:60:59:64:34:56:1:57:27:64:65:63:64:58:39:61:66:67:65:0:67:55:66:39:55:55:59:65:67:68:66:67:69:61:68:35:57:64:69:70:70:68:66:70:43:51:61:67:69:63:61:66:54:71:72:72:50:52:72:71:66:70:65:62:2:37:68:70:71:65:47:16:51:68:70:11:72:28:69:73:74:74:9:73:49:32:71:73:75:66:75:53:74:46:52:74:73:42:31:60:58:67
5,0,76,0,876,0:1:1:0:2:2:3:3:2:4:3:2:1:4:5:4:5:3:5:6:0:6:7:5:4:7:7:6:2:4:8:8:7:9:9:2:7:6:10:10:8:7:1:11:11:0:9:11:2:12:18:12:10:8:9:13:14:13:6:10:11:13:15:14:15:16:17:17:14:12:15:18:19:17:7:16:18:6:19:18:4:8:4:5:15:20:20:21:19:21:1:22:14:16:20:22:11:16:12:3:0:14:21:16:23:23:23:18:19:24:22:4:25:17:24:26:20:12:17:2:26:23:21:25:9:4:23:27:26:25:22:27:19:27:11:16:24:14:15:13:25:28:28:29:5:27:30:29:30:30:28:24:28:26:13:31:31:30:13:17:14:20:31:29:32:29:16:33:32:32:32:33:34:23:34:35:36:36:35:30:28:10:34:10:15:33:15:27:24:35:21:29:8:36:22:26:35:21:6:37:37:38:38:37:25:38:39:32:39:31:40:34:40:38:19:20:37:39:41:9:9:10:34:41:41:27:42:17:42:40:43:46:36:43:43:42:37:44:43:41:4:45:42:10:42:40:36:45:13:26:36:33:40:46:18:40:38:9:46:34:20:24:33:33:39:0:1:48:40:48:30:28:3:44:31:43:27:22:36:45:39:35:45:24:12:45:8:45:30:32:45:48:31:35:26:48:30:25:47:49:29:44:41:45:49:11:48:1:37:13:50:51:5:51:50:47:48:51:7:50:52:50:52:53:0:21:53:19:53:16:39:53:1:33:17:52:25:23:49:41:23:44:19:54:54:54:55:56:54:31:56:55:36:47:57:57:53:55:57:58:41:43:49:3:27:33:52:46:49:59:60:60:60:46:56:59:8:58:42:60:12:51:8:59:47:58:58:52:62:62:63:62:50:21:63:60:64:58:59:60:59:64:34:56:1:57:27:64:65:63:64:58:39:61:44:67:65:0:67:55:44:39:55:55:59:65:67:68:66:67:69:61:68:35:57:64:69:70:70:68:66:70:43:51:61:67:69:63:61:66:54:71:72:72:50:52:72:71:66:70:65:62:2:37:68:70:71:65:47:16:51:68:70:11:72:28:69:73:74:74:9:73:49:32:71:73:75:66:75:53:74:46:52:74:73:42:31:60:58:67
7,0,76,0,875,0:1:1:0:2:2:3:3:2:4:3:2:1:4:5:4:5:3:5:6:0:6:7:5:4:7:7:6:2:4:19:8:7:9:9:2:7:6:10:10:8:7:1:11:11:0:9:11:2:12:18:12:10:8:9:13:14:13:6:10:11:13:15:14:15:16:17:17:14:12:15:18:19:17:7:16:18:6:19:18:4:8:4:5:15:20:20:21:19:21:1:22:14:16:20:22:11:16:12:3:0:14:21:16:23:23:23:18:19:24:22:4:25:17:14:26:20:12:17:2:26:23:21:25:9:4:23:27:26:25:22:27:19:27:11:16:24:14:15:13:25:28:28:29:5:27:30:29:30:30:28:24:28:26:13:31:31:30:13:17:14:20:31:29:32:29:16:33:32:32:32:33:34:23:34:35:36:36:35:30:28:10:34:10:15:33:15:27:24:35:21:29:8:36:22:26:35:21:6:37:37:38:38:37:25:38:39:32:39:31:40:34:40:38:24:20:37:39:41:9:9:10:34:41:41:27:42:17:42:40:43:46:36:43:43:42:37:44:43:41:4:45:42:10:42:40:36:45:13:26:36:33:40:46:18:40:38:9:46:34:20:24:33:33:39:0:1:48:40:48:30:28:3:44:31:43:27:22:36:45:39:35:45:24:12:45:8:45:30:32:45:48:31:35:26:48:30:25:15:49:29:44:41:45:49:11:48:1:37:13:50:51:5:51:50:47:48:51:7:50:52:50:52:53:0:21:53:19:53:16:39:53:1:33:17:52:25:23:49:41:23:44:19:54:54:54:55:56:54:31:56:55:36:47:57:57:53:55:57:58:41:43:49:3:27:33:52:46:49:59:60:60:60:46:56:59:8:58:42:60:12:51:8:59:47:58:58:52:62:62:63:62:50:21:63:60:8:58:59:60:59:47:34:56:1:57:27:22:65:63:64:58:39:61:44:67:65:0:67:55:44:39:55:55:59:65:67:68:66:67:69:61:68:35:57:64:69:70:70:68:66:70:43:51:61:67:69:63:61:66:54:71:72:72:50:52:72:71:66:70:65:62:2:37:68:70:71:65:47:16:51:68:70:11:72:28:69:73:74:74:9:73:49:32:71:73:75:66:75:53:74:46:52:74:73:42:31:60:58:67
8,0,75,0,874,0:1:1:0:2:2:3:3:2:4:3:2:1:4:5:4:5:3:5:6:0:6:7:5:4:7:7:6:2:4:19:8:7:9:9:2:7:6:10:10:8:7:1:11:11:0:9:11:2:12:18:12:10:8:9:13:14:13:6:10:11:13:15:14:15:16:17:17:14:12:15:18:19:17:7:16:18:6:19:18:4:8:4:5:15:20:20:21:19:21:1:22:14:16:20:22:11:16:12:3:0:14:21:16:23:23:23:18:19:24:22:4:25:17:14:26:20:12:17:2:26:23:21:25:9:4:23:27:26:25:22:27:19:27:11:16:24:14:15:13:25:28:28:29:5:27:30:29:30:30:28:24:28:26:13:31:31:30:13:17:14:20:31:29:32:29:16:33:32:32:32:33:34:23:34:35:36:36:35:30:28:10:34:10:15:33:15:15:24:35:21:29:8:36:22:26:35:21:6:37:37:38:38:37:25:38:39:32:39:31:40:34:40:38:24:20:37:39:41:9:9:10:34:41:41:27:42:17:42:40:43:46:36:43:43:42:37:44:43:41:4:45:42:10:42:40:36:45:13:26:36:33:40:46:18:40:38:9:46:34:20:24:33:33:39:0:1:48:40:48:30:28:3:44:31:43:27:22:36:45:39:35:45:24:12:45:8:45:30:32:45:48:31:35:26:48:30:25:15:49:29:44:41:45:49:11:48:1:37:13:50:51:5:51:50:47:48:51:7:50:52:50:52:53:0:21:53:19:11:16:39:53:1:33:17:52:25:23:49:41:23:44:19:54:54:54:55:56:54:31:56:55:36:47:57:57:53:55:57:58:41:43:49:3:27:33:52:46:49:59:60:60:60:46:56:59:8:58:42:60:12:51:8:59:47:58:58:52:62:62:63:62:50:21:63:60:8:58:59:60:59:47:34:56:1:57:48:22:65:63:64:58:39:61:44:67:65:0:67:55:44:39:55:55:59:65:67:68:66:67:69:61:68:35:57:64:69:70:70:68:66:70:43:51:61:67:69:63:61:66:54:71:72:72:50:52:72:71:66:70:65:62:2:37:68:70:71:65:47:16:51:68:70:11:72:28:69:73:27:75:9:73:49:32:71:73:75:66:75:53:56:46:52:53:73:42:31:60:58:67
11,0,75,0,873,0:1:1:0:2:2:3:3:2:4:5:2:1:4:5:4:5:3:5:6:0:6:7:5:4:7:7:6:2:4:19:8:7:9:9:2:7:6:10:10:8:7:1:11:11:0:9:11:2:12:18:12:10:8:9:13:14:13:6:10:11:13:15:14:15:16:17:17:14:12:15:18:19:17:7:16:18:6:19:18:4:8:4:0:15:20:20:21:19:21:1:22:14:16:20:22:11:16:12:3:23:14:21:16:23:23:23:18:19:24:22:4:25:17:14:26:20:12:17:2:26:23:21:25:9:4:0:27:26:25:22:27:19:27:11:16:24:14:15:13:25:28:28:29:5:27:30:29:30:30:28:24:28:26:13:31:31:30:13:17:14:20:31:29:32:29:16:33:32:32:32:33:34:23:34:3:36:36:35:30:28:10:34:10:15:33:15:15:24:45:21:29:8:19:22:26:35:21:6:37:37:38:38:37:25:38:39:32:39:31:40:34:40:38:24:20:37:39:41:9:9:10:34:41:41:27:42:17:42:40:43:46:36:43:43:42:37:44:43:41:4:45:42:10:42:40:36:45:13:26:36:33:40:46:18:40:38:9:46:34:20:24:33:33:39:36:1:48:40:48:30:28:3:44:31:43:27:22:36:45:39:35:45:24:12:45:8:45:30:32:45:48:31:35:26:48:30:25:15:49:29:44:41:45:49:11:48:1:37:13:50:51:54:51:50:47:48:51:7:50:52:50:52:53:12:21:53:19:11:16:39:53:1:33:17:52:25:23:49:41:23:44:19:12:54:57:54:56:19:31:56:54:36:47:57:57:53:41:57:58:35:43:49:3:27:33:52:46:49:59:60:60:60:46:56:59:8:58:42:60:12:51:8:59:47:58:58:52:62:62:63:62:50:21:63:60:8:58:59:60:59:47:34:56:1:57:48:22:65:63:64:58:39:61:44:67:65:5:67:55:44:39:55:55:59:65:67:68:66:67:69:61:68:35:57:64:69:70:70:68:66:70:43:51:61:67:69:63:61:66:54:71:72:72:50:52:72:71:66:70:65:62:2:37:68:70:71:65:47:16:51:68:70:11:72:28:69:73:27:75:9:73:49:32:71:73:75:66:75:53:56:46:52:53:73:42:31:60:58:67
13,0,75,0,872,0:1:1:0:2:2:3:3:2:4:5:2:1:4:5:4:5:3:5:6:0:6:7:5:4:7:7:6:2:4:19:8:7:9:9:2:7:6:10:10:8:7:1:11:11:0:9:11:2:12:18:12:10:8:9:13:14:13:6:10:11:13:15:14:15:16:17:17:14:12:15:18:19:17:7:16:18:6:19:18:4:8:4:0:15:23:20:21:19:21:1:22:14:16:20:22:11:16:12:3:23:14:21:16:23:23:23:18:19:24:22:4:25:17:14:26:20:12:17:2:26:23:21:25:9:4:0:27:26:25:22:27:19:27:11:16:24:14:15:13:25:28:28:29:5:27:30:29:30:30:28:24:28:26:13:31:31:30:13:17:14:20:31:29:32:29:16:33:32:32:32:33:34:23:34:3:36:36:35:30:28:10:34:10:15:33:15:15:24:45:21:29:8:19:22:26:35:21:6:37:37:38:38:37:25:38:39:32:39:31:40:34:40:38:24:3:37:39:41:9:9:10:34:41:41:27:42:17:42:40:43:46:36:43:43:42:37:44:43:41:4:45:42:10:42:40:36:45:13:26:36:33:40:46:18:40:38:9:46:34:20:24:33:33:39:36:1:48:40:48:30:28:3:44:31:43:27:22:36:45:39:35:45:24:12:45:8:45:30:32:45:48:31:35:26:48:30:25:15:49:29:44:41:45:49:11:48:1:37:13:50:51:54:51:50:47:48:51:7:50:52:50:52:53:12:21:53:19:11:16:39:53:1:33:17:52:25:23:49:41:23:44:19:12:54:57:54:56:19:31:56:54:36:47:57:57:53:41:57:58:35:43:49:3:27:33:52:46:49:59:60:60:60:46:56:59:8:58:42:60:12:51:8:59:47:58:58:52:62:62:18:62:50:21:20:60:8:58:59:60:59:47:34:56:1:57:48:22:65:63:64:58:39:61:44:67:65:5:67:55:44:39:55:55:59:65:67:68:66:67:69:61:68:35:57:64:69:70:70:68:66:70:43:51:61:67:69:63:61:66:54:71:72:72:50:52:72:71:66:70:65:62:2:37:68:70:71:65:47:16:51:68:70:11:72:28:69:73:27:75:9:73:49:32:71:73:75:66:75:53:56:46:52:53:73:42:31:60:58:67
14,0,75,0,871,0:1:1:0:2:2:3:3:2:4:5:2:1:4:5:4:5:3:5:6:0:6:7:5:4:7:7:6:2:4:19:8:7:9:9:2:7:6:10:10:8:7:1:11:11:0:9:11:2:12:18:12:10:8:9:13:14:13:6:10:11:13:15:14:15:16:17:17:14:12:15:18:19:17:7:16:18:6:19:18:4:8:4:0:15:23:20:21:19:21:1:22:14:16:20:22:11:16:12:3:23:14:21:16:23:23:23:18:19:24:22:4:25:17:14:26:20:12:17:2:26:23:21:25:9:4:0:27:26:25:22:27:19:27:11:16:24:14:15:13:25:28:28:29:5:27:30:29:30:30:28:24:28:26:13:31:31:30:13:17:14:20:31:29:32:29:16:33:32:32:32:33:34:23:34:3:36:36:35:30:28:10:34:10:15:33:15:15:24:45:21:29:8:19:22:26:35:21:6:37:37:38:38:37:25:38:39:32:39:31:40:34:40:38:24:3:37:39:41:9:9:10:34:41:41:27:42:17:42:40:43:46:36:43:43:42:37:44:43:41:4:45:42:10:42:40:36:45:13:26:36:33:40:46:18:40:38:9:46:34:20:24:33:33:39:36:1:48:40:48:30:28:3:44:31:43:27:22:36:45:39:35:45:24:12:45:8:45:30:32:45:48:31:35:26:48:30:25:15:49:29:44:41:45:49:11:48:1:37:13:50:51:54:51:50:47:48:51:7:50:52:50:52:53:12:21:53:19:11:16:39:53:1:33:17:52:25:23:49:41:23:44:19:12:54:57:54:56:19:31:56:54:36:47:57:57:53:41:57:54:35:43:49:3:27:33:52:46:49:59:60:60:60:46:56:59:8:58:42:60:12:51:8:59:47:58:58:52:62:62:18:62:50:21:20:60:8:58:59:60:59:47:34:56:1:57:48:22:65:63:64:58:39:61:44:67:65:5:67:55:44:39:55:55:59:65:67:68:66:67:69:61:68:35:57:64:69:70:70:68:66:70:43:51:61:67:69:63:61:66:54:71:72:72:50:52:72:71:66:70:65:62:2:37:68:70:71:65:47:16:51:68:70:11:72:28:69:73:27:75:9:73:49:32:71:73:75:66:75:53:56:46:52:53:73:42:31:60:58:67
17,0,74,0,870,0:1:1:0:2:2:3:3:2:4:5:2:1:4:5:4:5:3:5:6:0:6:7:5:4:7:7:6:2:4:19:8:7:9:9:2:7:6:10:10:8:7:1:11:11:0:9:11:2:12:18:12:10:8:9:13:14:13:6:10:11:13:15:14:15:16:17:17:14:12:15:18:19:17:7:16:18:6:19:18:4:8:4:0:15:23:20:21:19:21:1:22:5:16:20:22:11:16:12:3:23:14:21:16:23:23:23:18:19:24:22:4:25:17:14:26:20:12:17:2:26:23:21:25:9:4:0:27:26:25:22:27:19:27:11:16:24:14:15:13:25:28:28:29:5:27:30:29:30:30:28:24:28:26:13:31:31:30:13:17:14:20:31:29:32:29:16:33:32:32:32:33:34:23:34:3:36:36:35:30:28:10:34:10:15:33:15:15:24:45:21:29:8:19:22:26:35:21:6:37:37:38:38:37:25:38:39:32:39:31:40:34:40:38:24:3:37:39:41:9:9:10:34:41:41:27:42:17:42:40:43:46:36:43:43:42:37:44:43:41:4:45:42:10:42:40:36:45:13:26:36:33:40:46:18:40:38:9:46:34:20:24:33:33:39:36:1:48:40:48:30:28:3:44:31:43:27:22:36:45:39:35:45:24:12:45:8:45:30:32:45:48:31:35:26:48:30:25:15:49:29:44:41:45:49:11:48:1:37:13:50:51:54:51:50:47:48:51:7:50:52:50:52:53:12:21:53:19:11:16:39:53:1:33:17:52:25:23:49:41:23:44:19:12:54:57:54:56:19:31:56:54:36:47:57:51:53:41:57:54:35:43:49:3:27:33:52:46:49:59:60:60:60:46:56:59:8:58:42:60:12:21:8:59:47:58:58:52:62:62:18:62:50:21:20:60:8:58:59:60:59:47:34:56:1:57:48:22:65:63:64:58:39:61:44:67:65:5:67:55:44:39:55:55:59:65:67:68:66:67:69:61:68:35:57:64:69:70:70:68:66:70:43:51:61:67:69:63:61:66:54:71:72:72:50:52:72:71:66:70:65:62:2:37:68:70:71:65:47:16:51:68:70:11:72:28:69:73:27:57:9:73:49:32:71:73:51:66:14:53:56:46:52:53:73:42:31:60:58:67
21,0,74,0,869,0:1:1:0:2:2:3:3:2:4:5:2:1:4:5:4:5:3:5:6:0:6:7:5:4:7:7:6:2:4:19:8:7:9:9:2:7:6:10:10:8:7:1:11:11:0:9:11:2:12:18:12:10:8:9:13:14:13:6:10:11:13:15:14:15:16:17:17:14:12:15:18:19:17:7:16:18:6:19:18:4:8:4:0:15:23:20:21:19:21:1:22:5:16:20:22:11:16:12:3:23:14:21:16:23:23:23:18:19:24:22:4:25:17:14:26:20:12:17:2:26:23:21:25:9:4:0:27:26:25:22:27:19:27:11:16:24:14:15:13:25:28:28:29:5:27:30:29:30:30:28:24:28:26:13:31:31:30:13:17:14:20:31:29:32:29:16:33:32:32:32:33:34:23:34:3:36:36:35:30:28:10:34:10:15:33:15:15:24:45:21:29:8:19:22:26:35:21:6:37:37:38:38:37:25:38:39:32:39:31:40:34:40:38:24:3:37:39:41:9:9:29:34:41:41:27:42:17:42:40:43:46:36:43:43:42:37:44:43:41:4:45:42:10:42:40:36:45:13:26:36:33:40:46:18:40:38:9:46:34:20:24:33:33:39:36:1:48:40:48:30:28:3:44:31:43:27:22:36:45:39:35:45:24:12:45:8:45:30:32:45:48:31:35:26:48:30:25:15:49:29:44:41:45:49:11:48:1:37:13:50:51:54:51:50:10:48:51:7:50:52:50:52:53:12:21:53:19:11:16:39:53:1:33:17:52:25:23:49:41:23:44:19:12:54:57:54:56:19:31:56:54:36:47:57:51:53:41:57:54:35:43:49:3:27:33:52:46:49:59:60:60:60:46:56:59:8:58:42:60:12:21:8:59:47:58:58:52:62:62:18:62:50:21:20:60:8:58:59:60:59:47:34:56:1:57:48:22:65:63:64:58:39:61:44:67:65:5:67:55:44:39:55:55:59:65:67:68:66:67:69:61:68:35:57:64:69:70:70:68:66:70:43:51:61:67:69:63:61:66:54:71:72:72:50:52:72:71:66:70:65:62:2:37:68:70:71:65:47:16:51:68:70:11:72:28:69:73:27:57:9:73:49:32:71:73:51:66:14:53:56:46:52:53:73:42:31:60:58:67
23,0,74,0,868,0:1:1:0:2:2:3:3:2:4:5:2:1:4:5:4:5:3:5:6:0:6:7:5:4:7:7:6:2:4:19:8:7:9:9:2:7:6:10:10:8:7:1:11:11:0:9:11:2:12:18:12:10:8:9:13:14:13:6:10:11:13:15:14:15:16:17:17:14:12:15:18:19:17:7:16:18:6:19:18:4:8:4:0:15:23:20:21:19:21:1:22:5:16:20:22:11:16:12:3:23:14:21:16:23:23:23:18:19:24:22:4:25:17:14:26:20:12:17:2:26:23:21:25:9:4:0:27:26:25:22:27:19:27:11:16:24:14:15:13:25:28:28:29:5:27:30:29:30:30:28:24:28:26:13:31:31:30:13:17:14:20:31:29:32:29:16:33:32:32:32:33:34:23:34:3:36:36:35:30:28:10:34:10:15:33:15:15:24:45:21:29:8:19:22:26:35:21:6:37:37:38:38:37:25:38:39:32:39:31:40:34:40:38:24:3:37:39:41:9:9:29:34:41:41:27:42:17:42:40:43:46:36:43:43:42:37:44:43:41:4:45:42:10:42:40:36:45:13:26:36:33:40:46:18:40:38:9:46:34:20:24:33:33:39:36:1:48:40:48:30:28:3:44:31:43:27:22:36:45:39:35:45:24:12:45:8:45:30:32:45:48:31:35:26:48:30:25:15:49:29:44:41:45:49:11:48:1:37:13:50:51:54:51:50:10:48:51:7:50:52:50:52:53:12:21:53:19:11:16:39:53:1:33:17:52:25:23:49:41:23:44:19:12:54:57:54:56:19:31:56:54:36:47:57:51:53:41:57:54:35:43:49:3:27:33:52:46:49:59:60:60:60:46:56:59:8:58:42:60:12:21:8:59:47:58:58:52:62:62:18:62:50:21:20:60:8:58:59:60:59:47:34:56:1:57:48:22:46:63:64:58:39:61:44:67:65:5:67:55:44:39:55:55:59:64:67:64:66:67:69:61:62:35:57:64:69:70:70:47:66:70:43:51:61:67:69:63:61:66:54:71:72:72:50:52:72:71:66:70:65:62:2:37:68:70:71:65:47:16:51:68:70:11:72:28:69:73:27:57:9:73:49:32:71:73:51:66:14:53:56:46:52:53:73:42:31:60:58:67
24,0,73,0,866,0:1:1:0:2:2:3:3:2:4:5:2:1:4:5:4:5:3:5:6:0:6:7:5:4:7:7:6:2:4:19:8:7:9:9:2:7:6:10:10:8:7:1:11:11:0:9:11:2:12:18:12:10:8:9:13:14:13:6:10:11:13:15:14:15:16:17:17:14:12:15:18:19:17:7:16:18:6:19:18:4:8:4:0:15:23:20:21:19:21:1:22:5:16:20:22:11:16:12:3:23:14:21:16:23:23:23:18:19:24:22:4:25:17:14:26:20:12:17:2:26:23:21:25:9:4:0:27:26:25:22:27:19:27:11:16:24:14:15:13:25:28:28:29:5:27:30:29:30:30:28:24:28:26:13:31:31:30:13:17:14:20:31:29:32:29:16:33:32:32:32:33:34:23:34:3:36:36:35:30:28:10:34:10:15:33:15:15:24:45:21:29:8:19:22:26:35:21:6:37:37:38:38:37:25:38:39:32:39:31:40:34:40:38:24:3:37:39:41:9:9:29:34:41:41:27:42:17:42:40:43:46:36:43:43:42:37:44:43:41:4:45:42:10:8:40:36:45:13:26:36:33:40:46:18:40:38:9:46:34:20:24:33:33:39:36:1:48:40:48:30:28:3:44:31:43:27:22:36:45:39:35:45:24:12:45:8:45:30:32:45:48:31:35:26:48:30:25:15:49:29:44:41:45:49:11:48:1:37:13:50:51:54:51:50:10:48:51:7:50:52:50:52:53:12:21:53:19:11:16:39:53:1:33:17:52:25:23:49:41:23:44:19:12:54:57:54:56:19:31:56:54:36:47:57:51:53:41:57:54:35:43:49:3:27:33:52:46:49:59:60:60:60:46:56:59:8:58:42:60:12:21:8:59:47:58:58:52:62:62:18:62:50:21:20:60:8:58:59:60:59:47:34:56:1:57:48:22:46:63:64:58:39:61:44:67:65:5:67:55:44:39:55:55:59:64:67:64:66:67:69:61:62:35:57:64:69:70:70:47:66:70:43:51:61:67:69:63:61:66:54:71:56:42:50:52:61:71:66:70:65:62:2:37:68:70:71:65:47:16:51:68:70:11:68:28:69:73:27:57:9:73:49:32:71:73:51:66:14:53:56:46:52:53:73:42:31:60:58:67
28,0,73,0,865,0:1:1:0:2:2:3:3:2:4:5:2:1:4:5:4:5:3:5:6:0:6:7:5:4:7:7:6:2:4:19:8:7:9:9:2:7:6:10:10:8:7:1:11:11:0:9:11:2:12:18:12:10:8:9:13:14:13:6:10:11:13:15:14:15:16:17:17:14:12:15:18:19:17:7:16:18:6:19:18:4:8:4:0:15:23:20:21:19:21:1:22:5:16:20:22:16:16:12:3:23:14:21:16:23:23:23:18:19:24:22:4:25:17:14:26:20:12:17:2:26:23:21:25:9:4:0:27:26:25:22:27:19:27:11:16:24:14:15:14:25:28:28:29:5:27:30:29:30:30:28:24:28:26:13:31:31:30:13:17:14:20:31:11:32:13:16:33:32:32:32:33:34:23:34:3:36:36:35:30:28:10:34:10:15:33:15:15:24:45:21:0:8:19:22:26:35:21:6:37:37:38:38:37:25:38:39:32:39:31:40:34:40:38:24:3:37:39:41:9:9:29:34:41:41:27:42:17:42:40:43:46:36:43:43:42:37:44:43:41:4:45:42:10:8:40:36:45:29:26:36:33:40:46:18:40:38:9:46:34:20:24:33:33:39:36:1:48:40:48:30:28:3:44:31:43:27:22:36:45:39:35:45:24:12:45:8:45:30:32:45:48:31:35:26:48:30:25:15:49:29:44:41:45:49:11:48:1:37:38:50:51:54:51:50:10:48:51:7:50:52:50:52:53:12:21:53:19:11:42:39:53:1:33:17:52:25:23:49:41:23:44:19:12:54:57:54:56:19:31:56:54:36:47:57:51:53:41:57:54:35:43:49:3:27:33:52:46:49:59:60:60:60:46:56:59:8:58:42:60:12:21:8:59:47:58:58:52:29:63:18:29:50:21:20:60:8:58:59:60:59:47:34:56:1:57:48:22:46:63:64:58:39:61:44:67:65:5:67:55:44:39:55:55:59:64:67:64:66:67:69:61:62:35:57:64:69:70:70:47:66:70:43:51:61:67:69:63:61:66:54:71:56:42:50:52:61:71:66:70:65:62:2:37:68:70:71:65:47:11:51:68:70:62:68:28:69:73:27:57:9:73:49:32:71:73:51:66:14:53:56:46:52:53:73:42:31:60:58:67
29,0,73,0,863,0:1:1:0:2:2:3:3:2:4:5:2:1:4:5:4:5:3:5:6:0:6:7:5:4:7:7:6:2:4:19:8:7:9:9:2:7:6:10:10:8:7:1:11:11:0:9:11:2:12:18:12:10:8:9:13:14:13:6:10:11:13:15:14:15:16:17:17:14:12:15:18:19:17:7:16:18:6:19:18:4:8:4:0:15:23:20:21:19:21:1:22:5:16:20:22:16:16:12:3:23:14:21:16:23:23:23:18:19:29:22:4:25:17:14:26:20:12:17:2:26:23:21:25:9:4:0:27:26:25:22:27:19:27:11:16:27:14:15:14:25:28:28:29:5:27:30:29:30:30:28:24:28:26:13:31:31:30:13:17:14:20:31:11:32:13:16:33:32:24:32:33:34:23:34:3:36:36:35:30:28:10:34:10:15:33:15:15:24:45:21:0:8:19:22:26:35:21:6:37:37:38:38:37:25:38:39:32:39:31:40:34:40:38:24:3:37:39:41:9:9:29:34:41:41:27:42:17:42:40:43:46:36:43:43:42:37:44:43:41:4:45:42:10:8:40:36:45:29:26:36:33:40:46:18:40:38:9:46:34:20:24:33:33:39:36:1:48:40:48:30:28:3:44:31:43:27:22:36:45:39:35:45:24:12:45:8:45:30:32:45:48:31:35:26:48:30:25:15:49:29:44:41:45:49:11:17:1:37:38:53:51:54:51:32:10:48:51:7:48:52:57:52:53:12:21:53:19:11:42:39:53:1:33:17:52:25:23:49:41:23:44:19:12:54:57:54:56:19:31:56:54:36:47:57:51:53:41:35:54:35:43:49:3:27:33:52:46:49:59:60:60:60:46:56:59:8:58:42:60:12:21:8:59:47:58:58:52:29:63:18:29:50:21:20:60:8:58:59:60:59:47:34:56:1:57:48:22:46:63:64:58:39:61:44:67:65:5:67:55:44:39:55:55:59:64:67:64:66:67:69:61:62:35:57:64:69:70:70:47:66:70:43:51:61:67:69:63:61:66:54:71:56:42:50:52:61:71:66:70:65:62:2:37:68:70:71:65:47:11:51:68:70:62:68:28:69:73:27:68:9:73:49:32:71:73:51:66:14:38:56:46:52:63:73:42:31:60:58:67
31,0,72,0,859,0:1:1:0:2:2:3:3:2:4:5:2:1:4:5:4:5:3:5:6:0:6:7:5:4:7:7:6:2:4:19:8:7:9:9:2:7:6:10:10:8:7:1:11:11:0:9:11:2:12:18:12:10:8:9:13:14:13:6:10:11:13:15:14:15:16:17:17:14:12:15:18:19:17:7:16:18:6:19:18:4:8:4:0:15:23:20:21:19:21:1:22:5:16:20:22:16:16:12:3:23:14:21:16:23:23:23:18:19:29:22:4:25:17:14:26:20:12:17:2:26:23:21:25:9:4:0:27:26:25:22:27:19:27:11:16:27:14:15:14:25:28:28:29:5:27:30:29:30:30:28:24:28:26:13:31:31:30:13:17:14:20:31:11:32:13:16:33:32:24:32:33:34:23:34:3:36:36:35:30:28:10:34:10:15:33:15:15:24:45:21:0:8:19:22:26:35:21:6:37:37:38:38:37:25:38:39:32:39:31:40:34:40:38:24:3:37:39:41:9:9:29:34:41:41:27:42:17:42:40:43:46:36:43:43:42:37:44:43:41:4:45:42:10:8:40:36:45:29:26:36:33:40:46:18:40:38:9:46:34:20:24:33:33:39:36:1:48:40:48:30:28:3:44:31:43:27:22:36:45:39:35:45:24:12:45:8:45:30:32:45:48:31:35:26:48:30:25:15:49:29:44:41:45:49:11:17:1:37:38:53:51:54:51:32:10:48:51:7:48:52:57:52:53:12:21:53:19:11:42:39:53:1:33:17:52:25:23:49:41:23:44:19:12:54:57:54:56:19:31:56:54:36:47:57:51:53:41:35:54:35:43:49:3:27:33:52:46:49:59:60:60:60:46:56:59:8:58:42:60:12:21:8:59:47:58:58:52:29:63:18:29:50:21:20:60:8:31:59:60:59:47:34:56:1:57:48:22:46:63:64:58:39:61:44:67:65:5:67:27:44:39:65:58:59:64:67:64:66:67:69:61:62:35:57:64:69:70:70:47:66:70:43:51:61:67:69:63:61:66:54:71:56:42:50:52:61:71:66:70:65:62:2:37:68:70:71:65:47:11:51:68:70:62:68:28:69:73:27:68:9:73:49:32:71:73:51:66:14:38:56:46:52:63:73:42:31:60:58:67
32,0,72,0,858,0:1:1:0:2:2:3:3:2:4:5:2:1:4:5:4:5:3:5:6:0:6:7:5:4:7:7:6:2:4:19:8:7:9:9:2:7:6:10:10:8:7:1:11:11:0:9:11:2:12:18:12:10:8:9:13:14:13:6:10:11:13:15:14:15:16:17:17:14:12:15:18:19:17:7:16:18:6:19:18:4:8:4:0:15:23:20:21:19:21:1:22:5:16:20:22:16:16:12:3:23:14:21:16:23:23:23:18:19:29:22:4:25:17:14:26:20:12:17:2:26:23:21:25:9:4:0:27:26:25:22:27:19:27:11:16:27:14:15:14:25:28:28:29:5:27:30:29:30:30:28:24:28:26:13:31:31:30:13:17:14:20:31:11:32:13:16:33:32:24:32:33:34:23:34:3:36:36:35:30:28:10:34:10:15:33:15:15:24:45:21:0:8:19:22:26:35:21:6:37:37:38:38:37:25:38:39:32:39:31:40:34:40:38:24:3:37:39:41:9:9:29:34:41:41:27:42:17:42:40:43:46:36:43:43:42:37:44:43:41:4:45:42:10:8:40:36:45:29:26:36:33:40:46:18:40:38:9:46:34:20:24:33:33:39:36:1:48:40:48:30:28:3:44:31:43:27:22:36:45:39:35:45:24:12:45:8:45:30:32:45:48:31:35:26:48:30:25:15:49:29:44:41:45:49:11:17:1:37:38:57:51:54:51:32:10:48:51:7:48:52:57:52:57:12:21:57:19:11:42:39:57:1:33:17:52:25:23:49:41:23:44:19:12:54:53:54:56:19:31:56:54:36:47:53:51:53:41:35:54:35:43:49:3:27:33:52:46:49:59:60:60:60:46:56:59:8:58:42:60:12:21:8:59:47:58:58:52:29:63:18:29:50:21:20:60:8:31:59:60:59:47:34:56:1:50:48:22:46:63:64:58:39:61:44:67:65:5:67:27:44:39:65:58:59:64:67:64:66:67:69:61:62:35:53:64:69:70:70:47:66:70:43:51:61:67:69:63:61:66:54:71:56:42:50:52:61:71:66:70:65:62:2:37:68:70:71:65:47:11:51:68:70:62:68:28:69:73:27:68:9:73:49:32:71:73:51:66:14:38:56:46:52:63:73:42:31:60:58:67
33,0,72,0,857,0:1:1:0:2:2:3:3:2:4:5:2:1:4:5:4:5:3:5:6:0:6:7:5:4:7:7:6:2:4:19:8:7:9:9:2:7:6:10:10:8:7:1:11:11:0:9:11:2:12:18:12:10:8:9:13:14:5:6:10:11:13:15:14:15:16:17:17:14:12:15:18:19:17:7:16:18:6:19:18:4:8:4:0:15:23:20:21:19:21:1:22:5:16:20:22:16:16:12:3:23:14:21:16:11:23:23:18:19:29:22:4:25:17:14:26:20:12:17:2:26:23:21:25:9:4:0:27:26:25:22:27:19:27:11:16:27:14:15:14:25:28:28:29:5:27:30:29:30:30:28:24:28:26:23:31:31:30:13:17:14:20:31:11:32:13:16:33:32:24:32:33:34:23:34:3:36:36:35:30:28:10:34:10:24:33:15:15:24:45:21:0:8:19:22:26:35:21:6:37:37:38:38:37:25:38:39:32:39:31:40:34:40:38:24:3:37:39:41:9:9:29:34:41:41:27:42:17:42:40:43:46:36:43:43:42:37:44:43:41:4:45:42:10:8:40:36:45:29:26:36:33:40:46:18:40:38:9:46:34:20:24:33:33:39:36:1:48:40:48:30:28:3:44:31:43:27:22:36:45:39:35:45:24:12:45:8:45:30:32:45:48:31:7:26:48:30:25:15:49:29:44:41:45:49:11:17:1:37:38:57:51:54:51:32:10:35:51:7:48:48:57:54:57:12:21:57:19:57:42:39:57:1:33:17:51:25:23:49:41:23:44:19:12:54:53:54:56:19:31:56:54:36:47:53:51:53:41:35:13:35:43:49:3:27:33:52:46:49:59:60:60:60:46:56:59:8:58:42:60:12:21:8:59:47:58:58:52:29:63:18:29:50:21:20:60:8:31:59:60:59:47:34:56:1:50:48:22:46:63:64:58:39:61:44:67:65:5:67:27:44:39:65:58:59:64:67:64:66:67:69:61:62:35:53:64:69:70:70:47:66:70:43:65:61:67:69:63:61:66:71:71:56:42:50:52:61:71:66:70:65:62:2:37:68:70:71:65:47:11:51:68:70:62:68:28:69:73:27:68:9:73:49:32:71:73:51:66:14:38:56:46:52:63:73:42:31:60:58:67
36,1,72,0,856,0:1:1:0:2:2:3:3:2:4:5:2:1:4:5:4:5:3:5:6:0:6:7:5:4:7:7:6:2:4:19:8:7:9:9:2:7:6:10:10:8:7:1:11:11:0:9:11:2:12:18:12:10:8:9:13:14:5:6:10:11:13:15:14:15:16:17:17:14:12:15:18:19:17:7:16:18:6:19:18:4:8:4:0:15:23:20:21:19:21:1:22:5:16:20:22:16:16:12:3:23:14:21:16:11:23:23:18:19:29:22:4:25:17:14:26:20:12:17:2:26:23:21:25:9:4:0:27:26:25:22:27:19:27:11:16:27:14:15:14:25:28:28:29:5:27:30:29:30:30:28:24:28:26:23:31:31:30:13:17:14:20:31:11:32:13:16:33:32:24:32:33:34:23:34:3:36:36:35:30:28:10:34:10:24:33:15:15:24:45:21:0:8:19:22:26:35:21:6:37:37:38:38:37:25:38:39:32:39:31:40:34:40:38:24:3:37:39:41:9:9:29:34:41:41:27:42:17:42:40:43:46:36:43:43:42:37:44:43:41:4:45:42:10:8:40:36:45:29:26:36:33:40:46:18:40:38:9:46:34:20:24:33:33:39:36:1:48:40:48:30:28:3:44:31:43:27:22:36:45:39:35:45:24:12:45:8:45:30:32:45:48:31:7:26:48:30:25:15:49:29:44:41:45:49:11:17:1:37:38:57:51:54:51:32:10:35:51:7:48:48:57:54:57:12:21:57:19:57:42:39:57:1:33:17:51:25:23:49:41:23:44:19:12:54:53:54:56:19:31:56:54:36:47:53:51:53:41:35:13:35:43:49:3:27:33:52:46:49:59:60:60:60:46:56:59:8:58:42:60:12:21:8:59:47:13:58:52:29:63:18:29:50:21:20:60:8:31:59:60:59:47:34:56:1:50:48:22:46:63:50:64:39:61:44:67:64:5:67:27:44:39:58:58:59:64:67:62:66:67:69:61:62:35:53:62:69:70:70:47:66:70:43:65:61:67:69:63:61:66:71:71:56:42:50:52:61:71:66:70:65:62:2:37:68:70:71:65:47:11:51:68:70:62:68:28:69:73:27:68:9:73:49:32:71:73:51:66:14:38:56:46:52:63:73:42:31:60:58:67
37,1,72,0,855,0:1:1:0:2:2:3:3:2:4:5:2:1:4:5:4:5:3:5:6:0:6:7:5:4:7:7:6:2:4:19:8:7:9:9:2:7:6:10:10:8:7:1:11:9:0:9:11:2:12:18:12:10:8:9:13:14:5:6:10:11:13:15:14:15:16:17:17:14:12:15:18:19:17:7:16:18:6:19:18:4:8:4:0:15:23:20:21:19:21:1:22:5:16:20:22:16:16:12:3:23:14:21:16:11:23:23:18:19:29:22:4:25:17:14:26:20:12:17:2:26:23:21:25:9:4:0:27:26:25:22:27:19:27:11:16:27:14:15:14:25:28:28:29:5:27:30:29:30:30:28:24:28:26:23:31:31:30:13:17:14:20:31:11:32:13:16:33:32:24:32:33:34:23:34:3:36:36:35:30:28:10:34:10:24:33:15:15:24:45:21:0:8:19:22:26:35:21:6:37:37:38:38:37:25:38:39:32:39:31:40:34:40:38:24:3:37:39:41:9:9:29:34:41:41:27:42:17:42:40:43:46:36:43:43:42:37:44:43:41:4:45:42:10:8:40:36:45:29:26:36:33:40:46:18:40:38:9:46:34:20:24:33:33:39:36:1:48:40:48:30:28:3:44:31:43:27:22:36:45:39:35:45:24:12:45:8:45:30:32:45:48:31:7:26:48:30:25:15:49:29:44:41:45:49:11:17:1:37:38:57:51:54:51:32:10:35:51:7:48:48:57:54:57:12:21:57:19:57:42:39:57:1:33:17:51:25:23:49:41:23:44:19:12:54:53:54:56:19:31:56:54:36:47:53:51:53:41:35:13:35:43:49:3:27:33:52:46:49:59:60:60:60:46:56:59:8:58:42:60:12:21:8:59:47:13:58:52:29:63:18:29:50:21:20:60:8:31:59:60:59:47:34:56:1:50:48:22:46:63:50:64:39:61:44:67:64:5:67:27:44:39:58:58:59:64:67:62:66:67:69:61:62:35:53:62:69:70:70:47:66:70:43:20:61:67:69:63:61:66:71:71:56:42:50:52:61:71:66:70:65:62:2:37:68:70:71:65:47:11:51:68:70:62:68:28:69:73:27:68:65:73:49:32:71:73:51:66:14:38:56:46:52:63:73:42:31:60:58:67
39,1,72,0,854,0:1:1:0:2:2:3:3:2:4:5:2:1:4:5:4:5:3:5:6:0:6:7:5:4:7:7:6:2:4:19:8:7:9:9:2:7:6:10:10:8:7:1:11:9:0:9:11:2:12:18:12:10:8:9:13:14:5:6:10:11:13:15:14:15:16:17:17:14:12:15:18:19:17:7:16:18:6:19:18:4:8:4:0:15:23:20:21:19:21:1:22:5:16:20:22:16:16:12:3:23:14:21:16:11:23:23:18:19:29:22:4:25:17:14:26:20:12:17:2:26:23:21:25:9:4:0:27:26:25:22:20:19:15:11:16:27:14:15:14:25:28:28:29:5:27:30:29:30:30:28:24:28:26:23:31:31:30:13:17:14:20:31:11:32:13:16:33:32:24:32:33:34:23:34:3:36:36:35:30:28:10:34:10:24:33:15:15:24:45:21:0:8:19:22:26:35:21:6:37:37:38:38:37:25:38:39:32:39:31:40:34:40:38:24:3:37:39:41:9:9:29:34:41:41:27:42:17:42:40:43:46:36:43:43:42:37:44:43:41:4:45:42:10:8:40:36:45:29:26:36:33:40:46:18:40:38:9:46:34:20:24:33:33:39:36:1:48:40:48:30:28:3:44:31:43:27:22:36:45:39:35:45:24:12:45:8:45:30:32:45:48:31:7:26:48:30:25:15:49:29:44:41:45:49:11:17:1:37:38:57:51:54:51:32:10:35:51:7:48:48:57:54:57:12:21:57:19:57:42:39:57:1:33:17:51:25:23:49:41:23:44:19:12:54:53:54:56:19:31:56:54:36:47:53:51:53:41:35:13:35:43:49:3:27:33:52:46:49:59:60:60:60:46:56:59:8:58:42:60:12:21:8:59:47:13:58:52:29:63:18:29:50:21:20:60:8:31:59:60:59:47:34:56:1:50:48:22:46:63:50:64:39:61:44:67:64:5:67:27:63:39:58:58:59:64:67:62:66:67:69:61:62:35:53:62:69:70:70:47:66:70:43:20:61:69:69:63:61:66:44:67:56:42:50:52:61:32:66:70:65:62:2:37:68:70:42:65:47:11:51:68:70:62:68:28:69:73:27:68:65:73:49:32:71:73:51:66:14:38:56:46:52:63:73:42:31:60:58:67
42,1,71,0,852,0:1:1:0:2:2:3:3:2:4:5:2:1:4:5:4:5:3:5:6:0:6:7:5:4:7:7:6:2:4:19:8:7:9:9:2:7:6:10:10:8:7:1:11:9:0:9:11:2:12:18:12:10:8:9:13:14:5:6:10:11:13:15:14:15:16:17:17:14:12:15:18:19:17:7:16:18:6:19:18:4:8:4:0:15:23:20:21:19:21:1:22:5:16:20:22:16:16:12:3:23:14:21:16:11:23:23:18:19:29:22:4:25:17:14:26:20:12:17:2:26:23:21:25:9:4:0:27:26:25:22:20:19:15:11:16:27:14:15:14:25:28:28:29:5:27:30:29:30:30:28:24:28:26:23:31:31:30:13:17:14:20:31:11:32:13:16:33:32:24:32:33:34:23:34:3:36:36:35:30:28:10:34:10:24:33:15:15:24:45:21:0:8:19:22:26:35:21:6:37:37:38:38:37:25:38:39:32:39:31:40:34:40:38:24:3:37:39:41:9:9:29:34:41:41:27:42:17:42:40:43:46:36:43:43:42:37:44:43:41:4:45:42:10:8:40:36:45:29:26:36:33:40:46:18:40:38:9:46:34:20:24:33:33:39:36:1:48:40:48:30:28:3:44:31:43:27:22:36:45:39:35:45:24:12:45:8:45:30:32:45:48:31:7:26:48:30:25:15:49:29:44:41:45:49:11:17:1:37:38:57:51:54:51:32:10:35:51:7:48:48:57:54:57:12:21:57:19:57:42:39:57:1:33:17:51:25:23:49:41:23:44:19:12:54:53:54:56:19:31:56:54:36:47:53:51:53:41:35:13:35:43:49:3:27:33:52:46:49:59:60:60:60:46:56:59:8:58:42:60:12:21:8:59:47:13:58:52:29:52:18:29:50:21:20:60:8:31:59:60:59:47:34:56:1:50:48:22:46:63:50:64:39:61:44:67:64:5:67:27:63:39:58:58:59:64:67:62:66:67:69:61:62:35:53:62:69:70:70:47:66:70:43:20:61:69:69:63:61:66:44:67:56:42:50:52:61:32:66:70:65:62:2:37:68:70:42:65:47:11:51:68:70:62:68:28:69:73:27:68:65:73:49:32:64:73:51:66:14:38:56:46:52:63:73:42:31:60:58:67
45,1,70,0,851,0:1:1:0:2:2:3:3:2:4:5:2:1:4:5:4:5:3:5:6:0:6:7:5:4:7:7:6:2:4:19:8:7:9:9:2:7:6:10:10:8:7:1:11:9:0:9:11:2:12:18:12:10:8:9:13:14:5:6:10:11:13:15:14:15:16:17:17:14:12:15:18:19:17:7:16:16:6:19:18:4:8:4:0:15:23:20:21:19:21:1:22:5:16:20:22:16:16:12:3:23:14:21:16:11:23:23:18:19:29:22:4:25:17:14:26:20:12:17:2:26:23:21:25:9:4:0:45:26:25:22:20:19:15:11:16:27:14:15:14:25:28:28:29:5:27:30:29:30:30:28:24:28:26:23:31:31:30:13:17:14:20:31:11:32:13:16:33:32:24:32:33:34:23:34:3:13:27:35:30:28:10:8:10:24:33:15:15:24:18:21:0:8:19:22:26:35:21:6:37:37:38:38:37:25:38:39:32:39:31:40:34:40:38:24:3:37:39:41:9:9:29:34:41:41:27:42:17:42:40:43:46:36:18:43:42:37:44:43:41:4:43:42:10:8:3:36:45:29:26:36:33:40:46:18:40:38:9:46:36:20:24:33:33:39:44:1:48:40:48:30:28:3:44:31:43:27:22:44:38:39:35:11:24:12:45:8:45:30:32:45:48:31:7:26:48:30:25:15:49:29:44:41:45:49:11:17:1:37:38:34:51:54:51:32:10:35:45:7:48:48:65:54:65:12:21:51:19:47:42:39:40:1:33:17:51:25:23:49:41:23:65:19:12:54:53:54:56:19:31:56:54:36:47:53:51:53:41:35:13:35:43:49:48:65:33:52:46:49:59:60:60:60:46:56:59:8:58:42:60:12:21:8:59:47:13:58:52:29:52:18:29:50:21:20:60:8:31:59:60:59:47:34:56:1:50:48:22:46:63:50:64:39:61:44:67:64:5:67:27:63:39:58:58:59:64:67:62:66:67:69:61:62:35:53:62:69:70:70:47:66:70:28:20:61:69:69:63:61:66:40:67:56:42:50:52:61:32:66:70:64:62:2:37:68:70:42:65:66:11:51:68:70:62:68:28:69:73:27:68:65:73:49:32:64:73:51:66:14:38:56:46:52:63:73:42:31:60:58:67
52,1,70,0,850,0:1:1:0:2:2:3:3:2:4:5:2:1:4:5:4:5:3:5:6:0:6:7:5:4:7:7:6:2:4:19:8:7:9:9:2:7:6:10:10:8:7:1:11:11:0:9:11:2:12:18:12:10:8:9:13:14:5:6:10:11:13:15:14:15:16:17:17:14:12:15:18:19:17:7:16:16:6:19:18:4:8:4:0:15:23:20:21:19:21:1:22:5:16:20:22:16:16:12:3:23:14:21:16:11:23:23:18:19:29:22:4:25:17:14:26:20:12:17:2:26:23:21:25:18:4:0:45:26:25:22:20:19:15:11:16:27:14:15:14:25:28:28:29:5:27:30:29:30:30:28:24:28:26:23:31:31:30:13:17:14:20:31:11:32:13:16:33:32:24:32:33:34:23:34:3:13:27:45:30:28:10:8:10:24:33:15:15:24:18:21:0:8:19:22:26:35:21:6:37:37:38:38:37:25:38:39:32:39:31:40:34:40:38:24:3:37:39:41:9:9:29:34:41:41:36:42:17:42:40:43:46:36:18:43:42:37:44:43:41:4:43:42:10:8:3:36:45:29:26:36:33:40:46:18:40:38:9:46:36:20:24:33:33:39:44:1:48:40:48:30:28:3:44:31:43:27:22:44:38:39:35:11:24:12:45:8:35:30:32:45:48:31:7:26:48:30:25:15:49:29:44:41:45:49:11:17:1:37:38:34:51:54:51:32:10:35:45:7:48:48:65:54:65:12:21:51:19:47:42:39:40:1:33:17:51:25:23:49:41:23:65:19:12:26:53:54:56:19:31:56:54:36:47:53:51:53:41:53:13:35:43:49:48:65:33:52:46:49:59:60:60:60:46:56:59:8:58:42:60:12:21:8:59:47:13:58:52:29:52:18:29:50:21:20:60:8:31:59:60:59:47:34:56:1:50:48:22:46:63:50:64:39:61:44:67:64:5:67:27:63:39:58:58:59:64:67:62:66:67:69:61:62:54:53:62:69:70:70:47:66:70:28:20:61:69:69:63:61:66:40:67:56:42:50:52:61:32:66:70:64:62:2:37:68:70:42:65:66:11:51:68:70:62:68:28:69:73:27:68:65:73:49:32:64:73:51:66:14:38:56:46:52:63:73:42:31:60:58:67
57,1,70,0,849,0:1:1:0:2:2:3:3:2:4:5:2:1:4:5:4:5:3:5:6:0:6:7:5:4:7:7:6:2:4:19:8:7:9:9:2:7:6:10:10:8:7:1:11:9:0:9:11:2:12:18:12:10:8:9:13:14:5:6:10:11:13:15:14:15:16:17:17:14:12:15:18:19:17:7:16:16:6:19:18:4:8:4:0:15:23:20:21:19:21:1:22:5:16:20:22:16:16:12:3:23:14:21:16:11:23:23:18:19:29:22:4:25:17:14:26:20:12:17:2:26:23:21:25:18:4:0:45:26:25:22:20:19:15:11:16:27:14:15:14:25:28:28:29:5:27:30:29:30:30:28:24:28:26:23:31:31:30:13:17:14:20:31:11:32:13:16:33:32:24:32:33:34:23:34:3:13:27:45:30:28:10:8:10:24:33:15:15:24:18:21:0:8:19:22:26:35:21:6:37:37:38:38:37:25:38:39:32:39:31:40:34:40:38:24:3:37:39:41:9:9:29:34:41:41:36:42:17:42:40:43:46:36:18:43:42:45:44:43:41:4:43:42:10:8:3:36:45:29:26:36:33:40:46:18:40:38:9:46:36:20:24:33:33:39:44:1:48:40:48:30:28:3:44:31:43:27:22:44:38:39:35:11:24:12:45:8:35:30:32:45:48:31:7:26:48:30:25:15:49:29:44:41:45:49:11:17:1:37:38:34:51:54:51:32:10:35:45:7:48:48:65:54:65:12:21:51:19:47:42:39:40:1:33:17:51:25:23:49:41:23:65:19:12:26:53:54:37:19:31:11:54:36:47:53:51:53:41:53:13:35:43:49:48:65:33:52:46:49:59:60:60:60:46:56:59:8:58:42:60:12:21:8:59:47:13:58:52:29:52:18:29:50:21:20:60:8:31:59:60:59:47:34:56:1:50:48:22:46:63:50:64:39:61:44:67:64:5:67:27:63:39:58:58:59:64:67:62:66:67:69:61:62:54:53:62:69:70:70:47:66:70:28:20:61:69:69:63:61:66:40:67:56:42:50:52:61:32:66:70:64:62:2:37:68:70:42:65:66:62:51:68:70:62:68:28:69:73:27:68:65:73:49:32:64:73:51:66:14:38:56:46:52:63:73:42:31:60:58:67
68,2,70,0,848,0:1:1:0:2:2:3:3:2:4:5:2:1:4:5:4:5:3:5:6:0:6:7:5:4:7:7:6:2:4:19:8:7:9:9:2:7:6:10:10:8:7:1:11:9:0:9:11:2:12:18:12:10:8:9:13:14:5:6:10:11:13:15:14:15:16:17:17:14:12:15:18:19:17:7:16:16:6:19:18:4:8:4:0:15:23:20:21:19:21:1:22:5:16:20:22:16:16:12:3:23:14:21:16:11:23:23:18:19:29:22:4:25:17:14:26:20:12:17:2:26:23:21:25:18:4:0:45:26:25:22:20:19:15:11:16:27:14:15:14:25:28:28:29:5:27:30:29:30:30:28:24:28:26:23:31:31:30:13:17:14:20:31:11:32:13:16:33:32:24:32:33:34:23:34:3:13:27:45:30:28:10:8:10:24:33:15:15:24:18:21:0:8:19:22:26:35:21:6:37:37:38:38:37:25:38:39:32:39:31:40:34:40:38:24:3:37:39:41:9:9:29:34:41:41:36:42:17:42:40:43:46:36:18:43:42:45:44:43:41:4:43:42:10:8:3:36:45:29:26:36:33:40:46:18:40:38:9:46:36:20:24:33:33:39:44:1:48:40:48:30:28:3:44:31:43:27:22:44:38:39:35:11:24:12:45:8:35:30:32:45:48:31:7:26:48:30:25:15:49:29:44:41:45:49:11:17:1:37:38:34:51:54:51:32:10:35:45:7:48:48:65:54:65:12:21:51:19:47:42:39:40:1:33:17:51:25:23:49:41:23:65:19:12:26:53:54:37:19:31:11:54:36:47:53:51:53:41:53:13:35:43:49:48:65:33:52:46:49:59:60:60:60:46:56:59:8:58:42:60:12:21:8:59:47:13:58:52:29:52:18:29:50:21:20:60:8:31:59:60:59:47:34:56:1:50:48:22:46:63:50:64:39:61:44:9:64:5:27:27:63:39:58:58:59:64:67:62:66:67:69:61:62:54:53:62:69:70:70:47:66:70:28:20:61:69:69:63:61:66:40:67:56:42:50:52:61:32:66:70:64:62:2:37:68:70:42:65:66:62:51:68:70:62:68:28:69:73:27:68:65:73:49:32:64:73:51:66:14:38:56:46:52:63:73:42:31:60:58:67
71,2,70,0,847,0:1:1:0:2:2:3:3:2:4:5:2:1:4:5:4:5:3:5:6:0:6:7:5:4:7:7:6:2:4:19:8:7:9:9:2:7:6:10:10:8:7:1:11:9:0:9:11:2:12:18:12:10:8:9:13:14:5:6:10:11:13:15:14:15:16:17:17:14:12:15:18:19:17:7:16:16:6:19:18:4:8:4:0:15:23:20:21:19:21:1:22:5:16:20:22:16:16:12:3:23:14:21:16:11:23:23:18:19:29:22:4:25:17:14:26:20:12:17:2:26:23:21:25:18:4:0:45:26:25:22:20:19:15:11:16:27:14:15:14:25:28:28:29:5:27:30:29:30:30:28:24:28:26:23:31:31:30:13:17:14:20:31:11:32:13:16:33:32:24:32:33:34:23:34:3:13:27:45:30:28:10:8:10:24:33:15:15:24:18:21:0:8:19:22:26:35:21:6:37:37:38:38:37:25:38:39:32:39:31:40:34:40:38:24:3:37:39:41:9:9:29:34:41:41:36:42:17:42:40:43:46:36:18:43:42:45:44:43:41:4:43:42:10:8:3:36:45:29:26:36:33:40:46:18:40:38:9:46:36:20:24:33:33:39:44:1:48:40:48:30:28:3:44:31:43:27:22:44:38:39:35:11:24:12:45:8:35:30:32:45:48:31:7:26:48:30:25:15:49:29:44:41:45:49:11:17:1:37:38:34:51:54:51:32:10:35:45:7:48:48:65:54:65:12:21:51:19:47:42:39:40:1:33:17:51:25:23:49:41:23:65:19:12:26:53:54:37:19:31:11:54:36:47:53:51:53:41:53:13:35:43:49:48:65:33:52:46:49:59:60:60:60:46:56:59:8:58:42:60:12:21:8:59:47:13:58:52:29:52:18:29:50:21:20:60:8:31:59:60:59:47:53:56:1:50:48:22:46:63:50:34:39:61:44:9:67:5:27:27:63:39:58:58:59:10:67:62:66:67:69:61:62:54:53:62:69:70:70:47:66:70:28:20:61:69:69:63:61:66:40:64:56:42:50:52:61:32:66:70:64:62:2:37:68:70:42:65:66:62:51:68:70:62:68:28:69:73:27:68:65:73:49:32:64:73:51:66:14:38:56:46:52:63:73:42:31:60:58:67
76,2,70,0,846,0:1:1:0:2:2:3:3:2:4:5:2:1:4:5:4:5:3:5:6:0:6:7:5:4:7:7:6:2:4:19:8:7:9:9:2:7:6:10:10:8:7:1:11:9:0:9:11:2:12:18:12:10:8:9:13:14:5:6:10:11:13:15:14:15:16:17:17:14:12:15:18:19:17:7:16:16:6:19:18:4:8:4:0:15:23:20:21:19:21:1:22:5:16:20:22:16:16:12:3:23:14:21:16:11:23:23:18:19:29:22:4:25:17:14:26:20:12:17:2:26:23:21:25:18:4:0:45:26:25:22:20:19:15:11:16:27:14:15:14:25:28:28:29:5:27:30:29:30:30:28:24:28:26:23:31:31:30:13:17:14:20:31:11:32:13:16:33:32:24:32:33:34:23:34:3:13:27:45:30:28:10:8:10:24:33:15:15:24:18:21:0:8:19:22:26:35:21:6:37:37:38:38:37:25:38:39:32:39:31:40:34:40:38:24:3:37:39:41:9:9:29:34:41:41:36:42:17:42:40:43:46:36:18:43:42:45:44:43:41:4:43:42:10:8:3:36:45:29:26:36:33:40:46:18:40:38:9:46:36:20:24:33:33:39:44:1:48:40:48:30:28:3:44:31:43:27:22:44:38:39:35:11:24:12:45:8:35:30:32:45:48:31:7:26:48:30:25:15:49:29:44:41:45:49:11:17:1:37:38:34:51:54:51:32:10:35:45:7:48:48:65:54:65:12:21:51:19:47:42:39:40:1:33:17:51:25:23:49:41:23:65:19:12:26:53:54:37:19:31:11:54:36:47:53:51:53:41:53:13:35:43:49:48:65:33:52:46:49:59:60:60:60:46:56:59:8:58:42:60:12:21:8:59:47:13:58:52:29:52:18:29:50:21:20:60:8:31:59:60:59:47:53:56:1:50:48:22:46:63:50:34:39:61:44:9:67:5:27:27:63:39:58:58:59:10:67:62:66:67:69:61:62:54:53:62:69:70:70:47:66:70:28:20:61:69:69:63:61:66:40:64:56:42:50:52:61:32:66:70:64:62:2:37:13:70:42:65:66:62:51:59:70:62:67:28:69:73:27:68:65:73:49:32:64:73:51:66:14:38:56:46:52:63:73:42:31:60:58:67
78,2,70,0,845,0:1:1:0:2:2:3:3:2:4:5:2:1:4:5:4:5:3:5:6:0:6:7:5:4:7:7:6:2:4:19:8:7:9:9:2:7:6:10:10:8:7:1:11:9:0:9:11:2:12:18:12:10:8:9:13:14:5:6:10:11:13:15:14:15:16:17:17:14:12:15:18:19:17:7:16:16:6:19:18:4:8:4:0:15:23:20:21:19:21:1:22:5:16:20:22:16:16:12:3:23:14:21:16:11:23:23:18:19:29:22:4:25:17:14:26:20:12:17:2:26:23:21:25:18:4:0:45:26:25:22:20:19:15:11:16:27:14:15:14:25:28:28:29:5:27:30:29:30:30:28:24:28:26:23:31:31:30:13:17:14:20:31:11:32:13:16:33:32:24:32:33:34:23:34:3:13:27:45:30:28:10:8:10:24:33:15:15:24:18:21:0:8:19:22:26:35:21:6:37:37:38:38:37:25:38:39:32:39:31:40:34:40:38:24:3:37:39:41:9:9:29:34:41:41:36:42:17:42:40:43:46:36:18:43:42:45:44:43:41:4:43:42:10:8:3:36:45:29:26:36:33:40:46:18:40:38:9:46:36:20:24:33:33:39:44:1:48:40:48:30:28:3:44:31:43:27:22:44:38:39:35:11:24:12:45:8:35:30:32:45:48:31:7:26:48:30:25:15:49:29:44:41:45:49:11:17:1:37:38:34:51:54:51:32:10:35:45:7:48:48:65:54:65:12:21:51:19:47:42:39:40:1:33:17:51:25:23:49:41:23:65:19:12:26:53:54:37:19:31:11:54:36:47:53:51:53:41:53:13:35:43:49:48:65:33:52:46:49:59:60:60:60:46:56:59:8:58:42:60:12:21:8:59:47:13:58:52:29:52:18:29:50:21:20:60:8:31:59:60:59:47:53:56:1:50:48:22:46:63:50:34:39:61:44:9:67:5:27:27:63:39:58:58:59:10:67:50:66:67:69:61:62:54:53:62:69:37:62:47:66:48:28:20:61:69:69:63:61:66:40:64:56:42:50:52:61:32:66:70:64:62:2:37:13:70:42:65:66:62:51:59:70:70:67:28:69:73:27:68:65:73:49:32:64:73:51:66:14:38:56:46:52:63:73:42:31:60:58:67
81,3,70,0,843,0:1:1:0:2:2:3:3:2:4:5:2:1:4:5:4:5:3:5:6:0:6:7:5:4:7:7:6:2:4:19:8:7:9:9:2:7:6:10:10:8:7:1:11:9:0:9:11:2:12:18:12:10:8:9:13:14:5:6:10:11:13:15:14:15:16:17:17:14:12:15:18:19:17:7:16:16:6:19:18:4:8:4:0:15:23:20:21:19:21:1:22:5:16:20:22:16:16:12:3:23:14:21:16:11:23:23:18:19:29:22:4:25:17:14:26:20:12:17:2:26:23:21:25:18:4:0:45:26:25:22:20:19:15:11:16:27:14:15:14:25:28:28:29:5:27:30:29:30:30:28:24:28:26:23:31:31:30:13:17:14:20:31:11:32:13:16:33:32:24:32:33:34:23:34:3:13:27:45:30:28:10:8:10:24:33:15:15:24:18:21:0:8:19:22:26:35:21:6:37:37:38:38:37:25:38:39:32:39:31:40:34:40:38:24:3:37:39:41:9:9:29:34:41:41:36:42:17:42:40:43:46:36:18:43:42:45:44:43:41:4:43:42:10:8:3:36:45:29:26:36:33:40:46:18:40:38:9:46:36:20:24:33:33:39:44:1:48:40:48:30:28:3:44:31:43:27:22:44:38:39:35:11:24:12:45:8:35:30:32:45:48:31:7:26:48:30:25:15:49:29:44:41:45:49:11:17:1:37:38:34:51:54:51:32:10:35:45:7:48:48:65:54:65:12:21:51:19:47:42:39:40:1:33:17:51:25:23:49:41:23:65:19:12:26:53:54:37:19:31:11:54:36:47:53:51:53:41:53:13:35:43:49:48:65:33:27:46:49:59:60:60:60:46:56:59:8:58:42:60:12:21:8:12:47:13:58:52:29:52:18:29:50:21:20:60:8:31:59:60:59:47:53:56:1:50:48:22:46:63:50:34:39:61:44:9:67:5:27:27:63:39:58:58:59:10:67:50:66:67:69:61:62:54:53:62:69:37:62:47:66:48:28:20:61:69:69:63:61:66:40:64:56:42:50:52:61:32:66:70:64:62:2:37:13:70:42:65:66:62:51:59:70:70:67:28:69:73:27:68:65:73:49:32:64:73:51:66:14:38:56:46:52:63:73:42:31:60:58:67
85,3,70,0,842,0:1:1:0:2:2:3:3:2:4:5:2:1:4:5:4:5:3:5:6:0:6:7:5:4:7:7:6:2:4:19:8:7:9:9:2:7:6:10:10:8:7:1:11:9:0:9:11:2:12:18:12:10:8:9:13:14:5:6:10:11:13:15:14:15:16:17:17:14:12:15:18:19:17:7:16:16:6:19:18:4:8:4:0:15:23:20:21:19:21:1:22:4:16:20:22:16:16:12:3:23:14:21:16:11:23:23:18:19:29:22:4:25:17:14:26:20:12:17:2:26:23:21:25:18:4:0:45:26:25:22:20:19:15:11:16:27:14:15:14:25:28:28:29:27:27:30:29:30:30:28:24:28:26:23:31:31:30:13:17:14:20:31:11:32:13:16:33:32:24:32:33:34:23:34:3:13:27:45:30:28:10:8:10:15:33:15:0:24:18:21:0:8:19:22:26:35:21:6:37:37:38:38:37:25:38:5:32:39:31:40:34:40:38:24:3:37:39:41:9:9:29:34:41:41:36:42:17:42:40:43:46:36:18:43:42:45:44:43:41:4:43:42:10:8:3:36:45:29:26:36:33:40:46:18:40:36:9:46:34:20:24:33:33:39:44:1:48:40:48:30:28:3:44:31:43:27:22:44:24:39:35:11:24:12:45:8:35:30:32:45:48:31:7:26:48:30:25:15:38:29:44:41:45:24:11:17:1:37:43:39:51:54:51:32:10:35:45:7:48:48:65:54:65:12:21:51:19:47:42:39:40:1:33:17:51:25:23:49:41:23:65:19:12:26:53:54:37:19:31:11:54:36:47:53:51:53:41:53:13:35:43:49:48:65:33:27:46:49:59:60:60:60:46:56:59:8:58:42:60:12:21:8:12:47:13:58:52:29:52:18:29:50:21:20:60:8:31:59:60:59:47:53:56:1:50:48:22:46:63:50:34:47:61:44:9:67:5:27:27:63:39:58:58:59:10:67:50:66:67:69:61:62:54:53:62:69:37:62:47:66:48:28:20:61:69:69:63:61:66:40:64:56:42:50:52:61:32:66:70:64:62:2:37:13:70:42:65:66:62:51:59:70:70:67:28:69:73:27:68:65:73:49:32:64:73:51:66:14:38:56:46:52:63:73:42:31:60:58:67
86,3,70,0,841,0:1:1:0:2:2:3:3:2:4:5:2:1:4:5:4:5:3:5:6:0:6:7:5:4:7:7:6:2:4:19:8:7:9:9:2:7:6:10:10:8:7:1:11:9:0:9:11:2:12:18:12:10:8:9:13:14:5:6:10:11:13:15:14:15:16:17:17:14:12:15:18:19:17:7:16:16:6:19:18:4:8:4:0:15:23:20:21:19:21:1:22:4:16:20:22:16:16:12:3:23:14:21:16:11:23:23:18:19:29:22:4:25:17:14:26:20:12:17:2:26:23:21:25:18:4:0:45:26:25:22:20:19:15:11:16:27:14:15:14:25:28:28:29:27:22:30:29:30:30:28:24:28:26:23:31:31:30:13:17:14:20:31:11:32:13:16:33:32:24:32:33:34:23:34:3:13:27:45:30:28:10:8:10:15:33:15:0:24:18:21:0:8:19:22:26:35:21:6:37:37:38:27:37:25:38:5:32:39:31:40:34:40:38:24:3:37:39:38:9:9:29:34:41:41:36:42:17:42:40:43:46:36:18:43:42:45:44:43:41:4:43:42:10:8:3:36:45:29:26:36:33:40:46:18:40:36:9:46:34:20:24:33:33:39:44:1:48:40:48:30:28:3:44:31:43:27:22:44:24:39:35:11:24:12:45:8:35:30:32:45:48:31:7:26:48:30:25:15:38:29:44:41:45:24:11:17:1:37:43:39:51:54:51:32:10:35:45:7:48:48:65:54:65:12:21:51:19:47:42:39:40:1:33:17:51:25:23:49:41:23:65:19:12:26:53:54:37:19:31:11:54:36:47:53:51:53:41:53:13:35:43:49:48:65:33:27:46:49:59:60:60:60:46:56:59:8:58:42:60:12:21:8:12:47:13:58:52:29:52:18:29:50:21:20:60:8:31:59:60:59:47:53:56:1:50:48:18:46:63:50:34:47:61:44:9:67:5:27:44:63:39:58:58:59:10:67:50:66:67:69:61:62:54:53:62:69:37:62:47:66:48:28:45:61:69:69:63:61:66:40:64:56:42:50:52:61:32:66:70:64:62:2:37:13:70:42:65:66:62:51:59:70:70:67:28:69:73:27:68:65:73:49:32:64:73:51:66:14:68:56:46:52:63:73:42:31:60:58:67
89,3,70,0,840,0:1:1:0:2:2:3:3:2:4:5:2:1:4:5:4:5:3:5:6:0:6:7:5:4:7:7:6:2:4:19:8:7:9:9:2:7:6:10:10:8:7:1:11:9:0:9:11:2:12:18:12:10:8:9:13:14:5:6:10:11:13:15:14:15:16:17:17:14:12:15:18:19:17:7:16:16:6:19:18:4:8:4:0:15:23:20:21:19:21:1:22:4:16:20:22:16:16:12:3:23:14:21:16:11:23:23:18:19:29:22:4:25:17:14:26:20:12:17:2:26:23:21:25:18:4:0:45:26:25:22:20:19:15:11:16:27:14:15:14:25:28:28:29:27:22:30:29:30:30:28:24:28:26:23:31:31:30:13:17:14:20:31:11:32:13:16:33:32:24:35:33:34:23:34:3:13:27:45:30:28:10:8:10:15:33:15:0:24:18:21:0:8:19:22:26:35:21:6:37:37:38:27:37:25:38:5:32:39:31:40:34:40:38:24:3:37:39:38:9:9:29:34:41:41:36:42:17:42:40:43:46:36:18:43:42:45:44:43:41:4:43:42:10:8:3:36:45:29:26:36:33:40:46:18:40:36:9:46:34:20:24:33:33:39:44:1:48:40:48:30:28:3:44:31:43:27:22:44:24:39:35:11:24:12:45:8:35:30:32:45:48:31:7:26:48:30:25:15:38:29:44:41:45:24:11:17:1:37:43:39:51:54:51:32:10:35:45:7:48:48:65:54:65:12:21:51:19:47:42:39:40:1:33:17:51:25:23:49:41:23:65:19:12:26:53:54:37:19:31:11:54:36:47:53:51:53:41:53:13:35:43:49:48:65:33:27:46:49:59:60:60:60:46:56:59:8:58:42:60:12:21:8:12:47:13:58:63:29:63:18:29:50:21:20:60:8:31:59:60:59:47:53:56:1:50:48:18:46:49:50:34:47:61:44:9:67:5:27:44:63:39:58:58:59:10:67:50:66:67:69:61:62:54:53:62:59:37:62:47:66:48:28:45:61:69:69:63:61:66:40:64:56:42:50:52:61:32:66:70:64:62:2:37:13:70:42:65:66:62:51:59:70:70:67:28:69:73:27:68:65:73:49:32:64:73:51:66:14:68:56:46:52:63:73:42:31:60:58:67
96,3,70,0,839,0:1:1:0:2:2:3:3:2:4:5:2:1:4:5:4:5:3:5:6:0:6:7:5:4:7:7:6:2:4:19:8:7:9:9:2:7:6:10:10:8:7:1:11:9:0:9:11:2:12:18:12:10:8:9:13:14:5:6:10:11:13:15:14:15:16:17:17:14:12:15:18:19:17:7:16:16:6:19:18:4:8:4:0:15:23:20:21:19:21:1:22:4:16:20:22:16:16:12:3:23:14:21:16:11:23:23:18:19:29:22:4:25:17:14:26:20:12:17:2:26:23:21:25:18:4:0:45:26:25:22:20:19:15:11:16:27:14:15:14:25:28:28:29:27:22:30:29:30:30:28:24:28:26:23:31:31:30:13:17:14:20:31:11:32:13:16:33:32:24:35:33:34:23:34:3:13:27:45:30:28:10:8:10:15:33:15:0:24:18:21:0:8:19:22:26:35:21:6:37:37:38:27:37:25:38:5:32:39:31:40:34:40:38:24:3:37:39:38:9:9:29:34:41:41:36:42:17:42:40:43:46:36:18:43:42:45:44:43:41:4:43:42:10:8:3:36:45:29:26:36:33:40:46:18:40:36:9:46:34:20:24:33:33:39:44:1:48:40:48:30:28:3:44:31:43:27:22:44:24:39:35:11:24:12:45:8:35:30:32:45:48:31:7:26:48:30:25:15:38:29:44:41:45:24:11:17:1:37:43:39:51:54:51:32:10:38:45:7:48:48:65:54:65:12:21:51:19:47:42:39:40:1:33:17:51:25:23:49:41:23:65:19:12:26:53:54:37:19:31:11:54:36:47:53:51:54:41:53:13:35:43:49:48:65:33:27:46:49:59:60:60:60:46:56:59:8:58:42:60:12:21:8:12:47:13:58:63:29:63:18:29:35:21:20:60:8:31:59:60:59:47:53:56:1:53:48:18:46:49:50:34:47:61:44:9:67:5:27:44:63:39:58:58:59:10:67:50:66:67:69:61:62:54:53:62:59:37:62:47:66:48:28:45:61:69:69:63:61:66:40:64:56:42:50:52:61:32:66:70:64:62:2:37:13:70:42:65:66:62:51:59:70:70:67:28:69:73:27:68:65:73:49:32:64:73:51:66:14:68:56:46:52:63:73:42:31:60:58:67
97,3,70,0,838,0:1:1:0:2:2:16:12:2:4:5:2:1:4:5:4:5:1:5:6:0:6:7:5:4:7:7:6:2:4:19:8:7:9:9:2:7:6:10:10:8:7:1:11:9:0:9:11:2:12:18:12:10:8:9:13:14:5:6:10:11:13:15:14:15:16:17:17:14:12:15:18:19:17:7:29:16:6:19:18:4:8:4:0:15:23:27:21:19:21:1:22:4:16:20:22:16:16:12:3:23:14:21:16:11:23:23:18:19:29:22:4:25:17:14:26:20:12:17:2:26:23:21:25:18:4:0:45:26:25:22:20:19:15:11:16:27:13:15:14:25:28:28:29:27:22:30:29:30:30:28:24:28:26:23:31:31:30:13:17:14:20:31:11:32:13:16:33:32:24:32:33:34:23:34:3:13:27:45:30:28:10:8:10:15:33:15:0:24:18:21:0:8:19:22:26:3:21:6:37:37:38:27:37:25:38:5:32:39:31:40:34:40:38:24:3:37:39:38:9:9:29:34:41:41:36:42:17:42:40:43:46:36:18:43:42:45:44:3:41:4:43:42:10:8:3:36:45:29:26:36:33:20:46:18:40:36:9:46:34:20:24:33:33:39:44:1:48:40:48:30:28:40:44:31:43:27:22:44:24:39:35:11:24:41:45:8:35:30:32:45:48:31:7:26:48:30:25:15:38:3:44:41:45:24:11:17:43:37:43:39:51:54:51:32:10:38:45:7:48:48:65:54:65:37:21:51:19:47:42:39:40:5:33:17:51:25:23:49:41:23:65:19:35:26:53:54:37:19:31:11:54:36:47:53:51:54:41:53:13:35:43:49:48:65:33:27:46:49:59:60:60:60:46:56:59:8:58:42:60:12:21:8:12:47:13:58:63:29:63:18:29:35:21:20:60:8:31:59:60:59:47:53:56:1:53:48:18:46:49:50:34:47:61:44:9:67:5:50:44:63:39:58:58:59:10:67:50:66:67:69:61:62:54:53:62:59:37:62:47:66:48:28:45:61:69:69:63:61:66:64:64:56:42:50:52:61:32:66:70:64:62:2:37:13:70:42:65:66:62:51:59:70:70:67:28:69:73:27:68:65:73:49:32:64:73:51:66:14:68:56:46:52:63:73:42:31:60:58:67
100,3,70,0,837,0:1:1:0:2:2:16:12:2:4:5:2:1:4:5:4:5:1:5:6:0:6:7:5:4:7:7:6:2:4:19:8:7:9:9:2:7:6:10:10:8:7:1:11:9:0:9:11:2:12:18:12:10:8:9:13:14:5:6:10:11:13:15:14:15:16:17:17:14:12:15:18:19:17:7:29:16:6:19:18:4:8:4:0:15:23:27:21:19:21:1:22:4:16:20:22:16:16:12:3:23:14:21:16:11:23:23:18:19:29:22:4:25:17:14:26:20:12:17:2:26:23:21:25:18:4:0:45:26:25:22:20:19:15:11:16:27:13:15:14:25:28:28:29:27:22:30:29:30:30:28:24:28:26:23:31:31:30:13:17:14:20:31:11:32:13:16:33:32:24:32:33:34:23:34:3:13:27:45:30:28:10:8:10:15:33:15:0:24:18:21:0:8:19:22:26:3:21:6:37:37:38:27:37:25:38:5:32:39:31:40:34:40:38:24:3:37:39:38:9:9:29:34:41:41:36:42:17:42:40:43:46:36:18:43:42:45:44:3:41:4:43:42:10:8:3:36:45:29:26:36:33:20:46:18:40:36:9:46:34:20:24:33:33:39:44:1:48:40:48:30:28:40:44:31:43:27:22:44:24:39:35:11:24:41:45:8:35:30:32:45:48:31:7:26:48:30:25:15:38:3:44:41:45:24:11:17:43:37:43:39:51:54:51:32:10:38:45:7:48:48:65:54:65:37:21:51:19:38:42:39:40:5:33:17:51:25:23:49:41:23:65:19:35:26:53:54:37:19:31:11:54:36:47:53:51:54:41:53:13:35:43:49:48:65:33:27:46:49:59:60:60:60:46:56:59:8:58:42:60:12:21:8:12:47:13:58:63:29:63:18:29:35:21:20:60:8:31:59:60:59:47:53:56:1:53:48:18:46:49:50:34:47:61:44:9:67:5:50:44:63:39:58:58:59:10:67:50:66:67:69:61:62:54:53:62:59:37:62:47:66:48:28:45:61:69:69:63:61:66:64:64:56:42:50:52:61:32:66:70:64:62:2:37:13:70:42:65:66:62:51:59:70:70:67:28:69:73:27:68:65:73:49:32:64:73:51:66:14:68:56:46:52:63:73:42:31:60:58:67
101,3,69,0,836,0:1:1:0:2:2:16:12:2:4:5:2:1:4:5:4:5:1:5:6:0:6:7:5:4:7:7:6:2:4:19:8:7:9:9:2:7:6:10:10:8:7:1:11:9:0:9:11:2:12:18:12:10:8:9:13:14:5:6:10:11:13:15:14:15:16:17:17:14:12:15:18:19:17:7:29:16:6:19:18:4:8:4:0:15:23:27:21:19:21:1:22:4:16:20:22:16:16:12:3:23:14:21:16:11:23:23:18:19:29:22:4:25:17:14:26:20:12:17:2:26:23:21:25:18:4:0:45:26:25:22:20:19:15:11:16:27:13:15:14:25:28:28:29:27:22:30:29:30:30:28:24:28:26:23:31:31:30:13:17:14:20:31:11:32:13:16:33:32:24:32:33:34:23:34:3:13:27:45:30:28:10:8:10:15:33:15:0:24:18:21:0:8:19:22:26:3:21:6:37:37:38:27:37:25:38:5:32:39:31:40:34:40:38:24:3:37:39:38:9:9:29:34:41:41:36:42:17:42:40:43:46:36:18:43:42:45:44:3:41:4:43:42:10:8:3:36:45:29:26:36:33:20:46:18:40:36:9:46:34:20:24:33:33:39:44:1:48:40:48:30:28:40:44:31:43:27:22:44:24:39:35:11:24:41:45:8:35:30:32:45:48:31:7:26:48:30:25:15:38:3:44:41:45:24:11:17:43:37:43:39:51:54:51:32:10:38:45:7:48:48:65:54:65:37:21:51:19:38:42:39:40:5:33:17:51:25:23:49:41:23:65:19:35:26:53:54:37:19:31:11:54:36:47:53:51:54:41:53:13:35:43:49:48:65:33:27:46:49:59:60:60:60:46:56:59:8:58:42:60:12:21:8:12:47:13:58:63:29:63:18:29:35:21:20:60:8:31:59:60:59:47:53:56:1:53:48:18:46:49:50:34:47:61:44:9:67:5:50:44:63:39:58:58:59:10:67:50:66:67:69:47:62:54:53:62:59:37:62:47:66:48:28:45:61:69:69:63:61:66:64:64:56:42:50:52:61:32:66:70:64:62:2:37:13:58:42:65:66:62:51:59:70:70:67:28:69:61:27:53:65:70:49:32:64:68:51:66:14:64:56:46:52:63:52:42:31:60:58:67
102,3,69,0,835,0:1:1:0:2:2:16:12:2:4:5:2:1:4:5:4:5:1:5:6:0:6:7:5:4:7:7:6:2:4:19:8:7:9:9:2:7:6:10:10:8:7:1:11:9:0:9:11:2:12:18:12:10:8:9:13:14:5:6:10:11:13:15:14:15:16:17:17:14:12:15:18:19:17:7:29:16:6:19:18:4:8:4:0:15:23:27:21:19:21:1:22:4:16:20:22:16:16:12:3:23:14:21:16:11:23:23:18:19:29:22:4:25:17:14:26:20:12:17:2:26:23:21:25:18:4:0:45:26:25:22:20:19:15:11:16:27:13:15:14:25:28:28:29:27:22:30:29:30:30:28:24:28:26:23:31:31:30:13:17:14:20:31:11:32:13:16:33:32:24:32:33:34:23:34:3:13:27:45:30:28:10:8:10:15:33:15:15:24:18:21:0:8:19:22:26:3:21:6:37:37:38:27:37:25:38:5:32:39:31:40:34:40:38:24:3:37:39:38:9:9:29:34:35:41:36:42:17:42:40:43:46:36:18:43:42:45:41:3:41:4:43:42:10:8:3:36:45:29:26:36:33:20:46:18:40:36:9:46:34:20:24:33:33:39:44:1:48:40:48:30:28:40:44:31:43:27:22:44:24:39:43:11:24:41:45:8:35:30:32:45:48:31:7:26:48:30:25:15:38:3:44:41:45:24:11:17:43:37:43:39:51:54:51:32:10:38:45:7:48:48:65:54:65:37:21:51:19:38:42:39:40:5:33:17:51:25:23:44:41:23:65:19:35:26:53:54:37:19:31:11:54:36:47:53:51:54:41:53:13:35:43:49:48:65:33:27:46:49:59:60:60:60:46:56:59:8:58:42:60:12:21:8:12:47:13:58:63:29:63:18:29:35:21:20:60:8:31:59:60:59:47:53:56:1:53:48:18:46:49:50:34:47:61:44:9:67:5:50:44:63:39:58:58:59:10:67:50:66:67:69:47:62:54:53:62:59:37:62:47:66:48:28:45:61:69:69:63:61:66:64:64:56:42:50:52:61:32:66:70:64:62:2:37:13:58:42:65:66:62:51:59:70:70:67:28:69:61:27:53:65:70:49:32:64:68:51:66:14:64:56:46:52:63:52:42:31:60:58:67
103,3,69,0,834,0:1:1:0:2:2:16:12:2:4:5:2:1:4:5:4:5:1:5:6:0:6:7:5:4:7:7:6:2:4:19:8:7:9:9:2:7:6:10:10:8:7:1:11:9:0:9:11:2:12:18:12:10:8:9:13:14:5:6:10:11:13:15:14:15:16:17:17:14:12:15:18:19:17:7:29:16:6:19:18:4:8:4:0:15:23:27:21:19:21:1:22:4:16:20:22:16:16:12:3:23:14:21:16:11:23:23:18:19:29:22:4:25:17:14:26:20:12:17:2:26:23:21:25:18:4:0:45:26:25:22:20:19:15:11:16:27:13:15:14:25:28:28:29:27:22:30:29:30:30:28:24:28:26:23:31:31:30:13:17:14:20:31:11:32:13:16:33:32:24:32:33:34:23:34:3:13:27:45:30:28:10:8:10:15:33:15:15:24:18:21:0:8:19:22:26:3:21:6:37:37:38:27:37:25:38:5:32:39:31:40:34:40:38:24:3:37:39:38:9:9:29:34:35:41:36:42:17:42:40:43:46:36:18:43:42:45:41:3:41:4:43:42:10:8:3:36:45:29:26:36:33:20:46:18:40:36:9:46:34:20:24:33:33:39:44:1:48:40:48:30:28:40:44:31:43:27:22:44:24:39:43:11:24:35:45:8:35:30:32:45:48:31:7:26:48:30:25:15:38:3:44:41:45:24:11:17:43:37:43:39:51:54:51:32:10:38:45:7:48:48:65:54:65:37:21:51:19:38:42:39:40:5:33:17:51:25:23:44:41:23:65:19:35:26:53:54:37:19:31:11:54:36:47:53:51:54:41:53:13:35:43:49:48:65:33:27:46:49:59:60:60:60:46:56:59:8:58:42:60:12:21:8:12:47:13:58:63:29:63:18:29:35:21:20:60:8:31:59:60:59:47:53:56:1:53:48:18:46:49:50:34:47:61:44:9:67:5:50:44:63:39:58:58:59:10:67:50:66:67:69:47:62:54:53:62:59:37:62:47:66:48:28:45:61:69:69:63:61:66:65:41:56:42:50:52:61:32:66:70:47:62:2:37:13:58:42:65:66:62:51:59:70:70:67:28:69:61:27:53:68:70:49:32:64:68:51:66:14:64:56:46:52:63:52:42:31:60:58:67
104,3,69,0,831,0:1:1:0:2:2:16:12:2:4:5:2:1:4:5:4:5:1:5:6:0:6:7:5:4:7:7:6:2:4:19:8:7:9:9:2:7:6:10:10:8:7:1:11:9:0:9:11:2:12:18:12:10:8:9:13:14:5:6:10:11:13:15:14:15:16:17:17:14:12:15:18:19:17:7:29:16:6:19:18:4:8:4:0:15:23:27:21:19:21:1:22:4:16:20:22:16:16:12:3:23:14:21:16:11:23:23:18:19:29:22:4:25:17:14:26:20:12:17:2:26:23:21:25:18:4:0:45:26:25:22:20:19:15:11:16:27:13:15:14:25:28:28:29:27:22:30:29:30:30:28:24:28:26:23:31:31:30:13:17:14:20:31:11:32:13:16:33:32:24:32:33:34:23:34:3:13:27:45:30:28:10:8:10:15:33:15:15:24:18:21:0:8:19:22:26:3:21:6:37:37:38:27:37:25:38:5:32:39:31:40:34:40:38:24:3:37:39:38:9:9:29:34:35:41:36:42:17:42:40:43:46:36:18:43:42:45:41:3:41:4:43:42:10:8:3:36:45:29:26:36:33:20:46:18:40:36:9:46:34:20:24:33:33:39:44:1:48:40:48:30:28:40:44:31:43:27:22:44:24:39:43:11:24:35:45:8:35:30:32:45:48:31:7:26:48:30:25:15:38:3:44:41:45:24:11:17:43:37:43:39:51:54:51:32:10:38:45:7:48:48:65:54:65:37:21:51:19:38:42:39:40:5:33:17:51:25:23:44:41:23:65:19:35:26:53:54:37:19:31:11:54:36:47:53:51:54:41:53:13:35:43:56:48:65:33:27:46:20:59:60:60:60:46:56:59:8:58:42:60:12:21:8:12:47:13:58:63:29:63:18:29:35:21:20:60:8:31:59:60:59:47:53:56:1:53:48:18:46:49:50:34:47:61:44:9:49:5:50:44:63:39:58:58:59:10:67:50:66:67:69:47:62:54:53:62:59:37:62:47:66:48:28:45:61:69:69:63:61:66:65:41:56:42:50:52:61:32:66:70:47:62:2:37:13:58:42:65:66:62:51:59:70:70:67:28:69:61:27:53:68:70:49:32:64:68:51:66:14:64:70:46:52:63:52:42:31:60:58:67
107,3,68,0,830,0:1:1:0:2:2:16:12:2:4:5:2:1:4:5:4:5:1:5:6:0:6:7:5:4:7:7:6:2:4:19:8:7:9:9:2:7:6:10:10:8:7:1:11:9:0:9:11:2:12:18:12:10:8:9:13:14:5:6:10:11:13:15:14:15:16:17:17:14:12:15:18:19:17:7:29:16:6:19:18:4:8:4:0:15:23:27:21:19:21:1:22:4:16:20:22:16:16:12:3:23:14:21:16:11:23:23:18:19:29:22:4:25:17:14:26:20:12:17:2:26:23:21:25:18:4:0:45:26:25:22:20:19:15:11:16:27:13:15:14:25:28:28:29:27:22:30:29:30:30:28:24:28:26:23:31:31:30:13:17:14:20:31:11:32:13:16:33:32:24:32:33:34:23:34:3:13:27:45:30:28:10:8:10:15:33:15:15:24:18:21:0:8:19:22:26:3:21:6:37:37:38:27:37:25:38:5:32:39:31:40:34:40:38:24:3:37:39:38:9:9:29:34:35:41:36:42:17:42:40:43:46:36:18:43:42:45:41:3:41:4:43:42:10:8:3:36:45:29:26:36:33:20:46:18:40:36:9:46:34:20:24:33:33:39:44:1:48:40:48:30:28:40:44:31:43:27:22:44:24:39:43:11:24:35:45:8:35:30:32:45:48:31:7:26:48:30:25:15:38:3:44:41:45:24:11:17:43:37:43:39:51:54:51:32:10:38:45:7:48:48:65:54:65:37:21:51:19:38:42:39:40:5:33:17:51:25:23:44:41:23:40:19:35:26:53:54:37:19:31:11:54:36:47:53:51:54:41:53:13:35:43:56:48:65:33:27:46:20:59:60:60:60:46:56:59:8:58:42:60:12:21:8:12:47:13:58:63:29:63:18:29:35:21:20:60:8:31:59:60:59:47:53:56:1:53:48:18:46:49:50:34:47:61:44:9:49:5:50:44:63:39:58:58:59:10:67:50:66:67:69:47:62:54:53:62:59:37:62:47:66:48:28:45:61:67:65:63:61:66:65:41:56:42:50:52:61:32:66:70:47:62:2:37:13:58:42:49:66:62:51:59:70:70:67:28:69:61:27:53:69:70:49:32:64:69:51:66:14:64:70:46:52:63:52:42:31:60:58:67
119,4,68,0,829,0:1:1:0:2:2:16:12:2:4:5:2:1:4:5:4:5:1:5:6:0:6:7:5:4:7:7:6:2:4:19:8:7:9:9:2:7:6:10:10:8:7:1:11:9:0:9:11:2:12:18:12:10:8:9:13:14:5:6:10:11:13:15:14:15:16:17:17:14:12:15:18:19:17:7:29:16:6:19:18:4:8:4:0:15:23:27:21:19:21:1:22:4:16:20:22:16:16:12:3:23:14:21:16:11:23:23:18:19:29:22:4:25:17:14:26:20:12:17:2:26:23:21:25:18:4:0:45:26:25:22:20:19:15:11:16:27:13:15:14:25:28:28:29:27:22:30:29:30:30:28:24:28:26:23:31:31:30:13:17:14:20:31:11:32:13:16:33:32:24:32:33:34:23:34:3:13:27:45:30:28:10:8:10:15:33:15:15:24:18:21:0:8:19:22:26:3:21:6:37:37:38:27:37:25:38:5:32:39:31:40:34:40:38:24:3:37:39:38:9:9:29:34:35:41:36:42:17:42:40:43:46:36:18:43:42:45:41:3:41:4:43:42:10:8:3:36:45:29:26:36:33:20:46:18:40:36:9:46:34:20:24:33:33:39:44:1:48:40:48:30:28:40:44:31:43:27:22:44:24:39:43:11:24:35:45:8:35:30:32:45:48:31:7:26:48:30:25:15:38:3:44:41:45:24:11:17:43:37:43:39:51:54:51:32:10:38:45:7:48:48:65:54:65:37:21:51:19:38:42:39:40:5:33:17:51:25:23:44:41:23:40:19:35:26:53:54:37:19:31:11:54:36:47:53:51:54:41:53:13:35:43:56:48:65:33:27:46:20:59:60:60:60:46:56:59:8:58:42:60:12:21:8:12:47:13:58:63:29:63:18:29:35:21:20:60:8:31:59:60:59:47:56:56:1:53:48:18:46:49:50:34:47:61:44:9:49:5:50:44:63:39:58:58:59:10:67:50:66:67:69:47:62:54:53:62:59:37:62:47:66:48:28:45:61:67:65:63:61:66:65:41:56:42:50:53:61:32:66:70:47:62:2:37:13:58:42:49:66:62:51:59:70:70:67:28:69:61:27:53:69:70:49:32:64:69:51:66:14:64:70:46:52:63:52:42:31:60:58:67
120,4,68,0,828,0:1:1:0:2:2:16:12:2:4:5:2:1:4:5:4:5:1:5:6:0:6:7:5:4:7:16:6:2:4:19:8:19:9:9:2:7:6:10:10:8:7:1:11:9:0:9:11:2:12:18:12:10:8:9:13:14:5:6:10:11:13:15:14:15:16:17:17:14:12:15:18:19:17:7:29:16:6:19:18:4:8:4:0:15:23:27:21:19:21:1:22:4:16:20:22:16:16:12:3:23:14:21:16:11:23:23:18:7:29:22:4:25:17:14:26:20:12:17:2:26:23:21:25:18:4:0:45:26:25:22:20:19:15:11:16:27:13:15:14:25:28:28:29:27:22:30:29:30:30:28:24:28:26:23:31:31:30:13:17:14:20:31:11:32:13:16:33:32:24:32:33:34:23:34:3:13:27:45:30:28:10:8:10:15:33:15:15:24:18:21:0:8:19:22:26:3:21:6:37:37:38:7:37:25:38:5:32:39:31:40:34:40:38:24:3:37:39:38:9:9:29:34:35:41:36:42:17:42:40:43:46:36:18:43:42:45:41:3:41:4:43:42:10:8:3:36:45:29:26:36:33:20:46:18:40:36:9:46:34:20:24:33:33:39:39:1:48:40:48:30:28:40:44:31:43:27:22:44:24:39:43:11:24:41:35:8:35:30:32:45:48:31:7:26:48:30:25:15:38:3:44:41:22:24:11:17:43:37:43:39:51:54:51:32:10:38:45:7:48:48:65:54:27:37:21:51:44:38:42:39:40:5:33:17:51:25:23:44:41:23:40:19:35:26:65:54:37:19:31:11:54:36:47:12:51:54:41:45:13:35:43:56:48:65:33:27:46:20:59:60:60:60:46:56:59:8:58:42:60:53:21:8:59:47:13:58:63:29:63:18:29:35:21:20:60:8:31:59:60:59:47:56:56:1:32:48:18:46:49:50:34:47:61:44:9:49:5:50:0:63:59:58:58:59:10:67:50:66:67:69:47:62:54:53:62:59:37:62:47:66:48:28:45:61:67:65:63:61:66:65:65:56:42:50:53:61:32:66:70:47:62:2:37:13:58:42:49:66:62:51:59:70:70:67:28:69:61:27:53:69:70:49:49:64:69:51:66:14:64:70:46:52:63:52:42:31:60:58:67
128,5,68,0,827,0:1:1:0:2:2:16:12:2:4:5:2:1:4:5:4:5:1:5:6:0:6:7:5:4:7:16:6:2:4:19:8:19:9:9:2:7:6:10:10:8:7:1:11:9:0:9:11:2:12:18:12:10:8:9:13:14:5:6:10:11:13:15:14:15:16:17:17:14:12:15:18:19:17:7:29:16:6:19:18:4:8:4:0:15:23:27:21:19:21:1:22:4:16:20:22:16:16:12:3:23:14:21:16:11:23:23:18:7:29:22:4:25:17:14:26:20:12:17:2:26:23:21:25:18:4:0:45:26:25:22:20:19:15:11:16:27:13:15:14:25:28:28:29:27:22:30:29:30:30:28:24:28:26:23:31:31:30:13:17:14:20:31:11:32:13:16:33:32:24:32:33:34:23:34:3:13:27:45:30:28:10:8:10:15:33:15:15:24:18:21:0:8:28:22:26:3:21:6:37:37:38:7:37:25:38:5:32:39:31:40:34:40:38:24:3:37:39:38:9:9:29:34:35:41:36:42:17:42:40:43:46:36:18:43:42:19:41:3:41:4:43:42:10:8:3:36:45:29:26:36:33:20:46:18:40:36:9:46:34:20:24:33:33:39:39:1:48:40:48:30:28:40:44:31:43:27:22:44:24:39:43:11:24:41:35:8:35:30:32:45:48:31:7:26:48:30:25:15:38:3:44:41:22:24:11:17:43:37:43:39:51:54:51:32:10:38:45:7:48:48:65:54:27:37:21:51:44:38:42:39:40:5:33:17:51:25:23:44:41:23:40:19:35:26:65:54:37:19:31:11:54:36:47:12:51:54:41:45:13:35:43:56:48:65:33:27:46:20:45:60:60:60:46:56:34:8:58:42:60:53:21:8:53:47:13:58:63:29:63:18:29:35:21:20:60:8:31:59:60:59:47:56:56:1:32:48:18:46:49:50:34:47:61:44:9:49:5:50:0:63:59:58:58:59:10:67:50:66:67:69:47:62:54:53:62:59:37:62:47:66:48:28:45:61:67:65:63:61:66:65:65:56:42:50:53:61:32:66:58:47:62:2:37:13:58:42:49:66:62:51:59:41:50:67:70:69:61:27:64:69:70:49:49:64:69:51:66:14:64:70:46:52:63:52:42:31:60:58:67
144,6,68,0,826,0:1:1:0:2:2:16:12:2:4:5:2:1:4:5:4:5:1:5:6:0:6:7:5:4:7:16:6:2:4:19:8:19:9:9:2:7:6:10:10:8:7:1:11:9:0:9:11:2:12:18:12:10:8:9:13:14:5:6:10:11:13:15:14:15:16:17:17:14:12:15:18:19:17:7:29:16:6:19:18:4:8:4:0:15:23:27:21:19:21:1:22:4:16:20:22:16:16:12:3:23:14:21:16:11:23:23:18:7:29:22:4:25:17:14:26:20:12:17:2:26:23:21:25:18:4:0:45:26:25:22:20:19:15:11:16:27:13:15:14:25:28:28:29:27:22:30:29:30:30:28:24:28:26:23:31:31:30:13:17:14:20:31:11:32:13:16:33:32:24:32:33:34:23:34:3:13:27:45:30:28:10:8:10:15:33:15:15:24:18:21:0:8:28:22:26:3:21:6:37:37:38:7:37:25:38:5:32:39:31:40:34:40:38:24:3:37:39:38:9:9:29:34:35:41:36:42:17:42:40:43:46:36:18:43:42:19:41:3:41:4:43:42:10:8:3:36:45:29:26:36:33:20:46:18:40:36:9:46:34:20:24:33:33:39:39:1:48:40:48:30:28:40:44:31:43:27:22:44:24:39:43:11:24:41:35:8:35:30:32:45:48:31:7:26:48:30:25:15:38:3:44:41:22:24:11:17:43:37:43:39:51:54:51:32:10:38:45:7:48:48:65:54:27:37:21:51:44:38:42:39:40:5:33:17:51:25:23:44:41:23:40:19:35:26:65:54:37:19:31:11:54:16:47:12:51:54:41:45:13:35:43:56:48:65:33:27:46:20:45:60:60:60:46:56:34:8:58:42:60:53:21:8:53:47:13:58:63:29:63:18:29:35:21:20:60:8:31:59:60:59:47:56:56:1:32:48:18:46:49:50:34:47:61:44:9:49:5:50:0:63:59:58:58:59:10:53:50:66:36:69:47:35:54:69:62:59:37:62:47:66:48:28:45:61:62:65:63:61:66:65:65:56:42:50:70:61:32:66:58:47:62:2:37:13:58:42:49:66:62:51:59:41:50:67:70:69:61:27:64:69:70:49:49:64:69:51:66:14:64:70:46:52:63:52:42:31:60:58:67
164,7,68,0,825,0:1:1:0:2:2:16:12:2:4:5:2:1:4:5:4:5:1:5:6:0:6:7:5:4:7:16:6:2:4:19:8:19:9:9:2:7:6:10:10:8:7:1:11:9:0:9:11:2:12:18:12:10:8:9:13:14:5:6:10:11:13:15:14:15:16:17:17:14:12:15:18:19:17:7:29:16:6:19:18:4:8:4:0:15:23:27:21:19:21:1:22:4:16:20:22:16:16:12:3:23:14:21:16:11:23:23:18:7:29:22:4:25:17:14:26:20:12:17:2:26:23:21:25:18:4:0:45:26:25:22:20:19:15:11:16:27:13:15:14:25:28:28:29:27:22:30:29:30:30:28:24:28:26:23:31:31:30:13:17:14:20:31:11:32:13:16:33:32:24:32:33:34:23:34:3:13:27:45:30:28:10:8:10:15:33:15:15:24:18:21:0:8:28:22:26:3:21:6:37:37:38:7:37:25:38:5:32:39:31:40:34:40:38:24:3:37:39:38:9:9:29:34:35:41:36:42:17:42:40:43:46:36:18:43:42:19:41:3:41:4:43:42:10:8:3:36:45:29:26:36:33:20:46:18:40:36:9:46:34:20:24:33:33:39:39:1:48:40:48:30:28:40:44:31:43:27:22:44:24:39:43:11:24:41:35:8:35:30:32:45:48:31:7:26:48:30:25:15:38:3:44:41:22:24:11:17:43:37:43:39:51:54:51:32:10:38:45:7:48:48:65:54:27:37:21:51:44:38:42:39:40:5:33:17:51:25:23:44:41:23:40:19:35:26:65:54:37:19:31:11:54:16:47:12:51:54:41:45:13:35:43:56:48:65:33:27:46:20:45:60:60:60:46:56:34:8:58:42:60:53:21:8:53:47:13:58:61:29:63:18:29:35:21:20:60:8:31:59:60:59:47:56:56:1:32:48:18:46:63:50:34:47:61:44:9:53:5:50:0:63:59:58:58:59:10:53:50:66:36:69:47:35:54:69:62:59:37:62:47:66:48:28:45:61:62:65:63:61:66:65:65:56:42:50:70:61:32:66:58:47:62:2:37:13:58:42:49:66:62:51:59:41:50:67:70:69:52:27:64:69:70:49:49:64:69:51:66:14:64:70:46:52:63:52:42:31:60:58:67
178,8,68,0,824,0:1:1:0:2:2:16:12:2:4:5:2:1:4:5:4:5:1:5:6:0:6:7:5:4:7:16:6:2:4:19:8:19:9:9:2:7:6:10:10:8:7:1:11:9:0:9:11:2:12:18:12:10:8:9:13:14:5:6:10:11:13:15:14:15:16:17:17:14:12:15:18:19:17:7:29:16:6:19:18:4:8:4:0:15:23:27:21:19:21:1:22:4:16:20:22:16:16:12:3:23:14:21:16:11:23:23:18:7:29:22:4:25:17:14:26:20:12:17:2:26:23:21:25:18:4:0:45:26:25:22:20:19:15:11:16:27:13:15:14:25:28:28:29:27:22:30:29:30:30:28:24:28:26:23:31:31:30:13:17:14:20:31:11:32:13:16:33:32:24:32:33:34:23:34:3:13:27:45:30:28:10:8:10:15:33:15:15:24:18:21:0:8:28:22:26:3:21:6:37:37:38:7:37:25:38:5:32:14:31:40:34:40:38:24:3:37:42:38:9:9:29:34:35:41:36:42:17:42:40:43:46:36:18:43:43:19:41:3:41:4:43:42:10:8:3:36:45:29:26:36:33:20:46:18:40:36:9:46:34:20:24:33:33:39:39:1:48:40:48:30:28:40:44:31:43:27:22:44:24:39:43:11:24:41:35:8:35:30:32:45:48:31:7:26:48:30:25:15:38:3:44:41:22:24:11:17:43:37:43:39:51:54:51:32:10:38:45:7:48:48:65:54:27:37:21:51:44:38:42:39:40:5:33:17:51:25:23:44:41:23:40:19:35:26:65:54:37:19:31:11:54:16:47:12:51:54:41:45:13:35:43:56:48:65:33:27:46:20:45:60:60:60:46:56:34:8:58:63:60:53:21:8:53:47:13:58:61:29:63:18:29:35:21:20:60:8:31:59:60:59:47:56:56:1:32:48:18:46:63:50:34:47:61:44:9:53:5:50:0:63:59:58:58:59:10:53:50:66:36:69:47:35:54:69:62:59:37:62:47:66:48:28:45:61:62:65:63:61:66:65:65:56:42:50:70:61:32:66:58:47:62:2:37:13:58:42:49:66:62:51:59:41:50:56:70:69:52:27:64:69:70:49:49:64:69:51:66:67:64:70:46:52:63:52:42:31:60:58:67
186,8,68,0,823,0:1:1:0:2:2:16:12:2:4:5:2:1:4:5:4:5:1:5:6:0:6:7:5:4:7:16:6:2:4:19:8:19:9:9:2:7:6:10:10:8:7:1:11:9:0:9:11:2:12:18:12:10:8:9:13:14:5:6:10:11:13:15:14:15:16:17:17:14:12:15:18:19:17:7:29:16:6:19:18:4:8:4:0:15:23:27:21:19:21:1:22:4:16:20:22:16:16:12:3:23:14:21:16:11:23:23:18:7:29:22:4:25:17:14:26:20:12:17:2:26:23:21:25:18:4:0:45:26:25:22:20:19:15:11:16:27:13:15:14:25:28:28:29:27:22:30:29:30:30:28:24:28:26:23:31:31:30:13:17:14:20:31:11:32:13:16:33:32:24:32:33:34:23:34:3:13:27:45:30:28:10:8:10:15:33:15:15:24:18:21:0:8:28:22:26:3:21:6:37:37:38:7:37:25:38:5:32:14:31:40:34:40:38:24:3:37:42:38:9:9:29:34:35:41:36:42:17:42:40:43:46:36:18:43:43:19:41:3:41:4:43:42:10:8:3:36:45:29:26:36:33:20:46:18:40:36:9:46:34:20:24:33:33:39:39:1:48:40:48:30:28:40:44:31:43:27:22:44:24:39:43:11:24:41:35:8:35:30:32:45:48:31:7:26:48:30:25:15:38:3:44:41:22:24:11:17:43:37:43:39:51:54:51:32:10:38:45:7:48:48:65:54:27:37:21:51:44:38:42:39:40:5:33:17:51:25:23:44:41:23:40:19:35:26:65:54:37:19:31:11:54:16:47:12:51:54:41:45:13:35:43:56:48:65:33:27:46:20:45:60:60:60:46:56:34:8:58:63:60:53:21:8:53:47:13:58:61:29:63:18:29:35:21:20:60:8:31:59:60:59:47:56:56:1:32:48:18:46:63:50:34:47:61:44:9:53:5:50:0:63:59:58:58:59:10:53:50:66:36:69:47:35:54:69:62:59:37:62:47:66:48:28:45:61:62:65:63:61:66:65:65:56:42:50:70:61:32:66:58:47:62:2:37:13:58:42:53:66:62:51:59:41:50:56:70:69:52:27:64:69:70:49:49:64:69:51:66:67:64:70:46:52:63:52:42:31:60:58:67
201,9,67,0,822,0:1:1:0:2:2:16:12:2:4:5:2:1:4:5:4:5:1:5:6:0:6:7:5:4:7:16:6:2:4:19:8:19:9:9:2:7:6:10:10:8:7:1:11:9:0:9:11:2:12:18:12:10:8:9:13:14:5:6:10:11:13:15:14:15:16:17:17:14:12:15:18:19:17:7:29:16:6:19:18:4:8:4:0:15:23:27:21:19:21:1:22:4:16:20:22:16:16:12:3:23:14:21:16:11:23:23:18:7:29:22:4:25:17:14:26:20:12:17:2:26:23:21:25:18:4:0:45:26:25:22:20:19:15:11:16:27:13:15:14:25:28:28:29:27:22:30:29:30:30:28:24:28:26:23:31:31:30:13:17:14:20:31:11:32:13:16:33:32:24:32:33:34:23:34:3:13:27:45:30:28:10:8:10:15:33:15:15:24:18:21:0:8:28:22:26:3:21:6:37:37:38:7:37:25:38:5:32:14:31:40:34:40:38:24:3:37:42:38:9:9:29:34:35:41:36:42:17:42:40:43:46:36:18:43:43:19:41:3:41:4:43:42:10:8:3:36:45:29:26:36:33:20:46:18:40:36:9:46:34:20:24:33:33:39:39:1:48:40:48:30:28:40:44:31:43:27:22:44:24:39:43:11:24:41:35:8:35:30:32:45:48:31:7:26:48:30:25:15:38:3:44:41:22:24:11:17:43:37:43:39:51:54:51:32:10:38:45:7:48:48:65:54:27:37:21:51:44:38:42:39:40:5:33:17:51:25:23:44:41:23:40:19:35:26:65:54:37:19:31:11:54:16:47:12:51:54:41:45:13:35:43:56:48:65:33:27:46:20:45:60:60:60:46:56:34:8:58:63:60:53:21:8:53:47:13:58:61:29:63:18:29:35:21:20:60:8:31:59:60:59:47:56:56:1:32:48:18:46:63:50:34:47:61:44:9:53:5:50:0:63:59:58:58:59:10:53:50:66:36:69:47:35:54:69:62:59:37:62:47:66:48:28:45:61:62:65:63:61:66:65:65:56:42:50:70:61:32:66:58:47:62:2:37:13:58:42:53:66:62:51:59:41:50:56:70:69:52:27:64:69:70:63:56:64:69:51:66:67:64:70:46:52:64:52:42:31:60:58:67
265,13,67,0,820,12:1:1:12:2:2:16:4:2:4:5:2:1:6:5:4:5:1:5:6:12:6:7:5:4:7:16:6:2:4:19:8:19:9:9:2:7:6:10:10:8:7:1:11:9:12:9:11:2:0:18:0:10:8:12:13:14:5:4:10:11:13:15:14:15:16:17:17:14:0:15:18:19:17:7:29:16:6:19:18:0:8:4:0:15:23:27:31:19:21:1:22:14:16:20:22:16:16:9:25:12:14:21:16:11:23:23:18:7:29:22:28:8:17:14:26:20:0:17:2:26:23:25:25:18:4:0:45:26:25:22:20:19:15:11:16:27:14:15:14:12:28:28:29:27:22:21:29:30:30:28:24:28:26:23:31:31:30:13:17:14:20:31:11:32:13:16:4:32:24:32:33:34:23:34:3:13:27:45:30:28:10:8:10:15:33:15:15:24:18:21:0:23:28:22:26:3:21:6:37:37:24:7:37:25:33:5:32:14:31:40:34:40:30:24:3:37:42:30:9:9:29:3:35:41:36:42:17:42:40:43:46:36:18:43:43:19:41:3:41:21:43:42:10:8:3:36:45:29:26:36:33:20:46:18:40:36:9:46:34:20:24:33:33:39:39:1:48:40:48:30:28:40:44:31:43:27:22:44:24:39:43:11:24:41:35:8:35:30:32:45:48:31:7:26:48:54:35:15:34:3:44:41:22:21:11:17:43:37:43:39:51:54:51:32:10:35:45:7:48:48:65:54:27:37:21:51:44:21:42:39:40:5:33:17:51:34:23:44:41:23:40:19:35:26:65:54:37:19:53:11:54:27:47:38:51:54:41:45:13:35:43:56:48:65:33:27:46:20:45:60:60:60:46:56:34:8:58:63:60:53:21:44:53:47:13:58:61:29:63:18:29:38:59:20:60:8:31:59:60:59:47:56:56:1:32:48:18:46:63:50:34:47:61:44:9:53:5:50:0:63:59:58:58:59:10:53:50:66:36:69:47:38:54:69:62:59:37:62:47:66:48:28:45:61:62:65:63:61:66:65:65:56:42:50:70:61:32:66:58:47:62:2:37:13:58:42:53:66:62:51:59:41:50:56:70:69:52:27:64:69:70:63:56:64:69:51:66:67:64:70:46:52:64:52:42:31:60:58:67
266,13,67,0,819,12:1:1:12:2:2:16:4:2:4:5:2:1:6:5:4:5:1:5:6:12:6:7:5:4:7:16:6:2:4:19:8:19:9:9:2:7:6:10:10:8:7:1:11:9:12:9:11:2:0:18:0:10:8:12:13:14:5:4:10:11:13:15:14:15:16:17:17:14:0:15:18:19:17:7:29:16:6:19:18:0:8:4:0:15:23:27:31:19:21:1:22:14:16:20:22:16:16:9:25:12:14:21:16:11:23:23:18:7:29:22:28:8:17:14:26:20:0:17:2:26:23:25:25:18:4:0:45:26:25:22:20:19:15:11:16:27:14:15:14:12:28:28:29:27:22:21:29:30:30:28:24:28:26:23:31:31:30:13:17:14:20:31:11:32:13:16:4:32:24:32:33:34:23:34:3:13:27:45:30:28:10:8:10:15:33:15:15:24:18:21:0:23:28:22:26:3:21:6:37:37:24:7:37:25:33:5:32:14:31:40:34:40:30:24:3:37:42:30:9:9:29:3:35:41:36:42:17:42:40:43:46:36:18:43:43:19:41:3:41:21:43:42:10:8:3:36:45:29:26:36:33:20:46:18:40:36:9:46:34:20:24:33:33:39:39:1:48:40:48:30:28:25:44:31:43:27:22:44:24:40:43:11:24:41:35:8:35:30:32:45:48:31:7:26:48:54:35:15:34:3:44:41:22:21:11:17:43:37:43:39:51:54:51:32:10:35:45:7:48:48:65:54:27:37:21:51:44:21:42:39:40:5:33:17:51:34:23:44:41:23:40:19:35:26:65:54:37:19:53:11:54:27:47:38:51:54:41:45:13:35:43:39:48:65:33:27:46:20:45:60:60:60:46:56:34:8:58:63:60:53:21:44:53:47:13:58:61:29:63:18:29:38:59:20:60:8:31:59:60:59:47:56:56:1:32:48:18:46:63:50:34:47:61:44:9:53:5:50:0:63:59:58:58:59:10:53:50:66:36:69:47:38:54:69:62:59:37:62:47:66:48:28:45:61:62:65:63:61:66:65:65:56:42:50:70:61:32:66:58:47:62:2:37:13:58:42:53:66:62:51:59:41:50:56:70:69:52:27:64:69:70:63:56:64:69:51:66:67:64:70:46:52:64:52:42:31:60:58:67
269,13,66,0,818,12:1:1:12:2:2:16:4:2:4:5:2:1:6:5:4:5:1:5:6:12:6:7:5:4:7:16:6:2:4:19:8:19:9:9:2:7:6:10:10:8:7:1:11:9:12:9:11:2:0:18:0:10:8:12:13:14:5:4:10:11:13:15:14:15:16:17:17:14:0:15:18:19:17:7:29:16:6:19:18:0:8:4:0:15:23:27:31:19:21:1:22:14:16:20:22:16:16:9:25:12:14:21:16:11:23:23:18:7:29:22:28:8:17:14:26:20:0:17:2:26:23:25:25:18:4:0:45:26:25:22:20:19:15:11:16:27:14:15:14:12:28:28:29:27:22:21:29:30:30:28:24:28:26:23:31:31:30:13:17:14:20:31:11:32:13:16:4:32:24:32:33:34:23:34:3:13:27:45:30:28:10:8:10:15:33:15:15:24:18:21:0:23:28:22:26:3:21:6:37:37:24:7:37:25:33:5:32:14:31:40:34:40:30:24:3:37:42:30:9:9:29:3:35:41:36:42:17:42:40:43:46:36:18:43:43:19:41:3:41:21:43:42:10:8:3:36:45:29:26:36:33:20:46:18:40:36:9:46:34:20:24:33:33:39:39:1:48:40:48:30:28:25:44:31:43:27:22:44:24:40:43:11:24:41:35:8:35:30:32:45:48:31:7:26:48:54:35:15:34:3:44:41:22:21:11:17:43:37:43:39:51:54:51:32:10:35:45:7:48:48:65:54:27:37:21:51:44:21:42:39:40:5:33:17:51:34:23:44:41:23:40:19:35:26:65:54:37:19:53:11:54:27:47:38:51:54:41:45:13:35:43:39:48:65:33:27:46:20:45:60:60:60:46:56:34:8:58:63:60:53:21:44:53:47:13:58:61:29:63:18:29:38:59:20:60:8:31:59:60:59:47:56:56:1:32:48:18:46:63:38:34:47:61:44:9:53:5:62:0:63:59:58:58:59:10:53:50:66:36:69:47:50:54:69:62:59:37:62:47:66:48:28:45:61:62:65:63:61:66:65:65:56:42:38:70:61:32:66:58:47:62:2:37:13:58:42:53:66:62:51:59:41:50:56:70:69:50:27:64:69:70:63:56:64:69:51:66:67:64:70:46:67:64:67:42:31:60:58:53
273,13,66,0,816,12:1:1:12:2:2:16:4:2:4:5:2:1:6:5:4:5:1:5:6:12:6:7:5:4:7:16:6:2:4:19:8:19:9:9:2:7:6:10:10:8:7:1:11:9:12:9:11:2:0:18:0:10:8:12:13:14:5:4:10:11:13:15:14:15:16:17:17:14:0:15:18:19:17:7:29:16:6:19:18:0:8:4:0:15:23:27:31:19:21:1:22:14:16:20:22:16:16:9:25:12:14:21:16:11:23:23:18:7:29:22:28:8:17:14:26:20:0:17:2:26:23:25:25:18:4:0:45:26:25:22:20:19:15:11:16:27:14:15:14:12:28:28:29:27:22:21:29:30:30:28:24:28:26:23:31:31:30:13:17:14:20:31:11:32:13:16:4:32:24:32:33:34:23:34:3:13:27:45:30:28:10:8:10:15:33:15:15:24:18:21:0:23:28:22:26:3:21:6:37:37:24:7:37:25:33:5:32:14:31:40:34:40:30:24:3:37:42:30:9:9:29:3:35:41:36:42:17:42:40:43:46:36:18:43:43:19:41:3:41:21:43:42:10:8:3:36:45:29:26:36:33:20:46:18:40:36:9:46:34:20:24:33:33:39:39:1:48:40:48:30:28:25:44:31:43:27:22:44:24:40:43:11:24:41:35:8:35:30:32:45:48:31:7:26:48:54:35:15:34:3:44:41:22:21:11:17:43:37:43:39:51:54:51:32:10:35:45:7:48:48:65:54:27:37:21:51:44:21:42:39:40:5:33:17:51:34:23:44:41:23:40:19:35:26:65:54:37:19:53:11:54:27:47:38:51:54:41:45:13:35:43:39:48:65:33:27:46:20:45:60:60:60:46:38:34:8:58:63:60:53:21:44:53:47:13:58:61:29:63:18:29:38:59:20:60:8:31:59:60:59:47:65:56:1:32:48:18:46:63:38:34:47:61:44:9:53:5:62:0:63:59:58:58:59:10:53:50:66:36:69:47:50:54:69:62:59:37:62:47:66:48:28:45:61:62:65:63:61:66:65:65:56:42:38:56:61:32:66:58:47:62:2:37:13:58:42:53:66:62:51:59:41:50:56:39:69:50:27:64:69:70:63:56:64:69:51:66:67:64:70:46:67:64:67:42:31:60:58:53
279,14,66,0,815,12:1:1:12:2:2:16:4:2:4:5:2:1:6:5:4:5:1:5:6:12:6:7:5:4:7:16:6:2:4:19:8:19:9:9:2:7:6:10:10:8:7:1:11:9:12:9:11:2:0:18:0:10:8:12:13:14:5:4:10:11:13:15:14:15:16:17:17:14:0:15:18:19:17:7:29:16:6:19:18:0:8:4:0:15:23:27:31:19:21:1:22:14:16:20:22:16:16:9:25:12:14:21:16:11:23:23:18:7:29:22:28:8:17:14:26:20:0:17:2:26:23:25:25:18:4:0:45:26:25:22:20:19:15:11:16:27:14:15:14:12:28:28:29:27:22:21:29:30:30:28:24:28:26:23:31:31:30:13:17:14:20:31:11:32:13:16:4:32:24:32:33:34:23:34:3:13:27:45:30:28:10:8:10:15:33:15:15:24:18:21:0:23:28:22:26:3:21:6:37:37:24:7:37:25:33:5:32:14:31:40:34:40:30:24:3:37:42:30:33:9:29:3:35:41:36:42:17:42:40:43:46:36:18:43:43:19:41:3:41:21:43:42:10:8:3:36:45:29:26:36:33:20:46:18:40:36:9:46:34:20:24:33:9:39:39:1:48:40:48:30:28:25:44:31:43:27:22:44:24:40:43:11:24:41:35:8:35:30:32:45:48:31:7:26:48:54:35:15:34:3:44:41:22:21:11:17:43:37:43:39:51:54:51:32:10:35:45:7:48:48:65:54:27:37:21:51:44:21:42:39:40:5:33:17:51:34:23:44:41:23:40:19:35:26:65:54:37:19:53:11:54:27:47:38:51:54:41:45:13:35:43:39:48:65:33:27:46:20:45:60:60:60:46:38:34:8:58:63:60:53:21:44:53:47:13:58:61:29:63:18:29:38:61:20:60:8:31:47:60:33:47:65:56:1:32:48:18:46:63:38:34:47:61:44:9:53:5:62:0:63:59:58:58:44:10:53:50:66:36:69:47:50:54:69:62:59:37:62:47:66:48:28:45:61:62:65:63:61:66:65:65:56:42:38:56:61:32:66:58:59:62:2:37:13:58:42:53:66:62:51:59:41:50:56:39:69:50:27:64:69:70:63:56:64:69:51:66:67:64:70:46:67:64:67:42:31:60:58:53
281,14,66,0,814,12:1:1:12:2:2:16:4:2:4:5:2:1:6:5:4:5:1:5:6:12:6:7:5:4:7:16:6:2:4:19:8:19:9:9:2:7:6:10:10:8:7:1:11:9:12:9:11:2:0:18:0:10:8:12:13:14:5:4:10:11:13:15:14:15:16:17:17:14:0:15:18:19:17:7:29:16:6:19:18:0:8:4:0:15:23:27:31:19:21:1:22:14:16:20:22:16:16:9:25:12:14:21:16:11:23:23:18:7:29:22:28:8:17:14:26:20:0:17:2:26:23:25:25:18:4:0:45:26:25:22:20:19:15:11:16:27:14:15:14:12:28:28:29:27:22:21:29:30:30:28:24:28:26:23:31:31:30:13:17:14:20:31:11:32:13:16:4:32:24:32:33:34:23:34:3:13:27:45:30:28:10:8:10:15:12:15:15:24:18:21:0:23:28:22:26:3:21:6:37:37:24:7:37:25:33:5:32:14:31:40:34:40:30:24:3:37:42:33:33:9:29:3:35:41:36:42:17:42:40:43:46:36:18:43:43:19:41:3:41:21:43:42:10:8:3:36:45:29:26:36:33:20:46:18:40:36:9:46:34:20:24:33:9:39:39:1:48:40:48:30:28:25:44:31:43:27:22:44:24:40:43:11:24:41:35:8:35:30:32:45:48:31:7:26:48:30:35:15:34:3:44:41:22:21:11:17:43:37:43:39:51:54:51:32:10:35:45:7:48:48:65:54:27:37:21:51:44:21:42:39:40:5:33:17:51:34:23:44:41:23:40:19:35:26:65:54:37:19:53:11:54:27:47:38:51:54:41:45:13:35:43:39:48:65:33:27:46:20:45:60:60:60:46:38:34:8:58:63:60:53:21:44:53:47:13:58:61:29:63:18:29:38:61:20:60:8:31:47:60:33:47:65:56:1:32:48:18:46:63:38:34:47:61:44:9:53:5:62:0:63:59:58:58:44:10:53:50:66:36:69:47:50:54:69:62:59:37:62:47:66:48:28:45:61:62:65:63:61:66:65:65:56:42:38:56:61:32:66:58:59:62:2:37:13:58:42:53:66:62:51:59:41:50:56:39:69:50:27:64:69:70:63:56:64:69:51:66:67:64:70:46:67:64:67:42:31:60:58:53
292,14,66,0,813,12:1:1:12:2:2:16:4:2:4:5:2:1:6:5:4:5:1:5:6:12:6:7:5:4:7:16:6:2:4:19:8:19:9:9:2:7:6:10:10:8:7:1:11:9:12:9:11:2:0:18:0:10:8:12:13:14:5:4:10:11:13:15:14:15:16:17:17:14:0:15:18:19:17:7:29:16:6:19:18:0:8:4:0:15:23:27:31:19:21:1:22:14:16:20:22:16:16:9:25:12:14:21:16:11:23:23:18:7:29:22:28:8:17:14:26:20:0:17:2:26:23:25:25:18:4:0:45:25:25:22:20:19:15:11:16:27:14:15:14:12:28:28:29:27:22:21:29:30:30:28:24:28:26:23:31:31:30:13:17:14:20:31:11:32:13:16:4:32:24:32:33:34:23:34:45:13:27:45:30:28:10:8:10:15:33:15:15:24:18:21:0:23:28:22:26:3:21:6:37:37:24:7:37:25:33:5:32:14:31:40:34:40:30:24:3:37:42:3:33:9:29:3:35:41:36:42:17:42:40:43:46:36:18:43:12:19:41:3:41:21:43:42:10:6:3:36:45:29:26:36:33:20:46:18:40:36:9:46:34:20:24:33:9:39:39:1:48:40:48:30:28:25:44:31:43:27:22:44:24:40:43:11:24:41:35:8:35:30:32:45:48:31:7:26:48:30:35:15:34:3:44:41:22:21:11:17:43:37:43:39:51:54:51:32:10:35:45:7:48:48:65:54:27:37:21:51:44:21:42:39:40:5:33:17:51:34:23:44:41:23:40:19:35:26:65:54:37:19:53:11:54:27:47:38:51:54:41:45:13:35:43:39:48:65:33:27:46:20:45:60:60:60:46:38:34:60:58:63:60:53:21:44:53:47:13:58:61:29:63:18:29:38:61:20:60:8:31:47:60:33:47:65:56:1:32:48:18:46:63:38:34:47:61:44:9:53:5:62:0:63:59:58:58:44:10:53:50:66:36:69:47:50:54:69:62:59:37:62:47:66:48:28:59:61:62:65:63:61:66:65:65:56:42:38:56:61:32:66:58:59:62:2:37:13:58:42:53:66:62:51:36:41:50:56:39:69:50:27:64:69:70:63:56:64:69:51:66:67:64:70:46:67:64:67:42:31:60:58:53
295,15,65,0,812,12:1:1:12:2:2:16:4:2:4:5:2:1:6:5:4:5:1:5:6:12:6:7:5:4:7:16:6:2:4:19:8:19:9:9:2:7:6:10:10:8:7:1:11:9:12:9:11:2:0:18:0:10:8:12:13:14:5:4:10:11:13:15:14:15:16:17:17:14:0:15:18:19:17:7:29:16:6:19:18:0:8:4:0:15:23:27:31:19:21:1:22:14:16:20:22:16:16:9:25:12:14:21:16:11:23:23:18:7:29:22:28:8:17:14:26:20:0:17:2:26:23:25:25:18:4:0:45:25:25:22:20:19:15:11:16:27:14:15:14:12:28:28:29:27:22:21:29:30:30:28:24:28:26:23:31:31:30:13:17:14:20:31:11:32:13:16:4:32:24:32:33:34:23:34:45:13:27:45:30:28:10:8:10:15:33:15:15:24:18:21:0:23:28:22:26:3:21:6:37:37:24:7:37:25:33:5:32:14:31:40:34:40:30:24:3:37:42:3:33:9:29:3:35:41:36:42:17:42:40:43:46:36:18:43:12:19:41:3:41:21:43:42:10:6:3:36:45:29:26:36:33:20:46:18:40:36:9:46:34:20:24:33:9:39:39:1:48:40:48:30:28:25:44:31:43:27:22:44:24:40:43:11:24:41:35:8:35:30:32:45:48:31:7:26:48:30:35:15:34:3:44:35:22:21:11:17:43:37:43:39:51:54:51:32:10:35:45:7:48:48:65:54:27:37:21:51:44:21:42:39:40:5:33:17:51:34:23:44:41:23:40:19:35:26:65:54:37:19:53:11:54:27:47:38:51:54:41:45:13:35:43:39:48:65:33:27:46:20:45:60:60:60:46:38:34:60:58:63:60:53:21:44:53:47:13:58:61:29:63:18:29:38:61:20:60:8:31:47:60:33:47:65:56:1:32:48:18:46:63:38:34:47:61:44:9:53:5:62:0:63:59:58:58:44:10:53:50:66:36:69:47:50:54:69:62:59:37:62:47:66:48:28:59:61:62:56:63:61:66:65:65:56:42:38:56:61:32:66:58:59:62:2:37:13:58:42:53:66:62:51:36:61:50:56:39:69:50:27:70:69:42:63:70:65:69:51:66:67:56:70:46:67:70:67:70:31:60:58:53
319,16,65,0,811,12:1:1:12:2:2:16:4:2:4:5:2:1:6:5:4:5:1:5:6:12:6:7:5:4:7:16:6:2:4:19:8:19:9:9:2:7:6:10:10:8:7:1:11:9:12:9:11:2:0:18:0:10:8:12:13:14:5:4:10:11:13:15:14:15:16:17:17:14:0:15:18:19:17:7:29:16:6:19:18:0:8:4:0:15:23:27:31:19:21:1:22:14:16:20:22:16:16:9:25:12:14:21:16:11:23:23:18:7:29:22:28:8:17:14:26:20:0:17:2:26:23:25:25:18:4:0:45:25:25:22:20:19:15:11:16:27:14:15:14:12:28:28:29:27:22:21:29:30:30:28:24:28:26:23:31:31:30:13:17:14:20:31:11:32:13:16:4:32:24:32:33:34:23:34:45:13:27:45:30:28:10:8:10:15:33:15:15:24:18:21:0:23:28:22:26:3:21:6:37:37:24:7:37:25:33:5:32:14:31:40:34:40:30:24:3:37:40:3:33:9:29:3:35:41:36:42:17:42:40:43:46:36:18:43:42:19:41:3:41:21:43:42:10:6:3:36:45:29:26:36:33:20:46:18:12:36:9:46:34:20:24:33:9:39:39:1:48:40:48:30:28:25:44:31:43:27:22:44:24:40:43:11:24:41:35:8:35:30:32:45:48:31:7:26:48:30:35:15:34:3:44:35:22:21:11:17:43:37:43:39:51:54:51:32:10:35:45:7:48:48:65:54:27:37:21:51:44:21:42:39:40:5:33:17:51:34:23:44:41:23:65:19:35:26:65:54:37:19:53:11:54:27:47:38:51:54:41:45:13:35:43:39:48:65:33:27:46:20:45:60:60:60:46:38:34:60:58:63:60:53:21:44:53:47:13:58:61:29:63:18:29:38:61:20:60:8:31:47:60:33:47:65:56:1:32:48:18:46:63:38:34:47:61:44:9:53:5:62:0:63:59:58:58:44:10:53:50:66:36:69:47:50:54:69:62:59:37:62:47:66:48:28:59:61:62:56:63:61:66:65:65:56:42:38:56:61:32:66:58:59:62:2:37:13:58:42:53:66:62:51:36:61:50:56:39:69:50:27:70:69:42:63:70:65:69:51:66:67:56:70:46:67:70:67:70:31:60:58:53
331,17,65,0,810,12:1:1:12:2:2:16:4:2:4:5:2:1:6:5:4:5:1:5:6:12:6:7:5:4:7:16:6:2:4:19:8:19:9:9:2:7:6:10:10:8:7:1:11:9:12:9:11:2:0:18:0:10:8:12:13:14:5:4:10:11:13:15:14:15:16:17:17:14:0:15:18:19:17:7:29:16:6:19:18:0:8:4:0:15:23:27:31:19:21:1:22:14:16:20:22:16:16:9:25:12:14:21:16:11:23:23:18:7:29:22:28:8:17:14:26:20:0:17:2:26:23:25:25:18:4:0:45:25:25:22:20:19:15:11:16:27:14:15:14:12:28:28:29:27:22:21:29:30:30:28:24:28:26:23:31:31:30:13:17:14:20:31:11:32:13:16:4:32:24:32:33:34:23:34:45:13:27:45:30:28:10:8:10:15:12:15:15:24:18:21:0:23:28:22:26:3:21:6:37:37:24:7:37:25:33:5:32:14:31:40:34:40:30:24:3:37:40:33:33:9:29:3:35:41:36:42:17:42:40:43:46:36:18:43:42:19:41:3:41:21:43:42:10:6:3:36:45:29:26:36:33:20:46:18:12:36:9:46:34:20:24:33:9:39:39:41:48:40:48:30:28:25:44:31:43:27:22:44:24:40:43:11:24:41:35:8:35:30:32:45:48:31:7:26:48:30:35:15:34:3:44:35:22:21:11:17:43:37:43:39:51:54:51:32:10:35:45:7:48:48:65:54:27:37:21:51:44:21:42:39:40:5:33:17:51:34:23:44:41:23:65:19:35:26:65:54:37:19:53:11:54:27:3:38:51:54:41:45:13:35:43:39:48:65:33:27:46:20:45:60:60:60:46:38:34:60:58:63:60:53:21:44:53:47:13:58:61:29:63:18:29:38:61:20:60:8:31:47:60:33:47:65:56:1:32:48:18:46:63:38:34:47:61:44:9:53:5:62:0:63:59:58:58:44:10:53:50:66:36:69:47:50:54:69:62:59:37:62:47:66:48:28:59:61:62:56:63:61:66:65:65:56:42:38:56:61:32:66:58:59:62:2:37:13:58:42:53:66:62:51:36:61:50:56:39:69:50:27:70:69:42:63:70:65:69:51:66:67:56:70:46:67:70:67:70:31:60:58:53
334,17,65,0,809,12:1:1:12:2:2:16:4:2:4:5:2:1:6:5:4:5:1:5:6:12:6:7:5:4:7:16:6:2:4:19:8:19:9:9:2:7:6:10:10:8:7:1:11:9:12:9:11:2:0:18:0:10:8:12:13:14:5:4:10:11:13:15:14:15:16:17:17:14:0:15:18:29:17:7:29:16:6:19:18:0:8:4:0:15:23:27:31:19:21:1:22:14:16:20:22:16:16:9:25:12:14:21:16:11:23:23:18:7:29:22:28:8:17:14:19:20:0:17:2:19:23:25:25:18:4:0:45:25:25:22:20:23:15:11:16:27:14:15:14:12:28:28:29:27:22:21:26:30:30:28:24:28:26:23:31:31:30:13:17:14:20:31:11:32:13:16:4:32:24:32:33:34:23:34:45:13:27:45:30:28:10:8:10:15:12:15:15:24:18:21:0:23:28:22:26:3:21:6:37:37:24:7:37:25:33:5:3:14:31:40:34:40:30:24:3:37:40:33:33:9:29:3:35:41:36:42:17:42:40:43:46:36:18:43:42:19:41:3:41:21:43:42:10:6:3:36:45:29:32:36:33:20:46:18:12:36:9:46:34:20:24:33:9:39:39:41:48:40:48:30:28:25:44:31:43:27:22:44:24:40:43:11:24:41:35:8:35:30:32:45:48:31:7:19:48:30:35:15:34:3:44:35:22:21:11:17:43:37:43:39:51:54:51:32:10:35:45:7:48:48:65:54:27:37:21:51:44:21:42:39:40:5:33:17:51:34:23:44:41:35:65:41:35:26:65:54:37:19:53:11:54:27:3:38:51:54:41:45:13:35:43:39:48:65:33:27:46:20:45:60:60:60:46:38:34:60:58:63:60:53:21:44:53:47:13:58:61:29:63:18:29:38:61:20:60:8:31:47:60:33:47:65:56:1:32:48:18:46:63:38:34:47:61:44:9:53:5:62:0:63:59:58:58:44:10:53:50:50:36:69:47:50:54:69:62:59:37:62:47:66:48:28:59:61:62:56:63:61:66:65:65:56:42:38:56:61:59:66:58:59:62:2:37:13:58:42:53:66:62:51:36:61:50:56:39:69:50:27:70:69:42:63:70:65:69:51:66:67:56:70:46:67:70:67:70:31:60:58:53
336,17,65,0,808,12:1:1:12:2:2:16:4:2:4:5:2:1:6:5:4:5:1:5:6:12:6:7:5:4:7:16:6:2:4:19:8:19:9:9:2:7:6:10:10:8:7:1:11:9:12:9:11:2:0:18:0:10:8:12:13:14:5:4:10:11:13:15:14:15:16:17:17:14:0:15:18:29:17:7:29:16:6:19:18:0:8:4:0:15:23:20:31:19:21:1:22:14:16:20:22:16:16:9:25:12:14:21:16:11:23:23:18:7:29:22:28:8:17:14:19:20:0:17:2:19:23:25:25:18:4:0:45:25:25:22:20:23:15:11:16:27:14:15:14:12:28:28:29:27:22:21:26:30:30:28:24:28:26:23:31:31:30:13:17:14:20:31:11:32:13:16:4:32:24:32:33:34:23:34:45:13:27:45:30:28:10:8:10:15:12:15:15:24:18:21:0:23:28:22:26:3:21:6:37:37:24:7:37:25:33:5:3:14:31:40:34:40:30:24:3:37:40:33:33:9:29:3:35:41:36:42:17:42:40:43:46:36:18:43:43:19:41:3:41:21:43:42:10:6:3:36:45:29:32:36:33:42:46:18:12:36:9:46:34:20:24:33:9:39:39:41:48:40:48:30:28:25:44:31:43:27:22:44:24:40:43:11:24:41:35:8:35:30:32:45:48:31:7:19:48:30:35:15:34:3:44:35:22:21:11:17:43:37:43:39:51:26:51:32:10:35:45:7:48:48:65:54:27:37:21:51:44:21:42:39:40:5:33:17:51:34:23:44:41:35:65:41:35:26:65:54:37:19:53:11:54:27:3:38:51:54:41:45:13:35:43:39:48:65:33:27:46:58:45:60:60:60:46:38:34:60:58:63:60:53:21:44:53:47:13:58:61:29:63:18:29:38:61:20:60:8:31:47:60:33:47:65:56:1:32:48:18:46:63:38:34:47:61:44:9:53:5:62:0:63:59:58:54:44:10:53:50:50:36:69:47:50:54:69:62:59:37:62:47:66:48:28:59:61:62:56:63:61:66:65:65:56:42:38:56:61:59:66:38:59:62:2:37:13:58:42:53:66:62:51:36:61:50:56:39:69:50:27:70:69:42:63:70:65:69:51:66:67:56:70:46:67:70:67:70:31:60:58:53
339,17,65,0,807,12:1:1:12:2:2:16:4:2:4:5:2:1:6:5:4:5:1:5:6:12:6:7:5:4:7:16:6:2:4:19:8:19:9:9:2:7:6:10:10:8:7:1:11:9:12:9:11:2:0:18:0:10:8:12:13:14:5:4:10:11:13:15:14:15:16:17:17:14:0:15:18:13:17:7:29:16:6:19:18:0:8:4:0:15:23:20:31:19:21:1:22:14:16:20:22:16:16:9:25:12:14:21:16:11:23:23:18:7:29:22:28:8:17:14:19:20:0:17:2:19:23:25:25:18:4:0:45:25:25:22:28:23:15:11:16:27:14:15:14:12:26:28:29:27:22:21:29:30:30:26:24:28:26:23:31:31:30:13:17:14:20:31:11:32:27:16:4:32:24:32:33:34:23:34:45:13:27:45:30:28:10:8:10:15:12:15:15:24:18:21:0:23:28:22:25:3:21:6:37:37:24:7:37:25:33:5:3:14:31:40:34:40:30:24:3:37:40:33:33:9:29:3:35:41:36:42:17:42:40:43:46:36:18:43:43:19:41:3:41:21:43:42:10:6:3:36:45:29:32:36:33:42:46:18:12:36:9:46:34:20:24:33:9:39:39:41:48:40:48:30:28:25:44:31:43:27:22:44:24:40:43:11:24:41:35:8:35:30:32:45:48:31:7:19:48:30:35:15:34:3:44:35:22:21:11:17:43:37:43:39:51:26:51:32:10:35:45:7:48:48:65:54:27:37:21:51:44:21:42:39:40:5:33:17:51:34:23:44:41:35:65:41:35:26:65:54:37:19:53:11:54:16:3:20:51:54:41:45:13:35:43:39:48:65:33:27:46:58:45:60:60:60:46:38:34:60:58:63:60:53:21:44:53:47:13:58:61:29:63:18:29:38:61:20:60:8:31:47:60:33:47:65:56:1:32:48:18:46:63:38:34:47:61:44:9:53:5:62:0:63:59:58:54:44:10:53:50:50:36:69:47:50:54:69:62:59:37:62:47:66:48:28:59:61:62:56:63:61:66:65:65:56:42:38:56:61:59:66:38:59:62:2:37:50:58:42:53:66:62:51:36:61:50:56:39:69:50:26:70:69:42:63:70:65:69:51:66:67:56:70:46:67:70:67:70:31:60:58:53
355,18,65,0,806,12:1:1:12:2:2:16:4:2:4:5:2:1:6:5:4:5:1:5:6:12:6:7:5:4:7:16:6:2:4:19:8:19:9:9:2:7:6:10:10:8:7:1:11:9:12:9:11:2:0:18:0:10:8:12:13:14:5:4:10:11:13:15:14:15:16:17:17:14:0:15:18:13:17:7:29:16:6:19:18:0:8:4:0:15:23:20:31:19:21:1:22:14:16:20:22:16:16:9:25:12:14:21:16:11:23:23:18:7:29:22:28:8:17:14:19:20:0:17:2:19:23:25:25:18:4:0:45:25:25:22:28:23:15:11:16:27:14:15:14:12:26:28:29:27:22:21:29:30:30:26:24:28:26:23:31:31:30:13:17:14:20:31:11:32:27:16:4:32:24:32:33:34:23:34:45:13:27:45:30:28:10:8:10:15:12:15:15:24:18:21:0:23:28:22:25:3:21:6:37:37:24:7:37:25:33:5:3:14:31:40:34:40:30:24:3:37:40:33:33:9:29:3:35:41:36:42:17:42:40:43:46:36:18:43:43:19:41:3:41:21:43:42:10:6:3:36:45:29:32:36:33:42:46:18:12:36:9:46:34:20:24:33:9:39:39:41:48:40:48:30:28:25:44:31:43:27:22:44:24:40:43:11:24:41:35:8:35:30:32:45:48:31:7:19:48:30:35:15:34:3:44:35:22:21:11:17:43:37:43:39:51:26:51:32:10:35:45:7:48:48:65:54:27:37:21:51:44:21:42:39:40:5:33:17:51:34:23:44:41:35:65:41:35:26:65:54:37:19:53:11:54:16:3:20:51:54:41:45:13:35:43:39:48:65:33:27:46:58:45:60:60:60:46:38:34:60:58:63:60:53:21:44:53:47:13:58:61:29:63:18:29:38:61:20:60:8:31:47:60:33:47:65:56:1:32:48:18:46:63:38:34:47:61:44:9:53:5:32:0:63:59:58:54:44:10:53:50:50:36:69:47:50:54:69:62:59:37:62:47:66:48:28:59:61:62:56:63:61:66:65:65:56:42:38:56:61:59:66:38:59:62:2:37:50:58:42:53:66:62:51:36:61:50:56:39:69:50:26:70:69:42:63:70:65:69:51:66:67:56:70:46:67:70:67:70:31:60:58:53
532,29,64,0,805,12:1:1:12:2:2:16:4:2:4:5:2:1:6:5:4:5:1:5:6:12:6:7:5:4:7:16:6:2:4:19:8:19:9:9:2:7:6:10:10:8:7:1:11:9:12:9:11:2:0:18:0:10:8:12:13:14:5:4:10:11:13:15:14:15:16:17:17:14:0:15:18:13:17:7:29:16:6:19:18:0:8:4:0:15:23:20:31:19:21:1:22:14:16:20:22:16:16:9:25:12:14:21:16:11:23:23:18:7:29:22:28:8:17:14:19:20:0:17:2:19:23:25:25:18:4:0:45:25:25:22:28:23:15:11:16:27:14:15:14:12:26:28:29:27:22:21:29:30:30:26:24:28:26:23:31:31:30:13:17:14:20:31:11:32:27:16:4:32:24:32:33:34:23:34:45:13:27:45:30:28:10:8:10:15:12:15:15:24:18:21:0:26:28:22:25:3:21:6:37:37:24:7:37:25:33:5:3:14:31:40:34:40:30:24:3:37:40:33:33:9:29:3:35:41:36:42:17:42:40:43:46:36:18:43:43:19:41:3:41:21:43:42:10:8:3:36:45:29:32:36:33:42:46:18:12:36:9:46:34:20:24:33:9:39:39:41:48:40:48:30:28:25:44:31:43:27:22:44:24:40:43:11:24:41:35:8:35:30:32:45:48:31:7:19:48:30:35:15:34:3:44:35:22:21:11:17:43:37:43:39:51:26:51:32:10:35:45:7:48:48:65:54:27:37:21:51:44:21:42:39:40:5:33:17:51:34:23:44:41:35:65:41:35:26:65:54:37:19:53:11:54:16:3:20:51:54:41:45:13:35:43:39:48:65:33:27:46:58:45:60:60:60:46:38:34:60:58:63:60:53:21:44:53:47:13:58:61:29:63:18:29:38:61:20:60:56:31:47:60:33:47:65:56:1:26:48:18:46:58:38:34:47:61:44:9:53:5:32:0:63:59:58:54:44:10:53:50:50:36:69:47:50:54:69:62:66:37:62:47:66:48:28:20:61:62:56:59:61:59:65:65:56:42:38:56:61:42:66:38:63:62:2:37:50:58:42:53:66:62:51:36:61:50:56:39:69:50:26:59:69:42:63:32:65:69:51:66:67:56:8:46:67:59:67:67:31:60:58:53
697,39,63,0,804,12:1:1:12:2:2:16:4:2:4:5:2:1:6:5:4:5:1:5:6:12:6:7:5:4:7:16:6:2:4:19:8:19:9:9:2:7:6:10:10:8:7:1:11:9:12:9:11:2:0:18:0:10:8:12:13:14:5:4:10:11:13:15:14:15:16:17:17:14:0:15:18:13:17:7:29:16:6:19:18:0:8:4:0:15:23:20:31:19:21:1:22:14:16:20:22:16:16:9:25:12:14:21:16:11:23:23:18:7:29:22:28:8:17:14:19:20:0:17:2:19:23:25:25:18:4:0:45:25:25:22:28:23:15:11:16:27:14:15:14:12:26:28:29:27:22:21:29:30:30:26:24:28:26:23:31:31:30:13:17:14:20:31:11:32:27:16:4:32:24:32:33:34:23:34:45:13:27:45:30:28:10:8:10:15:12:15:15:24:18:21:0:26:28:22:25:3:21:6:37:37:24:7:37:25:33:5:3:14:31:40:34:40:30:24:3:37:40:33:33:9:29:3:35:41:36:42:17:42:40:43:46:36:18:43:43:19:41:3:41:21:43:42:10:8:3:36:45:29:32:36:33:42:46:18:12:36:9:46:34:20:24:33:9:39:39:41:48:40:48:30:28:25:44:31:43:27:22:44:4:40:43:11:24:41:35:8:35:30:32:45:48:31:7:19:48:30:35:15:34:3:44:35:22:21:11:17:43:37:43:39:51:26:51:32:10:35:45:7:48:48:65:54:27:37:21:51:44:21:42:39:40:5:33:17:51:34:23:44:41:35:65:41:35:26:65:54:37:19:53:11:54:16:3:20:51:54:41:45:13:35:43:39:48:65:33:27:46:58:45:60:60:60:46:38:34:60:58:63:60:53:21:44:53:47:13:58:61:29:63:18:29:38:61:20:60:56:31:63:60:33:47:65:56:1:26:48:18:46:58:38:34:47:61:44:9:53:5:32:0:63:59:58:54:44:10:53:50:50:36:69:47:50:54:69:62:66:37:62:47:66:48:28:20:54:62:56:59:61:59:65:65:56:42:38:56:61:42:24:38:47:62:2:37:50:58:42:53:66:62:51:36:23:50:56:39:69:50:26:59:69:42:63:32:65:69:51:66:61:56:8:46:63:59:66:26:31:60:58:53
711,40,63,0,803,12:1:1:12:2:2:16:4:2:4:5:2:1:6:5:4:5:1:5:6:12:6:7:5:4:7:16:6:2:4:19:8:19:9:9:2:7:6:10:10:8:7:1:11:9:12:9:11:2:0:18:0:10:8:12:13:14:5:4:10:11:13:15:14:15:16:17:17:14:0:15:18:13:17:7:29:16:6:19:18:0:8:4:0:15:23:20:31:19:21:1:22:14:16:20:22:16:16:9:25:12:14:21:16:11:23:23:18:7:29:22:28:8:17:14:19:20:0:17:2:19:23:25:25:18:4:0:45:25:25:22:28:23:15:11:16:27:14:15:14:12:26:28:29:27:22:21:29:30:30:26:24:28:26:23:31:31:30:13:17:14:20:31:11:32:27:16:4:32:24:32:33:34:23:34:45:13:27:45:30:28:10:8:10:15:12:15:15:24:18:21:0:26:28:22:25:3:21:6:37:37:24:7:37:25:33:5:3:14:31:40:34:40:30:24:3:37:40:33:33:9:29:3:35:41:36:42:17:42:40:43:46:36:18:43:43:19:41:3:41:21:43:42:10:8:3:36:45:29:32:36:33:42:46:18:12:36:9:46:34:20:24:33:9:39:39:41:48:40:48:30:28:25:44:31:43:27:22:44:4:40:43:11:24:41:35:8:35:30:32:45:48:31:7:19:48:30:35:15:34:3:44:35:22:21:11:17:43:37:43:39:51:26:51:32:10:35:45:7:48:48:65:54:27:37:21:51:44:21:42:39:40:5:33:17:51:34:23:44:41:35:65:41:35:26:65:54:37:19:53:11:54:16:3:20:51:54:41:45:13:35:43:39:48:65:33:27:46:58:45:60:60:60:46:38:34:60:58:63:60:53:21:44:53:47:13:58:61:29:63:18:29:38:61:20:60:56:31:63:60:33:47:65:56:1:26:48:18:46:58:38:34:47:61:44:9:53:5:32:0:63:59:58:54:44:10:53:66:39:36:69:47:62:54:69:62:66:37:62:47:66:48:28:20:54:61:56:59:61:59:65:65:56:42:38:56:61:42:24:38:47:62:2:37:50:58:42:53:66:62:51:36:23:50:56:39:69:50:26:59:69:42:63:32:65:69:51:66:61:56:8:46:63:59:66:26:31:60:58:53
722,40,63,0,802,12:1:1:12:2:2:16:4:2:4:5:2:1:6:5:4:5:1:5:6:12:6:7:5:4:7:16:6:2:4:19:8:19:9:9:2:7:6:10:10:8:7:1:11:9:12:9:11:2:0:18:0:10:8:12:13:14:5:4:10:11:13:15:14:15:16:17:17:14:0:15:18:13:17:7:29:16:6:19:18:0:8:4:0:15:23:20:31:19:21:1:22:14:16:20:22:16:16:9:25:12:14:21:16:11:23:23:18:7:29:22:28:8:17:14:19:20:0:17:2:19:23:25:25:18:4:0:45:25:25:22:28:23:15:11:16:27:14:15:14:12:26:28:29:27:22:21:29:30:30:26:24:28:26:23:31:31:30:13:17:14:20:31:11:32:27:16:4:32:24:32:33:34:23:34:45:13:27:45:30:28:10:8:10:15:12:15:15:24:18:21:0:26:28:22:25:3:21:6:37:37:24:7:37:25:33:5:3:14:31:40:34:40:30:24:3:37:40:33:33:9:29:3:35:41:36:42:17:42:40:43:46:36:18:43:43:19:41:3:41:21:43:42:10:8:3:36:45:29:32:36:33:42:46:18:12:36:9:46:34:20:24:33:9:39:39:41:48:40:48:30:28:25:39:31:43:27:22:30:4:40:43:11:24:41:35:8:35:30:32:45:48:31:7:19:48:30:35:15:34:3:44:35:22:21:11:17:43:37:43:39:51:26:51:32:10:35:45:7:48:48:65:54:27:37:21:51:44:21:42:39:40:5:33:17:51:34:23:44:41:35:65:41:35:26:65:54:37:19:53:11:54:16:3:20:51:54:41:45:13:35:43:39:48:8:33:27:46:58:45:60:60:60:46:38:34:60:58:63:60:53:21:44:53:47:13:58:61:29:63:18:29:38:61:20:60:56:31:63:60:33:47:65:56:1:26:48:18:46:58:38:34:47:61:44:9:53:5:32:0:63:59:58:54:44:10:53:66:39:36:69:47:62:54:69:62:66:37:62:47:66:48:28:20:54:61:56:59:61:59:65:65:56:42:38:56:61:42:24:38:47:62:2:37:50:58:11:53:66:62:51:36:23:50:56:65:69:50:26:59:69:42:63:32:65:69:51:66:61:56:8:46:63:59:66:26:31:60:58:53
726,41,63,0,801,12:1:1:12:2:2:16:4:2:4:5:2:1:6:5:4:5:1:5:6:12:6:7:5:4:7:16:6:2:4:19:8:19:9:9:2:7:6:10:10:8:7:1:11:9:12:9:11:2:0:18:0:10:8:12:13:14:5:4:10:11:13:15:14:15:16:17:17:14:0:15:18:13:17:7:29:16:6:19:18:0:8:4:0:15:23:20:31:19:21:1:22:14:16:20:22:16:16:9:25:12:14:21:16:11:23:23:18:7:29:22:28:8:17:14:19:20:0:17:2:19:23:25:25:18:4:0:45:25:25:22:27:23:15:11:16:27:14:15:14:12:28:28:29:8:22:21:29:30:30:28:26:28:26:23:31:31:30:13:17:14:20:31:11:32:27:16:4:32:24:32:33:34:23:34:45:13:27:45:30:28:10:8:10:15:12:15:15:24:18:21:0:26:28:22:25:3:21:6:37:37:24:7:37:25:33:5:3:14:31:40:34:40:30:24:3:37:40:33:33:9:29:3:35:41:36:42:17:42:40:43:46:36:18:43:43:19:41:3:41:21:43:42:10:8:3:36:45:29:32:36:33:42:46:18:12:36:9:46:34:20:24:33:9:39:39:41:48:40:48:30:28:25:39:31:43:27:22:30:4:40:43:11:24:41:35:44:35:30:32:45:48:31:7:19:48:30:35:15:34:3:44:35:22:21:11:17:43:37:43:39:51:26:51:32:10:35:45:7:48:48:65:54:27:37:21:51:44:21:42:39:40:5:33:17:51:34:23:44:41:35:65:41:35:26:65:54:37:19:53:11:54:16:3:20:51:54:41:45:13:35:43:39:48:8:33:27:46:58:45:60:60:60:46:38:34:60:58:63:60:53:21:44:53:47:13:58:61:29:63:18:29:38:61:20:60:56:31:63:60:33:47:65:56:1:26:48:18:46:58:38:34:47:61:44:9:53:5:32:0:63:59:58:54:44:10:53:66:39:36:69:47:62:54:69:62:66:37:62:47:66:48:28:20:54:61:56:59:61:59:65:65:56:42:38:56:61:42:24:38:47:62:2:37:50:58:11:53:66:62:51:36:23:50:56:65:69:50:26:59:69:42:63:32:65:69:51:66:61:56:8:46:63:59:66:26:31:60:58:53
748,42,63,0,800,12:1:1:12:2:2:16:4:2:4:5:2:1:6:5:4:5:1:5:6:12:6:7:5:4:7:16:6:2:4:19:8:19:9:9:2:7:6:10:10:8:7:1:11:9:12:9:11:2:0:18:0:10:8:12:13:14:5:4:10:11:13:15:14:15:16:17:17:14:0:15:18:13:17:7:29:16:6:19:18:0:8:4:0:15:23:20:31:19:21:1:22:14:16:20:22:16:16:9:25:12:14:21:16:11:23:23:18:7:29:22:28:8:17:14:19:20:0:17:2:19:23:25:26:18:4:0:45:25:25:22:27:23:15:11:16:27:14:15:14:12:28:28:29:8:22:21:29:30:30:28:26:28:26:23:31:31:30:13:17:14:20:31:11:32:27:16:4:32:24:32:33:34:23:34:45:13:27:45:30:28:10:8:10:15:12:15:15:24:18:21:0:26:28:22:25:3:21:6:37:37:24:7:37:25:33:5:3:14:31:40:34:40:30:24:3:37:40:33:33:9:29:3:25:41:36:42:17:42:40:43:46:36:18:43:43:19:41:3:41:21:43:42:10:8:3:36:45:29:32:36:33:42:46:18:12:36:9:46:34:20:24:33:9:39:39:41:48:40:48:30:28:25:39:31:43:27:22:30:4:40:43:11:24:41:35:44:35:30:32:45:48:31:7:19:48:30:35:15:34:3:44:35:22:21:11:17:43:37:43:39:51:26:51:32:10:35:45:7:48:48:65:54:27:37:21:51:44:21:42:39:40:5:33:17:51:34:23:44:41:35:65:41:35:26:65:54:37:19:53:11:54:16:3:20:51:54:41:45:13:35:43:39:48:8:33:27:46:58:45:60:60:60:46:38:34:60:58:63:60:53:21:44:53:47:13:58:61:29:63:18:29:38:61:20:60:56:31:63:60:33:47:65:56:1:26:48:18:46:58:38:34:47:61:44:9:53:5:32:0:63:59:58:54:44:10:53:66:39:36:69:47:62:54:69:62:66:37:62:47:66:48:28:20:54:61:56:59:61:59:65:65:56:42:38:56:61:42:24:38:47:62:2:37:50:58:11:53:66:62:51:36:23:50:56:65:69:50:26:59:69:42:63:32:65:69:51:66:61:56:8:46:63:59:66:26:31:60:58:53
758,42,63,0,799,12:1:1:12:2:2:16:4:2:4:5:2:1:6:5:4:5:1:5:6:12:6:7:5:4:7:16:6:2:4:19:8:19:9:9:2:7:6:10:10:8:7:1:11:9:12:9:11:2:0:18:0:10:8:12:13:14:5:4:10:11:13:15:14:15:16:17:17:14:0:15:18:13:17:7:29:16:6:19:18:0:8:4:0:15:23:20:31:19:21:1:22:14:16:20:22:16:16:9:25:12:14:21:16:11:23:23:18:7:29:22:28:8:17:14:19:20:0:17:2:19:23:25:26:18:4:0:45:25:25:22:27:23:15:11:16:27:14:15:14:12:28:28:29:8:22:21:29:30:30:28:26:28:26:23:31:31:30:13:17:14:20:31:11:32:27:16:4:32:24:32:33:34:23:34:45:13:27:45:30:28:10:8:10:15:12:15:15:24:18:21:0:26:28:22:25:3:21:6:37:37:24:7:37:25:33:5:3:14:31:40:34:40:30:24:3:37:40:33:33:9:29:3:25:41:27:42:17:42:40:43:46:36:18:43:43:19:41:3:41:21:43:42:10:8:3:36:45:29:32:36:33:42:46:18:12:36:9:46:34:20:24:33:9:39:39:41:48:40:48:30:28:25:39:31:43:27:22:30:4:40:43:11:24:41:35:44:35:30:32:45:48:31:7:19:48:30:35:15:34:3:44:35:22:21:11:17:43:37:43:39:51:26:51:32:10:35:45:7:48:48:65:54:27:37:21:51:44:21:42:39:40:5:33:17:51:34:23:44:41:35:65:41:35:26:65:54:37:19:53:11:54:16:3:20:51:54:41:45:13:35:43:39:48:8:33:27:46:58:45:60:60:60:46:38:34:60:58:63:60:53:21:44:53:47:13:58:61:29:63:18:29:38:61:20:60:56:31:63:60:33:47:65:56:1:26:48:18:46:58:38:34:47:61:44:9:53:5:32:0:63:59:58:54:44:10:53:38:39:36:69:47:62:54:69:62:36:37:62:47:63:48:28:20:54:61:56:59:61:59:65:65:56:42:38:56:61:42:24:50:47:62:2:37:50:58:11:53:66:62:51:36:23:50:56:65:69:50:26:59:69:42:63:32:65:69:51:66:61:56:8:46:63:59:66:26:31:60:58:53
773,43,63,0,797,12:1:1:12:2:2:16:4:2:4:5:2:1:6:5:4:5:1:5:6:12:6:7:5:4:7:16:6:2:4:19:8:19:9:9:2:7:6:10:10:8:7:1:11:9:12:9:11:2:0:18:0:10:8:12:13:14:5:4:10:11:13:15:14:15:16:17:17:14:0:15:18:13:17:7:29:16:6:19:18:0:8:4:0:15:23:20:31:19:21:1:22:14:16:20:22:16:16:9:25:12:14:21:16:11:23:23:18:7:29:22:28:8:17:14:19:20:0:17:2:19:23:25:26:18:4:0:45:25:25:22:27:23:15:11:16:27:14:15:14:12:28:28:29:8:22:21:29:30:30:28:26:28:26:23:31:31:30:13:17:14:20:31:11:32:27:16:4:32:24:32:33:34:23:34:45:13:27:45:30:28:10:8:10:15:12:15:15:24:18:21:0:26:28:22:25:3:21:6:37:37:24:7:37:25:33:5:3:14:31:40:34:40:30:24:3:37:40:33:33:9:29:3:25:41:27:42:17:42:40:43:46:36:18:43:43:19:41:3:41:21:43:42:10:8:3:36:45:29:32:36:33:42:46:18:12:36:9:46:34:20:24:33:9:39:39:41:48:40:48:30:28:25:39:31:43:27:22:30:4:40:43:11:24:41:35:44:35:30:32:45:48:31:7:19:48:30:35:15:34:3:44:35:22:21:11:17:43:37:43:39:51:26:51:32:10:35:45:7:48:48:65:54:27:37:21:51:44:21:42:39:40:5:33:17:51:34:23:44:41:35:65:41:35:26:65:54:37:19:53:11:54:16:3:20:51:54:41:45:13:35:43:39:48:44:33:27:46:58:45:60:60:60:46:38:34:60:58:63:60:53:21:44:53:47:13:58:61:29:63:18:29:38:61:20:60:8:31:63:60:33:47:65:24:1:26:48:18:46:58:38:34:47:61:44:9:53:5:32:0:63:59:58:54:44:10:53:38:39:36:69:47:62:54:69:62:36:37:62:47:63:48:28:20:54:61:56:59:61:59:65:65:56:42:38:56:61:42:50:50:47:62:2:37:50:58:11:53:66:62:51:36:23:50:56:65:69:50:26:59:69:42:63:32:65:69:51:66:61:56:50:46:63:59:66:26:31:60:58:53
1187,70,63,0,796,12:1:1:12:2:2:16:4:2:4:5:2:1:6:5:4:5:1:5:6:12:6:7:5:4:7:16:6:2:4:19:8:19:9:9:2:7:6:10:10:8:7:1:11:9:12:9:11:2:0:18:0:10:8:12:13:14:5:4:10:11:13:15:14:15:16:17:17:14:0:15:18:13:17:7:29:16:6:19:18:0:8:4:0:15:23:20:31:19:21:1:22:14:16:20:22:16:16:9:25:12:14:21:16:11:23:23:18:7:29:22:28:8:17:14:19:20:0:17:2:19:23:25:26:18:4:0:45:25:25:22:27:23:15:11:16:27:14:15:14:12:28:28:29:8:22:21:29:30:30:28:26:28:26:23:31:31:30:13:17:14:20:31:11:32:27:16:4:32:24:32:33:34:23:34:45:13:27:45:30:28:10:8:10:15:12:15:15:24:18:21:0:26:28:22:25:3:21:6:37:37:24:7:37:25:33:5:3:14:31:40:34:40:30:24:3:37:40:33:33:9:29:3:25:41:27:42:17:42:40:43:46:36:18:43:43:19:41:3:41:21:43:42:10:8:3:36:45:29:32:36:33:42:46:18:12:36:9:46:34:20:24:33:9:39:39:41:48:40:48:30:28:25:39:31:43:27:22:30:4:40:43:11:24:41:35:44:35:30:32:45:48:31:7:19:48:30:35:15:34:3:44:35:22:21:11:17:43:37:43:39:51:26:51:32:10:35:45:7:48:48:65:54:27:37:21:51:44:21:42:39:40:5:33:17:51:34:23:44:41:35:65:41:35:26:65:54:37:19:53:11:54:16:3:20:51:54:41:45:13:35:43:39:48:44:33:27:46:58:45:60:60:60:46:38:34:60:58:63:60:53:21:44:53:47:13:58:61:29:63:18:29:38:61:20:60:8:31:63:60:33:47:65:24:1:26:48:18:46:58:38:34:47:61:44:9:53:5:32:0:63:59:58:54:44:10:53:38:39:36:69:47:62:54:69:62:36:37:62:47:63:48:28:20:54:61:69:59:61:59:65:65:56:42:38:8:61:42:50:50:47:62:2:37:50:58:11:53:66:62:51:36:23:50:56:65:69:50:26:59:56:42:63:32:65:69:51:66:61:56:50:46:63:59:66:26:31:60:58:53
1583,96,63,0,795,12:1:1:12:2:2:16:4:2:4:5:2:1:6:5:4:5:1:5:6:12:6:7:5:4:7:16:6:2:4:19:8:19:9:9:2:7:6:10:10:8:7:1:11:9:12:9:11:2:0:18:0:10:8:12:13:14:5:4:10:11:13:15:14:15:16:17:17:14:0:15:18:13:17:7:29:16:6:19:18:0:8:4:0:15:23:20:31:19:21:1:22:14:16:20:22:16:16:9:25:12:14:21:16:11:23:23:18:7:29:22:28:8:17:14:19:20:0:17:2:19:23:25:26:18:4:0:45:25:25:22:27:23:15:11:16:27:14:15:14:12:28:28:29:8:22:21:29:30:30:28:26:28:26:23:31:31:30:13:17:14:20:31:11:32:27:16:4:32:24:32:33:34:23:34:45:13:27:45:30:28:10:8:10:15:12:15:15:24:18:21:0:26:28:22:25:3:21:6:37:37:24:7:37:25:33:5:3:14:31:40:34:40:30:24:3:37:40:33:33:9:29:3:25:41:27:42:17:42:40:43:46:36:18:43:43:19:41:3:41:21:43:42:10:8:3:36:45:29:32:36:33:42:46:18:12:36:9:46:34:20:24:33:9:39:39:41:48:40:48:30:28:25:39:31:43:27:22:30:4:40:43:11:24:41:35:44:35:30:32:45:48:31:7:19:48:30:35:15:34:3:44:35:22:21:11:17:43:37:43:39:51:26:51:32:10:35:45:7:48:48:65:54:27:37:21:51:44:21:27:39:40:5:33:17:51:34:23:44:42:35:65:41:35:26:65:54:37:19:53:11:54:16:3:20:51:54:32:45:13:35:43:39:48:44:33:27:46:58:45:60:60:60:46:38:34:60:58:63:60:53:21:44:53:47:13:58:61:29:63:18:29:38:61:20:60:8:31:63:60:33:47:65:24:1:26:48:18:46:58:38:34:47:61:44:9:53:5:32:0:63:41:58:54:44:10:53:38:39:36:69:47:62:54:69:62:36:37:62:47:63:48:28:20:54:61:69:59:61:59:65:65:56:56:38:8:61:42:50:50:47:62:2:37:50:58:11:53:66:62:51:36:23:50:56:65:69:50:26:59:56:42:63:32:65:69:51:66:61:56:50:46:63:59:66:26:31:60:58:53
1626,99,63,0,794,12:1:1:12:2:2:16:4:2:4:5:2:1:6:5:4:5:1:5:6:12:6:7:5:4:7:16:6:2:4:19:8:19:9:9:2:7:6:10:10:8:7:1:11:9:12:9:11:2:0:18:0:10:8:12:13:14:5:4:10:11:13:15:14:15:16:17:17:14:0:15:18:13:17:7:29:16:6:19:18:0:8:4:0:15:23:20:31:19:21:1:22:14:16:20:22:16:16:9:25:23:14:21:16:11:23:23:18:7:29:22:28:8:17:14:19:20:0:17:2:19:23:25:26:18:4:0:45:25:25:22:27:23:15:11:16:27:14:15:14:12:28:28:29:8:22:21:29:30:30:28:26:28:26:23:31:31:30:13:17:14:20:31:11:32:27:16:4:32:24:32:33:34:23:34:45:13:27:45:30:28:10:8:10:15:12:15:15:24:18:21:0:26:28:22:25:3:21:6:37:37:24:7:37:25:33:5:3:14:31:40:34:40:30:24:3:37:26:33:33:9:29:3:25:41:27:42:17:42:40:43:46:36:18:43:43:19:41:3:41:21:43:42:10:8:3:36:45:29:32:36:33:42:46:18:12:36:9:46:34:20:24:33:9:39:39:41:48:40:48:30:28:25:39:31:43:27:22:30:4:40:43:11:24:41:35:44:35:30:32:45:48:31:7:19:48:30:35:15:34:3:44:35:22:21:11:17:43:37:43:39:51:26:51:32:10:35:45:7:48:48:65:54:27:37:21:51:44:21:27:39:40:5:33:17:51:34:23:44:42:35:40:41:35:12:65:54:37:19:53:11:54:16:3:20:51:54:32:45:13:35:43:39:48:44:33:27:46:58:45:60:60:60:46:38:34:60:58:63:60:53:21:44:53:47:13:58:61:29:63:18:29:38:61:20:60:8:31:63:60:33:47:65:24:1:26:48:18:46:58:38:34:47:61:44:9:53:5:32:0:63:41:58:54:44:10:53:38:39:36:41:47:62:54:65:38:36:37:62:47:63:48:28:20:54:61:62:59:61:59:65:65:56:56:38:8:61:42:50:50:47:69:2:37:50:58:11:53:66:66:51:36:23:50:56:65:69:50:26:59:56:42:63:32:65:69:51:66:61:56:50:46:63:59:66:26:31:60:58:53
1629,99,63,0,793,12:1:1:12:2:2:16:4:2:4:5:2:1:6:5:4:5:1:5:6:12:6:7:5:4:7:16:6:2:4:19:8:19:9:9:2:7:6:10:10:8:7:1:11:9:12:9:11:2:0:18:0:10:8:12:13:14:5:4:10:11:13:15:14:15:16:17:17:14:0:15:18:13:17:7:29:16:6:19:18:0:8:4:0:15:23:20:31:19:21:1:22:14:16:20:22:16:16:9:25:23:14:21:16:11:23:23:18:7:29:22:28:8:17:14:19:20:0:17:2:19:23:25:26:18:4:0:45:25:25:22:27:23:15:11:16:27:14:15:14:12:28:28:29:8:22:21:29:30:30:28:26:28:26:23:31:31:30:13:17:14:20:31:11:32:27:16:4:32:24:32:33:34:23:34:45:13:27:45:30:28:10:8:10:15:12:15:15:24:18:21:0:26:28:22:25:3:21:6:37:37:24:7:37:25:33:5:3:14:31:40:34:40:30:24:3:37:26:33:33:9:29:3:25:41:27:42:17:42:40:43:46:36:18:43:43:19:41:3:41:21:43:42:10:8:3:36:45:29:32:36:33:42:46:18:12:36:9:46:34:20:24:33:9:39:39:41:48:40:48:30:28:25:39:31:43:27:22:30:4:40:43:11:24:41:35:44:35:30:32:45:48:31:7:19:48:30:35:15:34:3:44:35:22:21:11:17:43:37:43:39:51:26:51:32:10:35:45:7:48:48:65:54:27:37:21:51:44:21:27:39:40:5:33:17:51:34:23:44:42:35:40:41:35:12:65:54:37:19:53:11:54:16:3:20:51:54:32:45:13:35:43:39:48:44:33:27:46:58:45:60:60:60:46:38:34:60:58:63:60:53:21:44:53:47:13:58:61:29:63:18:29:38:61:20:60:8:31:63:60:33:47:65:24:1:26:48:18:46:58:38:34:47:61:44:9:53:5:32:0:63:41:58:54:44:10:53:38:39:36:41:47:62:54:65:38:36:37:62:47:63:48:28:20:54:61:65:62:61:56:65:65:56:56:38:8:61:42:50:50:47:69:2:37:50:58:11:53:66:66:51:36:23:50:56:65:69:50:26:59:69:42:63:32:59:69:51:66:61:59:50:46:63:59:66:26:31:60:58:53
3264,204,63,0,792,12:1:1:12:2:2:16:4:2:4:5:2:1:6:5:4:5:1:5:6:12:6:7:5:4:7:16:6:2:4:19:8:19:9:9:2:7:6:10:10:8:7:1:11:9:12:9:11:2:0:18:0:10:8:12:13:14:5:4:10:11:13:15:14:15:16:17:17:14:0:15:18:13:17:7:29:16:6:19:18:0:8:4:0:15:67:20:59:19:21:1:22:14:16:20:22:16:16:9:59:12:14:21:16:11:67:67:18:7:29:22:28:8:17:14:19:20:0:17:2:19:67:27:25:18:4:0:59:25:25:22:27:67:15:11:16:27:14:15:14:25:28:28:29:8:22:21:29:30:30:28:26:28:26:67:31:31:30:13:17:14:20:31:11:32:27:16:4:32:24:32:33:34:67:59:45:13:27:45:30:28:10:8:10:15:12:15:15:24:18:21:0:67:28:22:25:3:21:6:37:37:24:7:37:25:33:5:3:14:31:40:34:40:30:24:26:37:59:33:33:9:29:3:42:41:27:42:17:42:40:43:46:36:18:43:43:19:41:3:41:21:43:46:10:6:3:36:45:29:32:36:33:42:46:18:40:36:9:46:34:20:24:33:9:39:39:1:34:59:48:30:28:25:39:31:43:27:31:30:4:40:22:11:24:41:35:5:35:30:32:45:48:19:7:19:48:30:35:15:34:3:26:46:22:21:11:17:43:37:43:59:51:26:51:32:10:35:45:7:48:48:48:35:27:37:21:51:44:21:27:40:40:37:33:17:51:34:67:44:42:12:40:3:35:26:65:26:37:19:31:11:65:16:3:20:51:44:32:45:13:35:43:39:48:8:33:27:46:58:45:23:60:12:41:60:53:44:58:39:23:53:21:67:53:39:13:58:41:29:38:18:29:38:60:20:60:56:39:36:60:33:47:65:24:1:26:48:18:42:58:56:34:47:46:44:9:53:59:32:0:23:41:58:54:65:10:63:38:39:53:61:47:38:54:53:38:36:63:60:47:63:48:28:20:53:61:65:54:61:23:65:65:56:62:50:8:61:42:50:50:47:43:2:37:50:58:11:44:23:38:51:36:63:50:56:65:61:50:44:23:69:62:63:32:23:69:51:69:61:56:50:54:54:22:62:54:31:60:58:53
4079,259,63,0,791,12:1:1:12:2:2:16:4:2:4:5:2:1:6:5:4:5:1:5:6:12:6:7:5:4:7:16:6:2:4:19:8:19:9:9:2:7:6:10:10:8:7:1:11:9:12:9:11:2:0:18:0:10:8:12:15:14:5:4:10:11:15:66:14:66:16:17:17:14:0:66:18:15:17:7:29:16:6:19:18:0:8:4:0:66:67:20:59:19:21:1:22:14:16:20:22:16:16:9:59:12:14:21:16:11:67:67:18:7:29:22:28:8:17:14:19:20:0:17:2:19:67:27:25:18:4:0:59:25:15:22:27:67:66:11:16:27:14:66:14:25:28:28:29:8:22:21:29:30:30:28:26:28:26:67:31:31:30:15:17:14:20:31:11:32:27:16:4:32:24:32:59:20:67:36:45:15:27:45:30:28:13:25:10:66:12:66:66:24:18:21:0:67:28:22:25:3:21:6:37:37:24:7:37:8:33:5:3:14:31:10:34:25:30:21:26:37:13:33:33:31:29:3:42:41:27:42:17:42:13:43:46:36:18:43:43:19:41:33:41:21:43:46:10:6:3:59:45:29:32:36:33:42:20:18:25:36:9:46:34:20:24:33:9:39:39:1:34:59:36:30:28:25:39:31:43:27:31:30:4:20:22:11:24:41:35:5:35:30:32:45:48:19:7:19:48:30:35:66:34:3:26:46:22:21:11:17:43:37:43:59:51:26:51:32:10:35:45:7:48:48:48:35:27:35:21:51:13:21:27:48:40:37:33:17:51:34:67:40:25:12:40:3:35:26:65:26:37:19:31:48:65:16:3:20:51:44:32:45:13:35:43:39:44:8:33:27:46:58:45:44:60:12:41:60:53:44:58:39:44:53:6:67:53:39:15:58:41:29:38:18:29:38:60:40:60:56:39:36:60:33:51:65:24:1:26:48:18:42:58:56:34:3:46:40:9:53:59:32:51:23:41:58:40:65:10:63:38:39:53:61:24:38:54:53:38:36:63:60:63:63:48:28:13:53:61:65:54:61:23:65:65:56:11:50:8:61:42:50:50:47:43:2:37:50:58:11:44:23:11:60:36:63:50:56:65:61:50:47:23:40:69:63:32:23:69:46:63:61:56:50:54:54:22:69:54:31:60:58:53
4664,298,64,0,790,12:1:1:12:2:2:16:4:2:4:5:2:1:6:5:4:5:1:5:6:12:6:7:5:4:7:16:6:2:4:19:8:19:9:9:2:7:6:10:10:8:7:1:11:9:12:9:11:2:0:18:0:10:8:12:15:14:5:4:10:11:15:66:14:66:16:17:17:14:0:66:18:15:17:7:29:16:6:19:18:0:8:4:0:66:67:20:59:19:21:1:22:14:16:20:22:16:16:9:59:12:14:21:16:11:67:67:18:7:29:22:28:8:17:14:19:20:0:17:2:19:67:27:26:18:4:0:59:31:15:22:27:67:66:11:16:27:14:66:14:12:28:28:29:8:22:21:29:30:30:28:26:28:26:67:31:31:30:15:17:14:20:31:11:32:27:16:4:32:24:32:59:20:67:24:45:15:27:13:30:28:13:45:10:66:12:66:66:24:18:21:0:67:28:22:0:3:21:6:37:37:24:7:37:8:33:5:3:14:31:10:45:20:30:21:25:37:13:33:33:9:29:42:42:41:27:42:17:3:13:43:46:36:18:43:43:19:41:33:41:21:43:46:10:6:3:59:45:29:32:36:33:24:20:18:45:36:9:46:34:65:24:33:9:39:39:1:34:59:36:65:28:45:39:25:43:27:31:30:4:20:22:11:25:41:35:5:35:30:32:65:48:19:7:19:48:30:35:66:34:13:26:46:22:21:11:17:43:37:43:59:51:26:51:32:10:35:45:7:48:48:48:35:27:35:21:51:34:21:27:48:40:30:33:17:24:51:67:34:25:12:40:3:35:26:62:26:37:19:31:48:62:16:3:20:51:20:32:45:44:35:43:39:44:8:33:27:46:65:45:44:60:44:41:60:53:44:65:39:44:53:6:67:34:39:15:65:41:29:38:18:29:38:60:40:60:56:39:36:60:33:51:53:42:1:26:48:18:61:34:13:56:3:46:40:9:53:59:32:51:44:41:40:40:62:10:54:38:39:53:61:58:38:54:53:38:36:37:60:58:62:48:28:13:53:61:62:54:15:58:62:62:56:11:50:8:61:58:50:50:58:43:2:37:50:47:11:44:23:11:60:36:54:53:56:62:61:50:47:61:40:69:63:32:23:69:46:63:42:56:50:54:54:22:69:63:47:60:56:20
4685,299,63,0,788,12:1:1:12:2:2:16:4:2:4:5:2:1:6:5:4:5:1:5:6:12:6:7:5:4:7:16:6:2:4:19:8:19:9:9:2:7:6:10:10:8:7:1:11:9:12:9:11:2:0:18:0:10:8:12:15:14:5:4:10:11:15:66:14:66:16:17:17:14:0:66:18:15:17:7:29:16:6:19:18:0:8:4:0:66:67:20:59:19:21:1:22:14:16:20:22:16:16:9:59:12:14:21:16:11:67:67:18:7:29:22:28:8:17:14:19:20:0:17:2:19:67:27:26:18:4:0:59:31:15:22:27:67:66:11:16:27:14:66:14:12:28:28:29:8:22:21:29:30:30:28:26:28:26:67:31:31:30:15:17:14:20:31:11:32:27:16:4:32:24:32:59:20:67:24:45:15:27:13:30:28:13:45:10:66:12:66:66:24:18:21:0:67:28:22:0:3:21:6:25:37:24:7:37:8:33:5:25:14:31:10:45:20:30:21:25:37:13:33:33:9:29:42:42:41:27:42:17:13:13:43:46:36:18:25:43:19:41:33:41:21:43:46:10:6:3:59:45:29:32:36:33:24:20:18:45:36:9:46:34:65:24:33:9:39:39:1:34:59:36:65:28:45:39:25:43:27:31:30:4:20:22:11:25:41:35:5:35:30:32:65:48:19:7:19:48:30:35:66:34:3:26:46:22:21:11:17:43:37:43:59:51:26:51:32:10:35:45:7:48:48:48:35:27:35:21:51:34:21:27:48:40:30:33:17:51:3:67:34:25:12:40:3:35:26:62:26:37:19:31:48:62:16:3:20:51:20:32:45:44:35:43:39:44:8:33:27:46:65:45:44:60:44:41:60:53:44:65:39:44:53:6:67:34:39:15:65:41:29:38:18:29:38:60:40:60:56:39:36:60:33:51:53:42:1:26:48:18:61:34:13:56:3:46:40:9:53:59:32:51:44:41:40:40:62:10:54:38:39:53:61:58:38:54:53:38:36:37:60:58:62:48:28:13:53:61:62:54:15:58:62:62:56:11:50:8:61:58:50:50:58:43:2:37:50:47:11:44:37:11:60:36:54:53:56:62:61:50:47:61:40:24:63:32:23:23:46:63:42:56:50:54:54:22:63:63:47:60:56:20
4696,300,63,0,787,12:1:1:12:2:2:16:4:2:4:5:2:1:6:5:4:5:1:5:6:12:6:7:5:4:7:16:6:2:4:19:8:19:9:9:2:7:6:10:10:8:7:1:11:9:12:9:11:2:0:18:0:10:8:12:15:14:5:4:10:11:15:66:14:66:16:17:17:14:0:66:18:15:17:7:29:16:6:19:18:0:8:4:0:66:67:20:59:19:21:1:22:14:16:20:22:16:16:9:59:12:14:21:16:11:67:67:18:7:29:22:28:8:17:14:19:20:0:17:2:19:67:27:26:18:4:0:59:31:15:22:27:67:66:11:16:27:14:66:14:12:28:28:29:8:22:21:29:30:30:28:26:28:26:67:31:31:30:15:17:14:20:31:11:32:27:16:4:32:24:32:59:20:67:24:45:15:27:13:30:28:13:45:10:66:12:66:66:24:18:21:0:67:28:22:0:3:21:6:25:37:24:7:37:8:33:5:25:14:31:10:45:20:30:21:25:37:13:33:33:9:29:42:42:41:27:42:17:13:13:43:46:36:18:25:43:19:41:33:41:21:43:46:10:6:3:59:45:29:32:36:33:24:20:18:45:36:9:46:34:65:24:33:9:39:39:1:34:59:36:65:28:45:39:25:43:27:31:30:4:20:22:11:25:41:35:5:35:30:32:65:48:19:7:19:48:30:35:66:34:3:26:46:22:21:11:17:43:37:43:59:51:26:51:32:10:35:45:7:48:48:48:35:27:35:21:51:34:21:27:48:40:30:33:17:51:3:67:34:25:12:40:3:35:26:62:26:37:19:31:48:62:16:3:20:51:20:32:45:44:35:43:39:44:8:33:27:46:65:45:44:60:44:41:60:62:44:65:39:44:43:6:67:34:39:15:65:41:29:38:18:29:38:60:40:60:56:39:36:60:33:51:53:42:1:26:48:18:61:34:13:56:3:46:40:9:53:59:32:51:44:41:40:40:62:10:54:38:39:53:61:58:38:54:53:38:36:37:60:58:62:48:28:13:53:61:62:54:15:58:62:62:56:11:50:8:61:58:50:50:58:43:2:37:50:47:11:44:37:11:60:36:54:53:56:47:61:50:47:61:40:24:63:32:23:23:46:63:42:56:50:54:54:22:63:63:47:60:56:20
4716,301,63,0,786,12:1:1:12:2:2:16:4:2:4:5:2:1:6:5:4:5:1:5:6:12:6:7:5:4:7:16:6:2:4:19:8:19:9:9:2:7:6:10:10:8:7:1:11:9:12:9:11:2:0:18:0:10:8:12:15:14:5:4:10:11:15:66:14:66:16:17:17:14:0:66:18:15:17:7:29:16:6:19:18:0:8:4:0:66:67:20:59:19:21:1:22:14:16:20:22:16:16:9:59:12:14:21:16:11:67:67:18:7:29:22:28:8:17:14:19:20:0:17:2:19:67:27:26:18:4:0:59:31:15:22:27:67:66:11:16:27:14:66:14:12:28:28:29:8:22:21:29:30:30:28:26:28:26:67:31:31:30:15:17:14:20:31:11:32:27:16:4:32:24:32:59:20:67:24:45:15:27:13:30:28:13:45:10:66:12:66:66:24:18:21:0:67:28:22:0:3:21:6:25:37:24:7:37:8:33:5:25:14:31:10:45:20:30:21:25:37:13:33:33:9:29:42:42:41:27:42:17:13:13:43:46:36:18:25:43:19:41:33:41:21:43:46:10:6:3:59:45:29:32:36:33:24:20:18:45:36:9:46:34:65:24:33:9:39:39:1:34:59:36:65:28:45:39:25:43:27:31:30:4:20:22:11:25:41:35:5:35:30:32:65:48:19:7:19:48:30:35:66:34:3:26:46:22:21:11:17:43:37:43:59:51:26:51:32:10:35:45:7:48:48:48:35:27:35:21:51:34:21:27:48:40:30:33:17:51:3:67:34:25:12:40:3:35:26:62:26:37:19:31:48:62:16:3:20:51:20:32:45:44:35:43:39:44:8:33:27:46:65:45:44:60:44:41:60:62:44:65:39:44:43:6:67:34:39:15:65:41:29:38:18:29:38:60:40:60:56:39:36:60:33:51:62:42:1:26:48:18:61:34:13:56:3:46:40:9:53:59:32:51:44:41:40:40:62:10:54:38:39:53:61:58:38:54:53:38:36:37:60:58:54:48:28:13:53:61:62:24:15:58:62:62:56:11:50:8:61:58:50:50:58:43:2:37:50:47:11:44:37:11:60:36:54:53:56:47:61:50:47:61:40:24:63:32:23:23:46:63:42:56:50:54:54:22:63:63:47:60:56:20
4837,309,63,0,785,12:1:1:12:2:2:16:4:2:4:5:2:1:6:5:4:5:1:5:6:12:6:7:5:4:7:16:6:2:4:19:8:19:9:9:2:7:6:10:10:8:7:1:11:9:12:9:11:2:0:18:0:10:8:12:15:14:5:4:10:11:15:66:14:66:16:17:17:14:0:66:18:15:17:7:29:16:6:19:18:0:8:4:0:66:67:20:59:19:21:1:22:14:16:20:22:16:16:9:59:12:14:21:16:11:67:67:18:7:29:22:28:8:17:14:19:20:0:17:2:19:67:27:26:18:4:0:59:31:15:22:27:67:66:11:16:27:14:66:14:12:28:28:29:8:22:21:29:30:30:28:26:28:26:67:31:31:30:15:17:14:20:31:11:32:27:16:4:32:24:32:59:20:67:24:45:15:27:13:30:28:13:45:10:66:12:66:66:24:18:21:0:67:28:22:0:3:21:6:25:37:24:7:37:8:33:5:25:14:31:10:45:20:30:21:25:37:13:33:33:9:29:42:42:41:27:42:10:13:13:43:46:36:18:25:43:19:41:33:41:21:43:46:10:8:3:59:45:29:32:36:33:24:20:18:45:36:9:46:34:65:24:33:9:39:39:1:34:59:36:65:28:45:39:25:43:27:31:30:4:20:22:11:25:41:35:5:35:30:32:65:48:19:7:19:48:30:35:66:34:3:26:46:22:21:11:17:43:37:43:59:51:26:51:32:10:35:45:7:48:48:48:35:27:35:21:51:34:21:27:48:40:30:33:17:51:3:67:34:25:12:40:3:35:26:62:26:3:19:31:48:62:16:3:20:51:20:32:45:44:35:43:39:44:8:33:27:46:65:45:44:60:44:41:60:62:44:65:39:44:43:42:67:34:39:15:65:44:29:38:18:29:38:60:40:60:56:39:36:60:33:51:62:42:1:26:31:18:61:34:13:56:3:46:40:9:37:59:32:51:44:41:40:40:62:10:54:38:39:53:61:58:38:54:53:38:36:53:60:58:54:48:36:13:58:61:62:24:15:58:62:62:56:58:50:8:61:58:50:50:58:43:2:14:50:47:11:44:48:11:60:36:54:53:56:47:61:50:47:61:40:24:63:32:23:23:46:63:42:56:50:54:54:22:63:63:47:60:56:20
5418,347,63,0,784,12:1:1:12:2:2:16:4:2:4:5:2:1:6:5:4:5:1:5:6:12:6:7:5:4:7:16:6:2:4:19:8:19:9:9:2:7:6:10:10:8:7:1:11:9:12:9:11:2:0:18:0:10:8:12:69:14:5:4:10:11:69:66:14:66:16:17:17:14:0:66:18:69:17:7:29:16:6:19:18:0:8:4:0:66:67:20:59:19:21:1:22:14:16:20:22:16:16:9:59:12:14:21:16:11:67:67:18:7:29:22:28:8:17:14:19:20:0:17:2:19:67:27:26:18:4:0:59:31:69:22:27:67:66:11:16:27:14:66:14:12:28:28:29:8:22:21:29:30:30:28:26:28:31:67:31:31:30:69:17:14:20:26:11:32:27:16:4:32:24:32:59:20:67:24:45:69:27:13:30:28:13:45:10:66:12:66:66:24:18:21:0:67:28:22:0:37:21:6:37:13:24:7:37:8:33:5:25:14:31:10:45:20:30:21:25:37:13:33:33:9:29:41:39:3:27:43:10:13:25:43:46:36:18:41:43:19:41:33:41:21:43:46:10:8:3:59:45:29:32:36:33:24:20:18:45:36:9:46:34:65:24:33:9:3:39:41:34:59:36:65:28:45:39:25:25:27:31:30:4:20:22:11:41:25:35:5:35:30:32:65:48:19:7:19:48:30:35:66:34:3:26:46:22:21:11:17:39:39:37:59:51:26:51:32:10:35:45:7:48:48:48:35:27:35:21:51:34:21:27:48:40:30:33:17:51:3:67:34:56:12:40:3:35:26:62:26:3:19:31:48:62:16:3:20:51:20:32:45:44:35:43:39:44:8:33:27:46:65:45:44:60:44:42:60:62:44:65:31:44:43:42:67:34:39:37:65:44:29:38:18:29:38:60:40:60:56:39:36:60:33:51:62:42:1:26:31:18:15:34:13:56:3:46:40:9:15:59:32:51:44:15:40:40:62:10:54:38:39:53:61:61:38:54:53:38:36:42:60:58:54:48:36:15:58:61:62:24:69:58:62:62:56:58:50:8:61:58:50:50:58:43:2:14:50:69:11:44:48:11:60:36:54:15:56:53:61:50:63:61:40:24:53:32:23:23:46:63:42:56:50:54:54:22:63:63:53:60:56:20
5774,370,62,0,783,12:1:1:12:2:2:16:4:2:4:5:2:1:6:5:4:5:1:5:6:12:6:7:5:4:7:16:6:2:4:19:8:19:9:9:2:7:6:10:10:8:7:1:11:9:12:9:11:2:0:18:0:10:8:12:69:14:5:4:10:11:69:66:14:66:16:17:17:14:0:66:18:69:17:7:29:16:6:19:18:0:8:4:0:66:67:20:59:19:21:1:22:14:16:20:22:16:16:9:59:12:14:21:16:11:67:67:18:7:29:22:28:8:17:14:19:20:0:17:2:19:67:27:26:18:4:0:59:31:69:22:27:67:66:11:16:27:14:66:14:12:28:28:29:8:22:21:29:30:30:28:26:28:31:67:31:31:30:69:17:14:20:26:11:32:27:16:4:32:24:32:59:20:67:24:45:69:27:13:30:28:13:45:10:66:12:66:66:24:18:21:0:67:28:22:0:37:21:6:37:13:24:7:37:8:33:5:25:14:31:10:45:20:30:21:25:37:13:33:33:9:29:41:39:3:27:43:10:13:25:43:46:36:18:41:43:19:41:33:41:21:43:46:10:8:3:59:45:29:32:36:33:24:20:18:45:36:9:46:34:65:24:33:9:3:39:41:34:59:36:65:28:45:39:25:25:27:31:30:4:20:22:11:41:25:35:5:35:30:32:65:48:19:7:19:48:30:35:66:34:3:26:46:22:21:11:17:39:39:37:59:51:26:51:32:10:35:45:7:48:48:48:35:27:35:21:51:34:21:27:48:40:30:33:17:51:3:67:34:56:12:40:3:35:26:62:26:3:19:31:48:62:16:3:20:51:20:32:45:44:35:43:39:44:8:33:27:46:65:45:44:60:44:42:60:62:44:65:31:44:43:6:67:34:39:37:65:44:29:38:18:29:38:60:40:60:56:39:36:60:33:51:62:42:1:26:31:18:15:34:13:56:3:46:40:9:15:59:32:51:44:15:40:40:62:10:54:38:39:53:61:61:38:54:53:38:36:42:60:42:54:48:36:15:58:61:62:24:69:58:62:62:56:65:50:8:61:42:50:50:58:43:2:14:50:69:11:44:48:11:60:36:54:15:56:53:61:50:63:61:40:24:53:32:58:58:46:63:42:56:50:54:54:22:63:63:53:60:56:20
5829,374,62,0,782,12:1:1:12:2:2:16:4:2:4:5:2:1:6:5:4:5:1:5:6:12:6:7:5:4:7:16:6:2:4:19:8:19:9:9:2:7:6:10:10:8:7:1:11:9:12:9:11:2:0:18:0:10:8:12:69:14:5:4:10:11:69:66:14:66:16:17:17:14:0:66:18:69:17:7:29:16:6:19:18:0:8:4:0:66:67:20:59:19:21:1:22:14:16:20:22:16:16:9:59:12:14:21:16:11:67:67:18:7:29:22:28:8:17:14:19:20:0:17:2:19:67:27:26:18:4:0:59:31:69:22:27:67:66:11:16:27:14:66:14:12:28:28:29:8:22:21:29:30:30:28:26:28:31:67:31:31:30:69:17:14:20:26:11:32:27:16:4:32:24:32:59:20:67:24:45:69:27:13:30:28:13:45:10:66:12:66:66:24:18:21:0:67:28:22:0:37:21:6:37:37:24:7:37:8:33:5:25:14:31:10:45:20:30:21:25:37:13:33:33:9:29:41:39:3:27:43:10:13:25:43:46:36:18:41:43:19:41:33:41:21:43:46:10:8:3:59:45:29:32:36:33:24:20:18:45:36:9:46:34:65:24:33:9:3:39:41:34:59:36:30:28:45:39:25:25:27:31:30:4:20:22:11:41:25:35:5:35:30:32:65:48:19:7:19:48:30:35:66:34:3:26:46:22:21:11:17:39:39:37:59:51:26:51:32:10:35:45:7:48:48:48:35:27:35:21:51:34:21:27:48:40:37:33:17:51:3:67:34:56:12:40:3:35:26:62:26:3:19:31:48:62:16:3:20:51:20:32:45:44:35:43:39:44:8:33:27:46:65:45:44:13:44:42:13:62:44:65:31:44:43:6:67:34:39:65:65:44:29:38:18:29:38:60:40:60:56:39:36:60:33:51:62:42:1:26:31:18:15:34:13:56:3:46:40:9:15:59:32:51:44:15:40:40:62:10:54:38:39:53:61:61:38:54:53:38:36:42:60:42:54:48:36:15:58:61:62:24:69:58:62:62:56:11:50:8:61:42:50:50:58:43:2:14:50:69:11:44:48:11:60:36:54:15:56:53:61:50:63:61:40:24:53:32:58:58:46:63:42:56:50:54:54:22:63:63:53:60:56:20
6447,415,63,0,781,12:1:1:12:2:2:16:4:2:4:5:2:1:6:5:4:5:1:5:6:12:6:7:5:4:7:16:6:2:4:19:8:19:9:9:2:7:6:10:10:8:7:1:11:9:12:9:11:2:0:18:0:10:8:12:69:14:5:4:10:11:69:66:14:66:16:17:17:14:0:66:18:69:17:7:29:16:6:19:18:0:8:4:0:66:67:20:59:19:21:1:22:14:16:20:22:16:16:9:59:12:14:21:16:11:67:67:18:7:29:22:23:8:17:14:19:20:0:17:2:19:67:27:26:18:4:0:59:31:69:22:27:67:66:11:16:27:14:66:14:12:23:23:29:8:22:21:29:30:30:23:26:23:31:67:31:31:30:69:17:14:20:26:11:32:27:16:4:32:24:32:59:20:67:24:45:69:27:13:30:23:13:45:10:66:12:66:66:24:18:21:0:67:23:22:0:37:21:6:37:37:24:7:37:8:33:5:25:14:31:10:45:20:30:21:25:37:13:33:33:9:29:41:39:3:27:43:10:13:25:43:46:36:18:41:43:19:41:25:41:21:43:46:10:8:3:59:45:29:32:36:33:24:20:18:45:36:9:46:34:65:24:33:9:3:39:41:34:59:36:30:23:45:39:25:25:27:31:30:4:20:22:11:48:25:35:5:35:30:32:65:28:19:7:19:48:30:35:66:34:3:26:46:22:21:11:17:39:39:37:59:51:26:51:32:10:35:45:7:28:28:48:35:27:37:21:51:34:21:27:65:48:37:33:17:51:3:67:34:56:12:41:3:35:26:41:26:3:19:31:28:62:16:3:20:51:20:32:45:44:35:43:39:44:8:33:27:46:65:45:44:13:44:28:13:62:44:65:31:44:43:6:67:34:39:65:65:44:29:38:18:29:38:60:56:60:56:39:36:60:33:51:62:42:1:26:31:18:15:34:13:56:3:46:58:9:15:59:32:51:44:15:13:58:62:10:54:38:39:48:65:42:38:54:42:38:36:42:60:42:54:26:36:15:58:48:62:24:69:58:62:62:56:11:50:8:61:58:50:41:15:43:69:14:50:69:11:44:48:11:60:36:54:15:56:50:61:50:63:61:40:24:53:32:40:40:46:63:61:56:50:54:54:22:63:63:53:60:61:20
7308,472,63,0,780,12:1:1:12:2:2:16:4:2:4:5:2:1:6:5:4:5:1:5:6:12:6:7:5:4:7:16:6:2:4:19:8:19:9:9:2:7:6:10:10:8:7:1:11:9:12:9:11:8:0:18:0:10:8:12:69:14:5:4:10:11:69:66:14:66:16:17:17:14:0:66:18:69:17:7:29:16:6:19:18:0:8:4:0:66:67:20:59:19:21:1:22:14:16:20:22:16:16:9:59:12:14:21:16:11:67:67:18:7:29:22:23:8:17:14:19:20:0:17:2:19:67:27:54:18:4:0:59:31:69:22:27:67:66:11:16:27:14:66:14:12:23:23:29:8:22:21:29:30:30:23:54:23:31:67:31:31:30:69:17:14:20:54:11:32:27:16:4:32:24:32:59:20:67:24:45:69:27:13:30:23:13:45:10:66:54:66:66:24:18:21:0:67:23:22:45:37:21:6:37:37:24:7:37:41:33:5:41:14:31:10:45:20:30:21:25:37:13:33:54:9:29:41:39:3:27:51:10:13:25:54:46:36:18:41:12:19:26:25:41:21:51:46:10:6:3:59:45:29:32:36:33:24:20:18:45:36:9:46:41:65:24:33:9:3:39:1:54:59:36:30:23:45:39:65:25:27:31:30:4:20:30:11:48:25:35:5:35:30:32:65:65:19:7:19:48:65:35:66:26:3:26:46:22:21:11:17:39:39:37:59:51:54:51:32:10:35:45:7:28:28:48:35:27:37:21:51:44:21:27:3:48:37:33:17:51:3:67:34:22:12:34:3:35:8:33:56:3:19:31:28:26:16:3:20:51:20:32:45:44:35:43:39:26:8:33:27:46:34:45:44:13:44:28:13:8:44:65:31:44:43:28:26:34:39:25:43:44:29:38:18:29:38:60:56:60:56:39:36:60:33:51:26:28:1:41:31:18:15:34:13:56:3:46:58:9:15:59:32:0:44:15:13:56:34:10:67:38:39:48:65:42:38:58:42:38:36:42:60:42:62:54:36:15:58:48:62:24:69:43:62:62:56:11:50:8:61:58:50:41:15:43:69:14:50:69:11:44:48:38:60:36:48:15:2:50:42:50:63:61:40:24:53:32:40:40:46:63:61:56:50:53:53:22:63:63:53:60:61:20
7373,476,63,0,779,12:1:1:12:2:2:16:4:2:4:5:2:1:6:5:4:5:1:5:6:12:6:7:5:4:7:16:6:2:4:19:8:19:9:9:2:7:6:10:10:8:7:1:11:9:12:9:11:8:0:18:0:10:8:12:69:14:5:4:10:11:69:66:14:66:16:17:17:14:0:66:18:69:17:7:29:16:6:19:18:0:8:4:0:66:67:20:59:19:21:1:22:14:16:20:22:16:16:9:59:12:14:21:16:11:67:67:18:7:29:22:23:8:17:14:19:20:0:17:2:19:67:27:54:18:4:0:59:31:69:22:27:67:66:11:16:27:14:66:14:12:23:23:29:8:22:21:29:30:30:23:54:23:31:67:31:31:30:69:17:14:20:54:11:32:27:16:4:32:24:32:59:20:67:24:45:69:27:13:30:23:13:45:10:66:54:66:66:24:18:21:0:67:23:22:45:37:21:6:37:37:24:7:37:41:33:5:41:14:31:10:45:20:30:21:25:37:13:33:54:9:29:41:39:3:27:51:10:13:25:54:46:36:18:41:12:19:26:25:41:21:51:46:10:6:3:59:45:29:32:36:33:24:20:18:45:36:9:46:41:65:24:33:9:3:39:1:54:59:36:30:23:45:39:65:25:27:31:30:4:20:30:11:48:25:35:5:35:30:32:65:65:19:7:19:48:65:35:66:26:3:26:46:22:21:48:17:39:39:37:59:51:54:51:32:10:35:45:7:28:28:48:35:27:37:21:51:44:21:27:3:48:37:33:17:51:3:67:34:22:12:34:3:35:8:33:56:3:19:31:43:26:16:3:20:51:20:32:45:44:35:43:39:26:8:33:27:46:34:45:44:13:44:43:13:8:44:65:31:44:43:6:26:34:39:25:38:44:29:65:18:29:38:60:56:60:56:39:36:60:33:51:26:28:1:41:31:18:15:34:13:56:3:46:28:9:15:59:32:0:44:15:13:56:34:10:67:38:39:58:11:42:38:58:42:38:36:42:60:42:62:54:36:15:58:48:62:24:69:43:26:62:56:58:50:8:61:58:50:41:15:43:69:14:50:69:11:44:62:28:60:36:48:15:2:50:42:50:63:61:40:24:53:32:40:40:46:63:61:56:50:53:53:22:63:63:53:60:61:20
9686,628,61,0,778,12:5:5:12:2:2:16:4:2:4:1:2:5:6:1:4:1:5:1:6:12:6:7:1:4:7:16:6:2:4:19:8:19:9:9:2:7:6:10:10:8:7:5:11:9:12:9:11:8:0:18:0:10:8:12:69:53:1:4:67:11:69:66:53:66:16:14:14:53:0:66:18:69:14:7:29:16:6:19:18:0:8:4:0:66:67:20:59:19:21:5:22:53:16:20:22:16:16:9:59:12:53:21:16:11:67:67:18:7:29:22:23:8:14:53:19:20:0:14:2:19:67:27:54:18:4:0:59:31:69:22:27:67:66:11:16:27:53:66:53:12:23:23:29:8:22:21:29:30:30:23:54:23:31:67:31:31:30:69:14:53:20:54:11:62:27:16:4:62:24:62:59:20:67:24:45:69:27:13:30:23:13:45:10:66:12:66:66:24:18:21:0:67:23:22:45:13:37:6:37:13:24:7:37:17:33:1:17:53:31:10:45:20:30:21:17:37:13:33:9:9:29:17:60:3:27:51:14:13:26:54:36:60:18:17:25:19:26:25:60:21:51:21:10:6:3:59:45:29:62:25:33:24:20:18:45:36:9:46:17:36:24:33:10:3:39:5:54:48:60:30:23:45:39:59:25:27:33:60:4:20:30:11:48:35:32:59:35:30:62:32:10:19:7:19:48:32:59:66:26:3:60:32:22:21:11:14:39:39:25:59:51:54:51:62:10:32:45:7:17:36:37:35:27:35:13:51:28:21:27:3:48:1:33:14:34:3:36:28:22:12:34:3:35:8:33:54:3:19:56:8:26:16:3:20:51:20:62:45:44:35:25:39:44:28:33:27:41:26:45:44:46:44:41:34:8:41:32:31:44:25:6:28:35:39:69:38:44:29:65:18:61:38:46:56:41:56:39:37:46:33:51:37:61:5:54:31:18:34:28:41:56:3:34:28:9:61:1:62:0:65:41:46:56:28:10:67:38:39:29:26:31:38:34:61:38:46:48:60:21:65:54:17:61:25:32:17:24:69:41:48:65:56:11:50:8:34:48:50:50:31:25:69:53:50:41:65:44:65:11:47:36:48:38:2:13:47:50:15:15:40:24:43:62:40:40:46:43:47:56:50:43:15:22:65:43:28:47:47:20
9695,628,61,0,776,12:5:5:12:2:2:16:4:2:4:1:2:5:6:1:4:1:5:1:6:12:6:7:1:4:7:16:6:2:4:19:8:19:9:9:2:7:6:10:10:8:7:5:11:9:12:9:11:8:0:18:0:10:8:12:69:53:1:4:67:11:69:66:53:66:16:14:14:53:0:66:18:69:14:7:29:16:6:19:18:0:8:4:0:66:67:20:59:19:21:5:22:53:16:20:22:16:16:9:59:12:53:21:16:11:67:67:18:7:29:22:23:8:14:53:19:20:0:14:2:19:67:27:54:18:4:0:59:31:69:22:27:67:66:11:16:27:53:66:53:12:23:23:29:8:22:21:29:30:30:23:54:23:31:67:31:31:30:69:14:53:20:54:11:62:27:16:4:62:24:62:59:20:67:24:45:69:27:13:30:23:13:45:10:66:12:66:66:24:18:21:0:67:23:22:45:13:37:6:37:13:24:7:37:17:33:1:17:53:31:10:45:20:30:21:17:37:13:33:9:9:29:17:60:3:27:51:14:13:26:54:36:60:18:17:25:19:26:25:60:21:51:21:10:6:3:59:45:29:62:25:33:24:20:18:45:36:9:46:17:36:24:33:10:3:39:5:54:48:60:30:23:45:39:59:25:27:33:60:4:20:30:11:48:35:32:59:35:30:62:32:10:19:7:19:48:32:59:66:26:3:60:32:22:21:11:14:39:39:25:59:51:35:51:62:10:32:45:7:17:36:37:35:27:35:13:51:28:21:27:3:48:1:33:14:51:3:36:28:22:12:54:3:31:8:33:54:3:19:56:8:26:16:3:20:51:20:62:45:44:35:25:39:44:28:33:27:41:26:45:44:46:44:41:34:8:41:32:31:44:25:6:28:35:39:69:38:44:29:65:18:61:38:46:56:41:56:39:37:46:33:51:37:61:5:54:31:18:34:28:41:56:3:34:28:9:61:1:62:0:65:41:46:56:28:10:67:38:39:29:26:31:38:34:61:38:46:48:60:21:65:54:17:61:25:32:17:24:69:41:48:65:56:11:50:8:34:48:50:50:26:25:47:53:50:41:65:44:65:11:47:36:48:38:2:13:47:50:15:15:40:24:43:62:40:40:46:43:47:56:50:43:15:22:65:43:28:47:47:20
9720,630,61,0,775,12:5:5:12:2:2:16:4:2:4:1:2:5:6:1:4:1:5:1:6:12:6:7:1:4:7:16:6:2:4:19:8:19:9:9:2:7:6:10:10:8:7:5:11:9:12:9:11:8:0:18:0:10:8:12:69:53:1:4:67:11:69:66:53:66:16:14:14:53:0:66:18:69:14:7:29:16:6:19:18:0:8:4:0:66:67:20:59:19:21:5:22:53:16:20:22:16:16:9:59:12:53:21:16:11:67:67:18:7:29:22:23:8:14:53:19:20:0:14:2:19:67:27:54:18:4:0:59:31:69:22:27:67:66:11:16:27:53:66:53:12:23:23:29:8:22:21:29:30:30:23:54:23:31:67:31:31:30:69:14:53:20:54:11:62:27:16:4:62:24:62:59:20:67:24:45:69:27:13:30:23:13:45:10:66:12:66:66:24:18:21:0:67:23:22:45:13:37:6:37:13:24:7:37:17:33:1:17:53:31:10:45:20:30:21:17:37:13:33:9:9:29:17:60:3:27:51:14:13:26:54:36:60:18:17:25:19:26:25:60:21:51:21:10:6:3:59:45:29:62:25:33:24:20:18:45:36:9:41:17:36:24:33:10:3:39:5:54:48:60:30:23:45:39:59:25:27:33:60:4:20:30:11:48:35:32:59:35:30:62:32:10:19:7:19:48:32:59:66:26:3:60:32:22:21:11:14:39:39:25:59:51:35:51:62:10:32:45:7:17:36:37:35:27:35:13:51:28:21:27:3:48:1:33:14:51:3:36:28:22:12:54:3:31:8:33:54:3:19:56:8:26:16:3:20:51:20:62:45:44:35:25:39:44:28:33:27:41:26:45:44:46:44:41:34:8:44:32:31:44:25:6:28:35:39:69:38:44:29:65:18:61:38:46:56:46:56:39:37:46:33:51:37:61:5:54:31:18:34:28:41:56:3:34:28:9:61:1:62:0:65:60:26:56:28:10:67:38:39:29:26:31:38:34:61:38:46:48:60:21:65:54:17:61:25:32:17:24:69:41:48:65:56:11:50:8:34:48:50:50:26:25:69:53:50:41:65:44:65:11:46:36:48:38:2:13:34:50:15:15:40:24:43:62:40:40:41:43:47:56:50:43:15:22:65:43:28:47:47:20
9742,632,61,0,773,12:5:5:12:2:2:16:4:2:4:1:2:5:6:1:4:1:5:1:6:12:6:7:1:4:7:16:6:2:4:19:8:19:9:9:2:7:6:10:10:8:7:5:11:11:12:9:11:8:0:18:0:10:8:12:69:53:1:4:67:11:69:66:53:66:16:14:14:53:0:66:18:69:14:7:29:16:6:19:18:0:8:4:0:66:67:20:59:19:21:5:22:53:16:20:22:16:16:9:59:12:53:21:16:11:67:67:18:7:29:22:23:8:14:53:19:20:0:14:2:19:67:27:54:18:4:0:59:31:69:22:27:67:66:11:16:27:53:66:53:12:23:23:29:8:22:21:29:30:30:23:54:23:31:67:31:31:30:69:14:53:20:54:11:62:27:16:4:62:24:62:59:20:67:24:45:69:27:13:30:23:13:45:10:66:12:66:66:24:18:21:0:67:23:22:45:13:37:6:37:13:24:7:37:17:33:1:17:53:31:10:45:20:30:21:17:37:13:33:9:9:29:17:60:3:27:51:14:13:26:54:36:60:18:17:25:19:26:25:60:21:51:21:10:6:3:59:45:29:62:25:33:24:20:18:45:36:9:41:17:36:24:33:10:3:39:5:54:48:60:30:23:45:39:59:25:27:33:60:4:20:30:11:48:35:32:59:35:30:62:32:10:19:7:19:48:32:59:66:26:3:60:32:22:21:11:14:39:39:25:59:51:35:51:62:10:32:45:7:17:36:37:35:27:35:9:51:28:21:27:3:48:1:33:14:51:3:36:28:22:12:54:3:31:8:33:54:3:19:44:8:26:16:3:20:51:20:62:45:44:35:25:39:44:28:33:27:41:26:45:44:46:46:41:34:8:44:32:31:44:25:6:28:35:39:69:38:13:29:65:18:61:38:46:56:46:56:39:37:46:33:51:37:61:5:54:31:18:34:28:41:56:3:34:28:9:61:1:62:0:65:60:26:56:28:10:67:38:39:29:26:31:38:34:61:38:46:48:60:21:65:54:17:61:25:32:17:24:69:41:48:65:56:61:50:8:34:48:50:50:26:25:69:53:50:41:65:44:65:11:46:36:48:38:2:13:34:50:15:15:40:24:43:62:40:40:41:43:47:56:50:43:15:22:65:43:28:47:47:20
12717,823,62,0,772,16:5:5:16:4:4:33:2:4:2:1:4:5:6:1:2:1:5:1:6:16:6:7:1:2:7:33:6:4:2:19:8:19:9:9:4:7:6:10:10:8:7:5:11:9:16:9:11:8:0:18:0:10:8:16:69:58:1:2:67:11:69:12:58:12:33:14:14:58:0:12:18:69:14:7:29:33:6:19:18:0:8:2:0:12:67:20:59:19:21:5:22:58:33:20:22:33:33:9:59:16:58:21:33:11:67:67:18:7:29:22:23:8:14:58:19:20:0:14:4:19:67:27:54:18:2:0:59:54:69:22:27:67:12:11:33:27:58:12:58:16:23:23:29:8:22:21:29:30:30:23:54:23:31:67:31:31:30:69:14:58:20:54:11:62:27:33:2:62:24:62:59:20:67:24:45:69:27:13:30:23:13:45:10:12:16:12:27:24:18:21:0:67:27:22:45:13:21:6:37:13:24:7:37:61:40:1:38:58:31:10:45:20:30:21:40:37:13:40:9:9:29:53:61:3:27:53:14:13:38:37:36:60:18:17:54:19:26:40:61:36:17:21:10:6:3:59:45:38:62:27:40:24:20:18:45:36:9:17:38:36:21:40:10:3:24:5:38:60:60:30:23:45:61:59:40:27:40:30:2:20:17:11:54:35:32:59:35:30:62:32:10:19:31:19:60:30:59:12:26:3:60:32:22:21:11:14:17:53:17:59:51:35:51:62:48:32:45:7:36:48:37:35:37:35:13:51:38:21:29:3:48:1:48:14:51:3:36:38:22:16:37:3:61:8:17:54:3:19:32:8:26:36:3:20:51:20:62:45:32:35:25:31:25:60:17:23:26:26:45:46:46:46:48:41:8:46:32:53:46:25:6:28:35:41:69:39:39:29:44:18:54:41:61:44:46:25:24:44:46:40:51:37:31:5:28:31:18:34:28:39:56:3:34:28:9:25:39:62:0:44:39:26:56:28:10:67:65:53:29:26:31:53:34:56:34:65:60:41:47:65:41:23:41:65:41:38:56:69:28:47:65:63:47:50:8:34:48:50:50:26:25:69:58:50:56:11:63:65:11:41:47:47:50:4:13:34:50:53:56:63:24:43:62:60:66:66:43:61:63:50:43:44:66:65:43:28:43:56:20
12719,823,62,0,771,16:5:5:16:4:4:33:2:4:2:1:4:5:6:1:2:1:5:1:6:16:6:7:1:2:7:33:6:4:2:19:8:19:9:9:4:7:6:10:10:8:7:5:11:9:16:9:11:8:0:18:0:10:8:16:69:58:1:2:67:11:69:12:58:12:33:14:14:58:0:12:18:69:14:7:29:33:6:19:18:0:8:2:0:12:67:20:59:19:21:5:22:58:33:20:22:33:33:9:59:16:58:21:33:11:67:67:18:7:29:22:23:8:14:58:19:20:0:14:4:19:67:27:54:18:2:0:59:54:69:22:27:67:12:11:33:27:58:12:58:16:23:23:29:8:22:21:29:30:30:23:54:23:31:67:31:31:30:69:14:58:20:54:11:62:27:33:2:62:24:62:59:20:67:24:45:69:27:13:30:23:13:45:10:12:16:12:27:24:18:21:0:67:27:22:45:13:21:6:37:13:24:7:37:61:40:1:38:58:31:10:45:20:30:21:40:37:13:40:9:9:29:53:61:3:27:53:14:13:38:37:36:60:18:17:54:19:26:40:61:36:17:21:10:6:3:59:45:38:62:27:40:24:20:18:45:36:9:17:38:36:21:40:10:3:24:5:38:60:60:30:23:45:61:59:40:27:40:30:2:20:17:11:54:35:32:59:35:30:62:32:10:19:31:19:60:30:59:12:26:3:60:32:22:21:11:14:17:53:17:59:51:35:51:62:10:32:45:7:36:48:37:35:37:35:13:51:38:21:29:3:48:1:48:14:51:3:36:38:22:16:37:3:61:8:17:54:3:19:32:8:26:36:3:20:51:20:62:45:32:35:25:31:25:60:17:23:26:26:45:46:46:46:48:41:8:46:32:53:46:25:6:28:35:41:69:39:39:29:44:18:54:41:61:44:48:25:24:44:46:40:51:37:31:5:28:31:18:34:28:39:56:3:34:28:9:25:39:62:0:46:39:26:56:28:10:67:65:53:29:26:31:53:34:56:34:65:60:41:44:65:41:23:41:65:41:38:56:69:28:47:65:63:47:50:8:34:48:50:50:26:25:69:58:50:56:11:63:65:11:41:47:47:50:4:13:34:50:53:56:63:24:43:62:60:66:66:43:61:63:50:43:39:66:65:43:28:43:56:20
55936,823,62,0,771,16:5:5:16:4:4:33:2:4:2:1:4:5:6:1:2:1:5:1:6:16:6:7:1:2:7:33:6:4:2:19:8:19:9:9:4:7:6:10:10:8:7:5:11:9:16:9:11:8:0:18:0:10:8:16:69:58:1:2:67:11:69:12:58:12:33:14:14:58:0:12:18:69:14:7:29:33:6:19:18:0:8:2:0:12:67:20:59:19:21:5:22:58:33:20:22:33:33:9:59:16:58:21:33:11:67:67:18:7:29:22:23:8:14:58:19:20:0:14:4:19:67:27:54:18:2:0:59:54:69:22:27:67:12:11:33:27:58:12:58:16:23:23:29:8:22:21:29:30:30:23:54:23:31:67:31:31:30:69:14:58:20:54:11:62:27:33:2:62:24:62:59:20:67:24:45:69:27:13:30:23:13:45:10:12:16:12:27:24:18:21:0:67:27:22:45:13:21:6:37:13:24:7:37:61:40:1:38:58:31:10:45:20:30:21:40:37:13:40:9:9:29:53:61:3:27:53:14:13:38:37:36:60:18:17:54:19:15:40:61:36:17:21:10:6:3:59:45:38:62:27:40:24:20:18:45:36:9:17:38:36:21:40:10:3:24:5:38:60:60:30:23:45:61:59:40:27:40:30:2:20:17:11:54:35:32:59:35:30:62:32:10:19:31:19:60:30:59:12:38:3:60:32:22:21:11:14:17:53:17:59:51:35:51:62:10:32:45:7:36:48:37:35:37:35:13:51:38:21:29:3:48:1:48:14:51:3:36:38:22:16:37:3:61:8:17:54:3:19:32:8:15:36:3:20:51:20:62:45:32:35:25:31:25:60:17:23:15:15:45:46:46:46:48:41:8:46:32:53:46:25:6:28:35:41:69:39:39:29:44:18:54:41:61:44:46:25:24:44:46:40:51:37:31:5:28:31:18:34:28:39:56:3:34:28:9:25:1:62:0:24:39:15:56:28:10:67:65:53:29:26:31:53:34:56:34:26:60:41:65:65:41:23:41:65:41:44:17:69:28:47:15:44:11:56:8:34:48:47:39:40:25:69:58:48:56:11:47:65:11:41:47:34:25:4:13:26:50:53:56:63:50:43:62:60:26:26:43:61:63:50:43:39:22:65:43:28:43:26:20
#2022-10-11 21:36:34
