#date,problem,instance,method,rand_seed,target,use_target,objective,time_limit,nb_max_iterations,initialization,nb_iter_local_search,max_time_local_search,local_search,adaptive,window_size,coeff_exploi_explo,simulation,O_time,P_time
#2022-10-12 08:33:21,wvcp,DSJC1000.1,local_search,6,0,false,reached,3600,9223372036854775807,constrained,9000000000000000000,3600,tabu_weight,pursuit,50,1,always_ls,0,0.02
turn,time,nb_colors,penalty,score,solution
0,0,37,0,427,0:0:1:0:1:0:0:1:0:1:2:2:1:1:0:2:1:1:2:2:3:3:3:1:2:0:3:0:2:2:3:3:3:1:1:0:3:2:3:2:1:4:4:1:4:1:5:4:3:2:5:3:3:0:5:1:5:3:1:5:4:6:6:5:4:6:7:5:6:7:6:5:5:7:5:7:0:7:6:6:7:4:5:4:4:6:2:2:5:7:5:6:7:4:2:4:0:3:8:7:8:4:4:8:1:4:1:8:6:4:6:3:4:4:9:6:9:5:8:7:9:7:7:6:9:9:0:5:6:0:5:6:7:8:9:9:8:7:8:5:1:4:2:8:2:7:2:7:9:7:2:6:3:3:9:1:2:3:7:2:1:8:10:10:10:4:9:4:10:7:1:0:9:8:7:8:10:3:9:4:5:0:9:10:3:10:5:10:2:7:1:6:9:11:11:0:10:10:1:0:10:11:8:11:2:11:11:10:12:12:12:2:7:8:12:12:5:12:6:0:9:13:12:12:13:11:13:10:12:13:10:13:5:8:12:5:14:14:11:6:9:14:5:9:2:3:14:11:10:15:12:8:11:10:14:15:0:15:1:0:9:15:11:10:3:15:2:11:15:13:13:14:8:15:12:13:12:8:14:2:6:15:13:9:15:15:8:12:13:11:16:6:14:16:16:13:16:10:14:7:11:4:11:14:13:9:8:7:6:4:14:15:17:17:17:16:14:17:6:10:15:17:13:10:17:17:15:15:14:17:1:12:4:15:13:17:16:8:15:1:4:14:3:11:17:1:7:16:0:10:15:12:7:16:17:8:13:14:13:10:13:16:17:3:18:16:2:16:18:18:11:18:16:11:14:12:9:8:18:8:1:12:19:19:16:17:5:18:10:1:19:14:9:13:18:19:15:14:14:11:14:17:19:10:19:14:14:18:9:6:15:7:16:16:15:19:12:16:1:14:19:16:18:19:19:7:20:6:3:20:16:17:11:8:11:20:20:5:17:2:12:20:20:15:9:11:12:19:11:19:5:20:16:10:20:17:20:10:19:9:3:21:20:21:21:21:21:18:18:10:5:21:3:11:19:14:8:14:18:21:20:16:12:18:21:15:22:9:22:20:16:18:22:9:22:18:21:18:19:18:4:21:4:15:8:12:20:21:21:21:18:1:12:18:8:21:18:15:19:19:17:15:18:19:22:22:23:23:22:23:23:12:22:23:5:20:23:11:22:16:21:21:21:13:23:23:2:17:23:24:20:11:23:12:22:23:6:24:18:4:24:2:18:21:9:24:0:22:24:14:20:6:14:15:9:18:1:18:24:25:23:18:24:17:19:5:13:25:25:13:15:23:25:15:24:18:21:22:11:25:7:9:20:25:22:14:24:20:25:19:2:23:25:24:17:13:24:20:7:18:3:14:19:12:25:7:25:3:0:20:17:24:22:20:0:6:26:14:22:23:26:26:26:24:26:26:23:26:23:24:24:21:26:26:26:22:4:17:24:25:0:18:16:26:2:26:25:25:26:0:26:23:25:18:25:20:25:20:17:5:20:12:0:27:24:25:16:27:27:4:0:2:22:28:24:4:27:16:26:23:28:14:28:21:27:22:15:28:28:27:24:24:28:26:12:28:27:25:8:16:28:27:28:26:7:28:5:28:27:2:19:1:19:27:11:19:28:22:26:8:27:9:27:27:21:27:29:29:14:22:26:22:29:18:20:16:29:28:29:14:25:29:6:29:4:27:18:21:29:8:19:25:25:12:17:27:13:15:28:27:29:23:15:23:28:6:27:28:23:3:11:29:16:30:30:30:31:31:30:31:4:25:30:6:32:31:3:32:25:30:17:32:3:26:28:32:32:30:29:28:32:30:31:29:30:2:32:31:30:27:31:5:27:29:24:19:32:31:27:30:26:5:29:7:26:22:10:31:31:30:26:9:26:25:20:33:3:27:33:33:30:2:33:34:33:25:33:16:31:28:31:31:27:33:34:31:34:33:24:18:24:31:25:24:18:32:34:9:29:23:30:24:13:6:21:32:34:19:31:33:24:29:34:32:17:1:33:26:26:13:28:11:4:9:34:34:22:29:31:28:30:20:33:16:21:0:34:34:11:28:29:28:30:33:34:35:32:34:34:0:33:35:23:27:34:35:26:29:1:3:35:10:35:20:30:30:35:20:20:34:35:30:21:35:13:36:36:0:35:29:35:34:35:28:36:36:20:36:0:32:0:27:32:0:13:36:34:36:28:30:13:36:23:36:31:8:30:8:21:17
1445,0,37,0,426,0:0:1:0:1:0:0:1:0:1:2:2:1:1:0:2:1:1:2:2:3:3:1:1:2:0:3:0:2:2:3:3:2:1:1:0:3:2:3:2:1:4:4:1:4:1:5:4:3:2:5:3:3:0:5:1:5:3:1:5:4:6:6:5:4:6:7:5:6:7:6:5:5:7:6:7:0:7:6:6:7:4:4:4:4:6:2:2:6:7:5:6:7:4:2:4:0:3:8:7:8:4:4:8:1:4:1:8:6:4:6:3:4:4:9:6:9:1:8:7:9:7:5:6:9:9:0:5:2:0:5:6:7:8:9:9:8:7:8:5:1:4:2:8:2:7:2:7:9:7:2:6:3:3:9:0:2:3:7:2:1:5:10:5:10:4:9:4:10:8:4:0:9:8:4:8:4:3:4:4:5:0:9:10:4:10:5:10:2:7:1:6:9:11:11:0:10:10:1:0:10:11:8:11:2:11:12:10:12:12:12:2:13:8:12:12:5:11:6:0:9:13:7:12:6:11:13:4:8:13:10:13:6:8:10:5:14:14:11:6:7:5:5:13:2:10:14:5:10:15:12:8:11:10:14:11:0:15:1:0:9:15:11:10:3:15:2:13:13:13:13:14:8:15:12:13:16:8:4:2:9:11:13:9:1:15:7:12:13:11:16:6:14:16:16:13:3:10:0:7:11:4:11:14:13:9:8:7:6:15:14:15:17:17:17:16:14:17:6:10:15:17:13:10:17:17:15:17:13:17:1:14:11:15:13:16:16:0:15:16:4:14:15:13:7:1:10:6:17:10:15:12:7:6:17:8:13:14:13:10:13:11:14:17:16:16:2:16:18:18:9:13:16:11:14:16:2:8:18:8:1:12:19:19:16:17:19:18:10:15:16:14:9:13:18:4:15:14:5:18:6:17:19:18:16:14:14:11:9:14:15:7:16:18:11:19:4:13:1:13:19:16:18:19:19:18:20:6:8:20:7:17:11:8:11:20:20:5:15:9:12:20:3:15:9:16:12:9:11:10:21:20:14:7:11:9:20:10:19:13:20:21:20:3:3:18:3:18:7:20:4:21:21:13:15:3:6:17:11:14:14:4:12:18:21:15:22:9:22:16:14:18:22:12:22:18:18:18:17:18:21:3:6:15:8:12:20:22:21:19:2:10:10:19:8:17:5:15:9:11:17:14:17:19:22:22:23:23:22:23:23:12:8:11:5:24:23:11:22:15:8:12:21:13:22:23:2:17:23:24:20:14:21:23:22:23:6:3:18:23:12:2:3:16:9:21:0:22:24:16:19:23:14:21:1:18:1:18:15:25:23:18:24:12:13:4:13:17:25:13:15:23:25:22:11:18:21:22:20:24:25:6:9:25:25:0:18:21:12:20:19:22:25:22:15:13:24:20:12:23:22:14:19:0:25:7:25:9:23:1:17:24:20:26:10:6:26:14:17:23:26:15:18:24:26:17:23:26:23:24:21:24:26:26:20:24:19:8:24:25:19:18:16:26:21:26:21:18:20:0:26:3:8:18:25:22:19:23:17:5:25:12:0:27:24:25:8:27:22:4:21:25:22:28:24:5:5:18:28:23:7:14:28:21:27:3:21:12:23:27:24:24:28:15:12:28:27:27:25:16:28:28:5:0:9:28:28:21:25:2:13:1:19:28:11:8:28:17:25:27:14:9:29:27:3:27:29:29:27:15:12:27:29:1:20:16:28:26:13:21:26:29:21:18:26:17:18:21:29:8:5:9:1:12:0:13:13:14:21:27:29:25:28:23:5:25:27:14:19:29:14:26:24:30:31:21:31:11:24:21:4:29:13:14:32:21:3:26:25:16:31:31:9:32:20:19:30:31:29:21:22:30:32:16:32:32:22:31:10:26:31:20:26:29:30:29:27:3:2:7:32:30:27:7:32:30:32:31:3:6:30:9:9:34:25:34:34:29:9:28:32:21:25:17:30:25:14:29:30:17:10:27:25:32:23:2:34:24:14:18:24:34:22:24:22:21:26:27:31:31:25:31:30:29:21:25:34:19:27:24:21:19:35:22:10:1:33:35:26:34:16:11:30:15:8:34:25:3:32:9:27:35:10:34:35:34:33:35:11:27:10:28:29:20:0:35:29:33:35:24:32:27:35:35:19:32:19:30:1:21:24:34:36:20:35:31:33:28:36:24:34:32:29:35:35:33:6:34:36:25:26:32:36:29:26:29:31:31:34:26:30:33:31:23:35:6:32:10:5:34:31:36:31:36:33:23:36:19:18:27
2395,0,37,0,425,0:0:1:0:1:0:0:1:0:1:2:2:1:1:0:2:1:1:2:2:3:3:1:1:2:0:3:0:2:2:3:3:2:1:1:0:3:2:3:2:1:4:4:1:4:1:5:6:3:2:5:3:3:0:5:1:5:3:1:5:4:6:6:5:4:6:7:5:6:7:6:5:5:7:5:7:0:7:6:6:7:4:4:4:4:6:2:2:6:7:5:6:7:4:2:4:0:3:8:7:8:4:4:8:1:4:1:8:6:4:6:3:4:4:9:6:9:1:8:7:9:7:7:6:9:9:0:5:2:6:5:6:7:8:9:7:0:3:3:5:9:4:2:8:2:7:2:7:5:7:2:6:3:3:9:0:2:3:7:2:1:9:10:5:10:4:9:4:10:8:1:0:9:8:4:8:4:3:4:4:5:0:1:10:4:10:5:10:2:7:1:6:9:11:11:0:1:10:1:0:10:11:10:11:2:11:12:10:12:12:12:2:13:8:12:12:5:11:6:0:1:13:7:12:6:11:13:4:8:13:10:3:1:8:12:5:14:14:11:6:7:5:5:12:2:10:14:5:10:15:12:8:11:10:14:11:0:15:16:8:3:15:11:10:3:15:2:13:13:13:0:14:8:15:12:13:16:13:4:2:9:7:13:8:1:9:7:15:13:11:16:6:14:13:4:13:16:10:8:7:11:4:11:14:13:9:8:7:6:15:14:15:17:17:17:16:14:17:6:10:15:6:13:10:17:17:9:0:13:17:1:14:11:15:13:16:16:0:15:7:11:14:15:13:12:1:10:2:17:10:15:8:7:5:17:15:13:17:13:10:13:11:14:17:16:16:2:16:6:18:9:13:16:11:14:16:0:2:18:8:16:12:19:19:16:17:19:18:10:16:19:14:9:19:18:4:15:14:8:18:5:17:19:18:16:14:14:11:9:6:15:16:0:18:11:14:4:13:9:13:19:16:18:19:19:3:21:6:8:8:7:17:11:8:11:9:8:5:15:9:18:20:19:15:9:16:2:19:19:12:21:20:14:7:5:19:20:10:19:19:20:21:20:3:14:18:20:18:7:20:13:21:21:13:15:3:16:21:11:14:14:4:12:18:22:15:22:9:14:16:14:18:22:12:22:9:18:18:17:18:21:3:6:15:8:12:20:17:3:21:2:1:10:19:22:10:5:15:9:11:17:5:19:19:21:22:23:24:22:23:23:7:24:11:5:24:23:11:14:15:21:12:21:19:22:23:24:17:20:9:20:14:2:5:18:11:6:3:24:13:24:2:10:10:24:14:0:22:24:14:19:2:14:8:9:18:1:18:15:25:24:18:12:12:19:4:13:17:25:13:15:23:25:15:11:18:21:22:20:20:25:6:9:25:12:0:21:11:7:21:19:22:25:14:15:13:15:8:12:19:22:14:19:12:25:7:25:9:17:20:14:22:3:26:10:12:26:25:6:23:26:15:18:24:26:0:3:23:20:19:19:24:20:12:20:22:19:8:21:24:0:18:16:18:21:10:21:18:21:0:26:20:25:26:23:24:22:23:9:9:21:16:20:22:22:9:8:3:27:4:21:2:22:28:12:5:23:2:28:17:7:14:28:28:27:4:27:23:25:24:24:24:23:22:12:28:27:12:26:16:26:3:5:20:9:12:26:21:25:25:26:5:12:26:12:8:28:17:28:27:13:4:27:27:28:27:29:29:27:15:12:27:22:29:20:16:10:27:13:21:17:29:21:18:26:17:18:21:27:8:19:9:1:12:23:13:26:24:26:21:26:25:28:16:29:25:27:14:3:29:17:9:22:29:30:21:30:30:24:18:25:29:13:14:26:24:23:26:29:16:31:1:22:28:28:19:30:31:23:31:27:9:5:28:28:2:18:31:24:25:31:28:24:27:30:29:27:5:23:14:26:27:27:7:31:27:26:17:32:22:30:31:9:34:25:20:28:23:30:30:3:2:27:31:26:30:25:16:31:17:10:34:23:18:32:31:32:27:24:27:30:30:24:30:29:32:22:27:16:34:25:13:19:24:31:29:24:29:31:23:35:33:35:34:7:16:35:33:33:34:16:6:27:35:8:28:23:30:26:19:32:31:25:16:35:34:15:29:30:33:30:27:32:33:1:11:17:33:33:35:33:25:35:31:31:26:33:29:35:8:32:14:36:20:33:36:22:3:36:34:34:36:35:23:33:32:34:35:26:35:6:28:25:19:36:25:33:16:21:20:36:31:28:33:34:36:29:8:28:8:13:31:5:36:33:32:29:31:29:33
3000,0,37,0,424,0:0:1:0:1:0:0:1:0:1:2:2:1:1:0:2:1:1:2:2:3:3:1:1:2:0:3:0:2:2:3:3:2:1:1:0:3:2:3:2:1:4:4:1:4:1:5:4:3:2:5:3:3:0:5:1:5:3:1:5:4:6:6:5:4:6:7:5:6:7:6:5:5:7:5:7:0:7:6:6:7:4:4:4:4:6:2:2:6:7:5:6:7:4:2:4:0:3:8:7:8:4:4:8:1:4:1:8:6:4:6:3:4:4:9:6:9:1:8:7:9:7:7:6:9:9:0:5:2:6:5:8:7:8:9:7:8:3:3:5:9:4:2:8:2:7:2:7:5:7:2:6:3:3:9:0:2:3:7:2:1:9:10:5:10:4:9:4:10:8:1:0:9:8:4:8:4:3:4:4:5:1:1:7:6:10:5:10:2:7:1:6:9:11:11:0:1:10:1:0:10:11:10:11:2:11:12:10:12:12:12:2:13:8:12:12:5:11:6:0:1:13:12:12:0:11:13:4:8:13:10:3:1:8:10:5:14:14:11:6:7:5:5:13:2:3:14:10:10:15:12:8:11:10:14:11:0:15:16:8:3:15:11:10:3:15:2:13:13:13:13:14:8:15:12:13:16:13:4:2:9:7:13:8:16:9:7:15:13:11:16:6:14:13:4:13:3:10:14:7:11:4:11:14:13:9:8:7:6:15:14:0:17:17:17:16:14:17:6:10:15:15:13:12:17:17:9:0:13:10:1:14:6:8:13:16:16:0:15:16:11:14:15:13:7:1:10:2:10:9:15:11:17:8:17:15:13:14:13:10:13:11:14:17:16:16:2:16:6:18:9:13:16:9:14:16:2:8:18:8:16:5:19:19:16:17:13:18:10:16:19:14:0:19:18:4:15:14:8:8:5:17:19:18:16:16:14:11:9:14:15:16:18:18:11:14:4:17:9:13:19:16:18:19:19:7:21:6:8:8:7:17:11:1:11:20:8:21:10:9:18:20:19:19:9:16:2:19:19:12:5:20:14:7:20:19:20:10:19:13:20:21:20:3:14:8:20:18:7:20:13:10:21:13:15:3:16:21:11:14:14:4:12:18:22:15:22:9:14:16:14:18:22:19:22:9:18:18:17:18:21:16:6:15:8:12:20:17:3:19:18:1:10:19:22:10:5:15:9:11:4:14:19:19:22:22:23:24:22:23:12:7:24:11:5:24:23:11:20:15:21:12:21:13:22:23:24:21:20:9:20:14:2:5:18:11:6:3:18:23:23:2:3:10:15:23:0:22:12:14:19:2:14:19:1:18:1:18:15:25:24:18:12:17:19:4:13:17:25:13:15:23:25:15:11:18:21:22:20:20:25:6:9:25:25:24:21:11:7:21:19:22:25:22:15:13:15:16:12:18:17:14:19:12:25:7:25:9:17:20:14:22:3:26:10:25:19:25:22:23:26:15:20:24:26:0:3:17:20:24:26:24:20:12:20:22:26:23:5:24:0:18:18:22:21:13:23:20:21:0:26:3:25:6:23:24:13:23:9:9:21:16:20:22:22:25:8:3:27:4:21:2:15:28:2:5:18:28:20:23:7:14:28:10:27:4:27:23:25:26:24:17:25:22:12:13:17:12:26:4:26:3:7:24:9:12:18:24:19:25:12:4:12:26:28:8:10:12:7:27:12:10:27:27:24:27:29:29:11:15:18:27:22:1:20:16:10:28:13:21:17:29:24:18:25:26:18:21:27:8:19:9:1:29:23:13:26:24:29:21:26:25:26:23:29:13:27:28:3:24:14:21:27:29:31:22:30:30:24:21:4:26:13:14:26:22:23:26:31:16:25:1:31:27:28:16:30:31:23:27:27:9:28:30:29:2:31:30:24:4:31:28:11:26:22:26:27:5:23:14:26:8:27:12:31:27:21:17:31:6:15:9:16:17:11:32:32:32:9:32:3:32:27:31:26:27:10:11:0:32:25:27:23:18:23:31:30:27:24:32:30:30:24:30:32:11:19:31:16:30:30:13:30:8:26:33:24:32:32:26:35:33:35:31:29:30:33:35:34:34:16:6:34:25:8:28:34:25:23:14:21:30:28:33:35:33:35:29:21:33:32:20:23:16:31:34:34:33:30:34:29:29:35:22:28:27:33:29:0:29:36:17:34:28:33:24:35:20:34:34:34:36:34:23:33:36:29:0:32:23:20:0:24:30:11:25:33:36:10:20:28:36:28:21:34:21:35:30:32:34:33:28:36:36:21:33:28:35:18:8
3243,1,37,0,423,0:0:1:0:1:0:0:1:0:1:2:2:1:1:0:2:1:1:2:2:3:3:1:1:2:0:3:0:2:2:3:3:2:1:1:0:3:2:3:2:1:4:4:1:4:1:5:4:3:2:5:3:3:0:5:1:5:3:1:5:4:6:6:5:4:6:7:5:6:7:6:5:5:7:6:7:0:7:6:6:7:4:4:4:4:6:2:4:6:7:5:6:7:4:2:4:0:3:8:7:8:4:4:8:1:4:1:8:6:4:6:3:4:4:9:6:9:1:8:7:9:7:7:6:9:9:0:5:2:6:5:8:7:8:9:7:8:3:3:5:9:4:2:8:2:7:2:7:5:7:2:6:3:3:9:0:2:3:7:2:1:9:10:5:10:8:9:4:10:3:4:0:9:8:4:8:4:3:4:4:5:1:1:10:3:10:5:10:2:7:1:6:9:11:11:0:1:10:1:0:10:11:8:1:2:11:12:10:12:12:12:2:13:8:12:12:5:12:6:0:1:13:12:12:0:11:13:4:8:13:10:3:1:8:10:5:14:14:11:6:7:5:10:12:2:10:14:10:10:15:12:8:11:10:14:11:0:15:16:8:3:15:11:10:3:15:2:13:13:13:13:14:8:15:12:13:16:13:4:2:9:7:13:8:16:9:7:15:13:11:16:5:14:13:4:16:3:10:14:7:11:4:11:14:13:9:17:7:6:15:14:15:17:17:17:16:14:17:6:10:15:15:13:10:17:17:9:0:13:10:1:14:6:8:13:16:1:0:15:16:11:14:15:13:7:1:10:2:10:9:15:11:17:8:17:15:13:14:13:10:13:11:14:17:16:16:2:16:18:18:9:13:16:9:14:16:2:8:18:8:16:12:19:19:16:17:13:18:10:16:19:14:0:19:19:4:15:14:8:8:5:19:19:18:16:16:14:11:9:14:17:16:18:18:11:14:4:17:16:13:19:16:19:20:19:7:21:6:8:8:7:17:11:1:11:20:8:21:17:9:18:20:18:19:9:16:6:19:19:12:5:20:14:7:5:19:20:10:19:11:20:21:20:18:3:8:20:18:7:20:21:10:21:13:15:3:6:21:18:14:14:4:12:18:22:15:22:9:14:16:17:18:22:19:22:9:18:18:17:18:21:16:6:15:8:12:20:17:3:19:18:1:10:19:22:10:5:15:9:11:4:8:5:19:22:22:23:24:22:23:12:7:24:11:5:24:12:11:20:15:21:12:21:13:22:23:2:21:20:9:20:17:2:23:18:11:6:3:18:23:23:2:3:10:15:14:0:22:12:14:8:2:14:19:9:18:1:18:15:25:24:18:12:17:13:4:13:17:25:13:15:23:25:15:11:18:21:22:20:20:25:6:9:25:25:0:21:11:7:21:2:22:25:22:15:13:15:8:12:18:17:14:19:12:25:7:25:9:0:20:14:22:3:26:8:19:19:25:22:23:26:15:20:24:26:0:10:17:20:24:26:24:26:22:20:25:26:20:5:24:0:18:18:22:21:26:23:20:21:0:25:3:25:23:23:16:7:23:9:9:21:16:20:22:22:25:8:3:27:14:21:2:15:28:2:5:18:28:20:23:7:14:28:10:27:4:27:23:25:17:24:11:25:22:15:28:17:12:26:4:26:3:24:16:3:12:18:24:19:25:21:4:12:20:28:25:28:12:7:27:12:10:27:27:22:27:1:29:11:15:12:27:22:14:20:16:28:28:13:21:17:29:24:18:19:26:18:21:27:8:27:9:1:2:23:7:13:14:29:24:26:22:26:23:0:13:27:28:3:24:14:24:28:29:31:22:26:30:24:21:22:26:13:14:26:31:23:17:31:26:25:1:31:27:28:29:30:31:23:27:27:9:23:26:25:30:31:8:27:26:31:28:11:26:30:26:27:31:23:14:31:27:27:12:31:16:21:17:31:6:15:9:16:30:11:20:32:32:9:32:3:32:27:31:32:27:27:11:26:32:30:27:29:28:25:31:31:27:14:32:30:30:24:8:24:11:22:29:16:30:28:13:30:28:30:29:24:32:32:32:35:33:30:31:7:30:33:35:25:26:16:35:29:25:8:28:32:32:23:14:21:30:27:16:19:33:23:9:26:33:32:20:35:20:30:30:31:33:30:0:32:29:31:22:28:26:30:31:0:29:30:14:34:28:36:36:36:33:35:35:34:36:34:23:31:33:9:0:20:23:29:0:36:30:26:31:33:33:10:36:9:36:21:21:34:35:35:34:34:31:33:22:32:35:23:23:33:36:18:24
3674,1,37,0,422,0:0:1:0:1:0:0:1:0:1:2:2:1:1:0:2:1:1:2:2:3:3:1:1:2:0:3:0:2:2:3:3:4:1:1:0:3:2:3:2:1:4:4:1:4:1:5:6:3:2:5:3:7:0:5:1:5:3:1:5:4:6:6:5:4:6:7:5:6:7:6:5:5:7:6:7:0:7:6:6:7:4:4:4:4:6:2:4:6:7:5:6:7:6:2:4:0:3:8:7:8:4:4:8:1:4:1:8:6:4:6:3:4:4:9:6:9:1:8:7:9:7:7:6:9:9:0:5:2:6:5:8:7:8:9:7:8:7:3:5:9:4:2:8:2:7:2:7:5:7:2:6:3:3:9:0:2:3:7:2:1:9:10:5:10:8:9:4:10:3:4:0:0:8:4:3:4:3:4:2:5:1:1:7:7:10:5:10:2:7:1:6:9:11:11:0:1:10:1:0:10:8:8:1:2:11:12:10:12:12:12:2:11:8:12:12:5:12:6:0:1:4:12:9:6:11:13:4:8:13:5:13:1:12:10:5:14:14:11:6:9:5:10:4:2:10:14:10:10:15:12:8:11:10:14:3:0:15:1:8:3:15:11:15:3:15:2:13:13:13:13:14:8:15:12:13:16:0:4:2:9:11:13:8:16:15:7:15:13:11:16:5:14:13:1:16:3:10:14:7:11:4:11:14:13:9:17:7:6:15:14:0:17:17:17:16:14:17:6:10:15:15:13:10:17:17:9:9:13:10:1:14:11:8:13:16:1:0:15:16:11:14:15:13:7:1:10:2:10:10:15:11:17:8:17:15:13:14:13:10:13:11:14:17:16:16:2:16:18:18:9:13:16:9:14:16:2:8:18:8:16:12:19:19:16:19:13:18:10:16:19:14:9:12:19:4:15:14:8:8:5:19:19:19:16:16:14:11:9:14:17:5:18:8:11:14:5:17:16:13:19:17:19:20:19:7:20:6:8:8:7:17:11:1:11:20:8:21:15:9:18:20:18:19:9:16:21:19:19:14:5:20:5:2:5:19:20:10:19:11:20:21:18:3:14:18:20:18:14:20:5:10:21:13:15:3:21:16:21:11:14:4:12:18:22:15:22:9:14:16:17:18:22:19:22:9:18:18:17:17:21:2:6:15:8:12:20:17:20:19:5:1:11:19:22:10:5:15:9:11:4:14:19:19:22:24:12:24:22:23:12:7:24:11:5:24:12:23:14:15:21:12:21:13:22:11:2:21:18:9:20:20:24:23:18:17:6:3:18:23:14:2:3:10:15:23:0:23:12:14:8:2:22:13:9:18:21:18:15:25:24:18:12:17:16:4:24:17:20:6:15:23:25:15:11:18:21:22:20:20:6:6:20:25:25:0:11:11:7:21:2:25:24:14:15:13:15:16:12:18:17:6:19:12:25:7:25:9:0:20:3:12:20:26:8:7:19:25:22:18:26:15:20:24:26:26:10:17:20:24:26:25:26:26:20:25:26:8:5:4:0:18:18:5:22:13:23:18:21:0:25:3:25:23:23:16:25:5:23:11:21:16:20:22:22:25:8:3:0:14:21:2:15:24:2:24:12:28:27:23:7:14:28:10:27:4:27:23:25:27:24:11:25:22:15:28:17:12:26:16:26:3:7:0:9:12:18:24:19:25:13:1:12:20:28:25:10:12:7:21:14:10:22:27:22:27:1:29:11:15:28:28:22:28:20:16:29:28:27:21:17:29:26:18:25:26:18:26:9:8:27:1:1:2:23:7:13:14:22:27:26:7:26:23:0:28:29:7:12:3:14:12:22:29:31:22:31:30:24:30:25:26:18:14:26:21:23:17:31:26:25:29:31:27:28:18:30:26:17:31:27:9:5:29:25:30:29:8:24:4:31:23:11:29:6:29:27:28:2:31:31:27:29:12:27:26:21:29:31:6:15:9:32:17:11:20:16:28:9:32:19:32:27:28:32:27:10:11:26:28:32:27:23:29:25:31:31:32:30:28:30:32:24:24:2:11:19:32:12:17:21:13:19:28:23:32:24:32:32:29:32:29:30:31:7:30:13:24:29:30:16:6:30:21:27:30:32:25:33:14:21:30:21:16:33:15:19:9:33:33:27:28:23:16:0:30:32:33:29:33:33:29:24:7:31:27:30:19:28:23:30:14:20:28:36:34:35:33:35:35:34:36:34:34:36:36:29:25:34:23:29:3:36:36:26:34:31:33:11:36:36:25:21:23:34:6:24:30:34:30:30:26:34:16:21:33:35:33:25:31
4414,1,37,0,421,0:0:1:0:1:0:0:1:0:1:2:2:1:1:0:2:1:1:2:2:3:3:1:4:2:0:3:0:2:2:3:3:4:1:1:0:3:4:3:2:1:4:4:4:4:1:5:6:3:2:5:3:7:0:5:1:5:3:1:5:4:6:6:5:4:6:7:5:6:7:6:5:5:7:6:7:0:7:6:6:7:4:4:4:4:6:2:4:6:7:5:6:7:4:2:4:0:3:8:7:8:4:4:8:0:4:1:8:6:4:6:3:4:4:9:6:9:1:8:7:9:7:7:6:9:9:0:5:2:6:5:8:7:8:4:7:8:3:3:5:9:4:2:8:2:7:2:7:9:7:2:6:3:3:9:0:2:3:7:2:1:9:10:5:10:8:9:4:10:3:4:0:0:8:7:8:4:3:4:2:5:1:1:7:10:10:5:10:2:7:1:6:9:11:11:3:10:10:1:0:10:8:8:1:2:11:12:10:12:12:12:2:13:8:12:12:5:12:6:12:1:4:12:12:6:11:13:13:8:13:5:13:1:8:10:5:14:14:11:6:7:5:10:12:6:10:14:10:10:15:12:8:12:10:14:3:0:15:1:8:3:15:11:2:3:15:2:13:13:13:13:14:8:15:12:4:16:13:4:2:9:11:13:8:16:15:7:12:13:11:16:5:14:13:1:16:3:10:0:7:11:4:11:14:13:9:17:7:6:15:14:0:10:17:17:16:14:17:15:15:15:15:13:12:17:17:15:0:13:10:1:3:6:8:13:16:1:13:15:16:11:5:12:16:11:1:11:2:10:10:15:16:7:8:17:15:13:14:13:10:13:1:14:3:16:16:2:16:18:18:9:13:16:9:14:16:2:8:18:8:16:12:15:5:16:19:13:18:10:16:13:14:0:13:19:19:15:14:8:8:6:0:19:18:16:14:4:11:9:14:17:7:18:19:9:10:5:15:9:12:19:17:19:20:19:7:20:6:8:9:7:17:11:1:11:20:8:11:10:2:18:2:18:15:9:16:6:19:8:14:5:16:14:2:11:19:20:10:19:11:20:18:18:18:4:20:3:18:7:10:4:10:17:13:15:3:6:18:18:14:20:5:12:18:22:15:22:9:14:16:14:18:22:19:22:9:18:18:17:20:21:16:6:15:8:12:21:17:3:19:5:1:11:12:22:10:5:11:9:11:4:13:19:19:22:24:12:24:20:22:24:7:24:24:22:24:12:23:23:15:21:23:21:16:22:11:2:21:20:9:20:12:24:23:18:23:6:14:17:0:14:22:10:10:15:10:0:22:12:14:17:2:14:19:9:18:1:18:15:25:24:18:12:17:13:23:24:17:20:6:15:23:25:8:11:24:21:22:20:20:6:6:5:25:25:3:11:11:7:21:11:24:24:14:15:13:17:8:23:8:17:18:19:12:25:19:2:9:25:20:14:22:20:26:8:19:23:25:26:18:17:15:20:24:26:0:24:7:20:24:25:25:26:26:20:25:26:8:16:24:0:20:25:5:21:26:21:18:21:23:25:11:24:22:25:16:25:5:9:11:21:27:20:22:20:28:8:3:27:14:21:25:24:28:2:24:5:28:25:20:7:14:28:10:27:4:21:24:25:17:24:17:25:24:21:13:17:12:27:16:19:23:28:16:9:12:17:23:27:25:13:21:12:20:28:27:15:12:21:27:14:8:22:27:26:27:9:29:20:15:28:28:22:28:20:16:10:26:13:21:17:23:26:18:25:26:18:10:9:8:27:1:1:26:23:7:13:14:26:23:26:28:26:14:9:28:22:14:3:3:17:12:22:29:31:22:31:30:24:18:27:29:24:14:26:21:3:5:25:26:23:1:31:27:23:18:30:26:17:5:27:13:23:21:28:30:29:30:24:4:31:23:11:30:6:22:27:31:26:22:27:14:29:7:12:26:21:22:31:6:23:9:28:21:11:20:31:7:29:27:15:23:27:21:29:30:32:14:26:28:32:22:25:32:19:2:31:32:31:31:30:29:30:18:29:11:19:0:28:17:31:26:30:24:29:32:24:16:27:26:33:29:32:21:32:16:13:33:29:30:16:5:33:21:19:30:25:25:25:32:23:27:32:16:19:31:19:9:33:30:28:27:6:16:18:30:32:15:29:27:32:31:33:7:13:30:21:21:11:3:30:32:23:28:33:36:36:33:26:33:35:36:33:34:31:30:14:0:22:29:35:3:24:25:34:31:34:25:32:23:36:33:36:33:34:18:19:36:24:35:32:26:35:24:28:31:13:34:22:32
4590,1,37,0,420,0:0:1:0:1:0:0:1:0:1:2:2:1:1:0:2:1:1:2:2:3:3:1:4:2:0:3:0:2:2:3:3:4:1:1:0:3:4:3:2:1:4:4:4:4:1:5:6:3:2:5:3:7:0:5:1:5:3:1:5:4:6:6:5:4:6:7:5:6:7:6:5:5:7:6:7:0:7:6:6:4:4:3:4:4:6:2:4:6:7:5:6:7:4:2:4:0:7:8:7:8:4:4:8:0:4:1:8:6:4:6:3:4:4:9:6:9:5:8:7:9:7:7:6:9:9:0:5:2:6:5:8:7:8:4:7:8:3:3:5:9:4:2:8:2:7:2:7:9:7:2:6:3:3:9:0:2:3:7:2:1:9:10:5:10:8:9:4:10:3:4:0:0:8:7:8:4:3:4:2:5:1:1:7:10:10:5:10:2:7:1:6:9:11:11:3:10:10:1:0:10:8:8:1:2:11:12:10:12:12:12:2:13:8:12:12:5:12:6:12:1:13:12:12:6:11:13:13:8:13:5:13:1:8:10:5:14:14:11:12:7:5:10:4:6:10:14:10:10:15:12:8:12:10:14:3:16:15:1:8:3:15:11:2:3:15:2:13:13:13:13:14:8:15:12:4:16:13:4:2:9:11:13:8:16:15:7:12:13:11:16:5:14:13:1:16:3:8:14:7:11:4:0:14:13:9:17:7:6:15:14:0:10:17:17:16:14:17:15:15:15:15:13:12:17:17:9:0:13:10:1:3:6:8:13:16:1:0:15:7:11:14:12:16:11:1:11:2:10:9:15:11:7:17:17:15:13:14:13:10:13:1:14:3:16:16:2:16:18:18:9:13:16:9:14:16:2:8:18:8:16:12:15:5:16:19:13:18:10:16:13:14:0:12:19:19:15:14:8:8:6:0:19:18:16:14:4:19:9:14:17:7:18:19:11:14:5:13:9:12:19:17:19:20:19:7:20:6:8:8:7:17:11:1:11:20:8:11:10:2:18:2:18:15:9:16:6:19:8:14:5:16:14:2:11:19:20:10:19:11:20:18:18:18:14:20:20:18:7:10:4:10:17:13:15:3:6:10:18:14:20:5:12:18:22:15:22:9:14:16:17:18:22:19:22:9:18:18:17:20:4:16:6:15:8:12:20:17:3:19:5:1:14:12:22:10:5:15:9:19:4:17:20:19:22:24:12:24:16:22:24:7:24:24:22:24:12:23:23:15:21:23:21:16:22:11:2:21:20:9:20:12:24:19:18:23:6:14:17:0:14:22:10:10:15:10:0:22:12:14:17:11:14:19:9:18:1:18:15:25:24:18:19:17:13:23:24:17:20:6:15:23:25:8:11:24:21:21:20:20:9:6:5:25:25:3:11:16:7:21:11:24:25:22:15:13:17:8:23:19:17:18:19:12:25:7:2:9:22:20:14:22:20:26:24:19:23:25:26:18:17:15:20:24:26:0:24:7:20:24:26:25:26:21:20:25:26:8:16:24:0:21:25:5:21:26:21:18:21:23:25:11:24:22:25:16:25:23:9:11:21:27:15:22:20:28:8:3:0:14:21:25:24:28:2:24:5:28:25:20:7:14:28:10:27:25:27:24:25:26:24:17:25:24:21:13:17:12:27:16:19:23:28:0:9:12:17:23:27:25:26:21:13:26:9:27:23:12:21:8:26:8:22:18:26:27:9:29:27:15:28:28:22:28:20:16:10:26:13:21:17:23:26:18:25:26:19:10:9:21:27:1:1:26:23:7:13:14:26:23:26:28:26:9:9:28:22:14:3:3:17:9:16:29:31:22:31:30:24:18:30:29:9:26:26:21:31:5:25:26:23:27:31:27:29:18:30:30:29:22:27:13:23:21:28:30:29:30:24:1:31:23:11:31:6:22:27:29:26:22:27:14:29:7:29:16:21:22:31:6:21:9:28:21:11:20:3:7:29:27:15:23:27:21:31:30:28:16:21:28:32:22:25:32:17:2:31:32:31:31:30:26:30:2:18:11:19:0:28:17:31:26:28:29:29:32:24:29:27:25:33:29:32:21:32:16:13:33:29:30:28:5:33:21:19:30:25:29:25:32:23:27:11:16:2:30:19:29:21:21:27:27:6:16:18:30:32:15:24:27:32:21:33:28:13:28:31:21:21:3:30:32:23:28:33:36:36:33:36:35:35:35:33:19:31:31:14:0:12:29:35:3:24:8:34:31:34:35:18:29:36:33:36:33:34:30:30:35:34:35:32:26:32:32:36:34:36:34:22:27
6790,2,37,0,419,0:0:1:0:1:0:0:1:0:1:2:2:1:1:0:2:1:1:2:2:3:3:1:4:2:0:3:0:2:2:0:3:3:1:1:0:3:4:3:2:1:4:4:1:4:1:5:6:3:2:5:3:7:0:5:1:5:3:1:5:4:6:6:5:4:6:7:5:6:7:6:5:5:7:6:7:0:7:6:6:7:4:4:4:4:6:2:4:6:7:5:6:7:4:2:4:0:7:8:7:8:4:4:8:1:4:1:8:6:4:6:3:4:4:9:6:9:1:8:7:9:7:7:6:9:9:0:6:2:6:5:9:7:8:4:7:8:3:3:5:9:4:2:8:2:7:2:7:9:7:2:6:3:3:9:0:2:0:7:2:1:8:10:5:10:8:10:4:10:3:0:0:0:8:4:8:4:3:9:2:5:4:1:10:4:10:2:10:2:7:1:6:9:11:11:3:10:10:14:0:10:8:8:1:2:11:12:3:12:12:12:2:13:8:12:6:5:12:6:12:1:13:5:12:6:11:11:13:8:13:5:5:5:8:4:5:14:5:11:6:9:5:5:4:6:10:14:10:10:15:12:8:9:10:14:3:13:15:1:8:3:15:11:2:3:15:2:13:3:13:13:14:8:15:12:4:16:13:4:2:9:7:13:8:16:10:7:12:13:11:16:5:14:13:0:16:3:8:0:7:11:4:11:14:13:9:17:7:1:15:14:0:10:17:6:16:14:17:6:15:15:6:13:10:17:17:15:9:14:6:1:14:11:5:13:16:1:0:15:16:11:9:12:16:16:1:7:2:10:0:16:11:7:5:0:15:13:0:13:10:13:1:14:13:16:16:9:16:18:18:9:1:0:17:19:12:2:8:18:8:9:12:19:5:17:19:13:18:10:15:13:14:17:16:19:19:15:14:8:9:6:0:19:18:16:14:4:11:9:9:17:4:16:15:11:14:5:15:9:12:17:17:19:12:5:7:13:6:8:9:7:17:11:1:4:20:8:11:10:2:18:17:3:19:9:16:18:19:15:10:5:20:5:2:5:5:20:10:19:1:15:18:18:16:4:14:6:18:7:10:4:11:17:13:15:3:8:4:18:13:20:5:12:19:22:15:22:20:14:16:17:18:11:19:17:20:13:18:17:17:4:2:6:15:8:12:20:20:20:19:18:4:11:12:22:8:5:7:9:19:4:13:11:19:22:22:12:21:9:19:19:15:24:11:22:18:19:22:14:15:21:12:21:16:14:20:14:14:20:20:3:12:24:24:18:10:11:16:15:17:14:22:3:10:24:14:21:14:24:16:12:2:11:16:13:24:22:18:15:12:24:22:21:23:25:18:24:15:20:6:0:22:24:17:25:15:23:23:20:10:3:6:0:25:25:0:11:20:23:21:14:20:16:23:15:3:24:8:16:19:23:9:19:8:26:7:2:25:26:20:14:6:20:12:26:7:18:20:23:18:17:16:13:26:26:0:24:7:21:24:26:25:26:21:20:25:0:8:5:21:0:15:18:25:4:21:21:25:25:23:25:20:24:11:18:22:7:11:20:23:21:27:15:25:28:26:8:3:0:19:23:2:21:19:2:24:22:28:23:27:28:21:28:9:27:12:27:28:17:12:24:26:26:24:21:28:17:12:11:16:19:3:28:23:3:12:17:23:24:27:27:28:27:22:27:25:21:12:13:26:24:23:24:27:11:27:9:21:29:15:28:9:20:26:20:23:10:0:13:14:17:23:23:13:26:16:19:10:12:25:18:1:25:21:25:7:26:21:9:23:27:24:28:9:25:9:25:29:18:25:27:25:18:28:30:26:29:30:29:28:27:21:20:26:29:21:27:12:26:9:29:29:27:31:23:31:30:29:30:22:29:10:28:16:16:22:30:22:23:27:17:5:11:27:23:30:17:29:22:14:29:29:23:3:29:31:32:22:30:31:21:22:11:28:28:32:16:7:28:21:15:5:31:32:22:30:27:14:30:27:30:27:23:32:26:25:29:20:31:31:23:17:29:8:19:32:20:24:27:6:25:18:13:26:18:32:24:27:10:21:23:30:32:33:30:1:28:18:19:10:16:6:33:22:31:31:15:30:25:32:27:33:31:29:2:29:31:32:32:32:32:33:23:22:22:29:26:31:29:19:1:27:23:21:33:31:16:32:31:3:34:14:17:30:30:34:19:33:36:36:36:36:33:34:35:35:33:31:33:34:6:35:35:30:29:30:33:25:25:29:28:35:29:25:25:32:28:34:23:36:19:35:35:21:29:34:3:35:32:29
7300,2,37,0,418,0:0:1:0:1:0:0:1:0:1:2:2:1:1:0:2:1:1:2:2:3:3:1:4:2:0:3:0:2:2:0:3:2:1:1:0:3:2:3:2:1:4:4:1:4:1:5:6:3:2:5:3:7:0:5:1:5:3:1:5:4:6:6:5:4:6:7:5:6:7:6:5:5:7:6:7:0:7:6:6:7:4:4:4:4:6:2:4:6:7:5:6:7:4:2:4:0:7:8:7:8:4:4:8:1:4:1:8:6:4:6:3:4:4:9:6:9:1:8:7:9:2:7:6:9:9:0:6:9:6:5:8:7:8:4:9:8:3:3:5:9:4:2:8:2:7:2:7:9:7:2:6:3:2:9:0:2:0:7:2:1:8:10:5:10:8:10:4:10:3:0:0:0:8:4:8:4:3:9:2:8:4:9:10:3:10:2:10:2:7:1:6:9:11:11:3:10:10:1:0:10:8:0:1:2:11:12:3:12:12:12:2:13:8:12:6:5:12:6:12:1:13:7:12:0:11:11:13:8:13:5:5:5:8:4:5:14:5:11:6:11:5:10:4:6:10:14:10:10:15:12:8:9:10:14:11:13:15:1:8:3:15:11:2:3:15:2:13:3:13:13:14:8:15:12:4:16:13:4:2:9:7:13:8:16:10:7:12:13:11:16:15:14:13:13:16:3:1:0:12:11:4:11:14:13:9:17:7:1:15:14:0:10:17:6:16:14:17:6:15:15:6:13:10:17:17:15:9:13:6:1:14:11:5:13:16:1:7:15:16:11:9:12:16:16:1:7:2:10:0:16:8:17:5:0:17:13:0:13:10:13:1:14:13:16:16:9:16:18:18:9:13:16:17:14:5:2:8:18:8:9:12:19:5:17:19:13:18:10:15:13:14:17:16:19:19:15:14:8:9:6:0:19:18:16:14:4:11:9:9:9:4:16:8:11:10:5:15:9:12:17:17:19:12:5:7:13:6:8:9:7:17:11:1:11:20:8:11:10:9:18:17:18:19:9:16:18:19:10:17:5:20:5:14:5:5:20:10:19:1:9:18:18:3:17:14:6:18:7:9:4:11:17:13:19:3:8:4:18:13:20:5:12:19:22:15:22:9:14:16:17:18:11:19:17:20:13:18:17:17:19:2:6:15:8:12:20:20:20:19:18:4:3:12:22:8:5:7:9:19:4:14:11:19:22:22:12:21:9:19:19:15:24:11:22:18:19:22:14:22:21:11:21:16:14:12:2:14:20:20:3:14:16:24:18:10:16:3:6:17:14:2:10:10:24:14:21:14:10:16:12:19:11:22:13:24:23:18:15:13:24:18:21:23:25:18:24:15:20:6:0:11:8:17:24:19:23:23:20:10:3:6:0:25:25:23:11:11:23:21:21:20:16:19:15:3:24:21:23:8:0:14:8:8:26:7:2:25:26:26:14:6:20:4:8:7:18:20:23:18:17:16:20:26:26:0:21:7:21:24:26:25:25:21:20:25:0:8:5:4:24:15:18:25:4:25:21:25:25:23:24:16:24:18:1:22:24:23:20:23:21:27:15:15:25:14:8:3:0:19:23:2:21:26:18:24:22:28:23:27:26:21:15:24:27:12:27:12:17:21:24:26:26:24:27:17:11:12:11:16:26:3:28:23:3:24:18:18:24:27:20:25:5:20:27:25:6:12:7:8:22:23:24:18:11:22:1:21:14:15:12:9:20:26:19:20:14:0:14:14:27:11:28:13:26:24:19:10:12:4:5:27:25:26:25:22:26:21:9:23:18:19:3:23:25:13:22:14:24:3:22:28:18:28:23:26:15:30:29:31:31:26:20:26:29:24:30:12:29:9:29:1:27:31:31:31:30:21:29:23:29:28:28:16:28:22:30:22:23:27:17:5:11:27:24:29:18:22:27:14:23:5:29:3:24:31:32:22:30:31:21:32:31:28:28:28:16:20:30:30:28:24:30:32:28:30:27:24:31:27:26:24:23:25:21:32:29:30:14:31:30:17:22:8:15:30:20:24:27:6:25:29:32:26:22:32:24:20:33:21:23:1:32:33:7:23:28:18:20:16:16:6:33:31:31:31:28:30:33:31:28:33:28:29:32:23:0:23:32:19:28:28:6:16:32:22:32:31:30:28:1:27:18:29:33:31:31:29:29:3:36:35:17:34:30:34:27:33:36:36:36:36:33:29:32:35:33:26:25:34:27:19:29:22:36:25:34:25:36:28:30:35:29:33:33:35:34:27:34:27:24:35:25:16:31:34:3:35:10:35
7614,2,37,0,417,0:0:1:0:1:0:0:1:0:1:2:2:1:1:0:2:1:1:2:2:3:3:1:4:2:0:3:0:2:2:0:3:2:1:1:0:3:2:3:2:1:4:4:1:4:1:5:6:3:2:5:3:7:0:5:1:5:3:1:5:4:6:6:5:4:6:7:5:6:7:6:5:5:7:6:7:0:7:6:6:7:4:4:4:4:6:2:4:6:7:5:6:7:4:2:1:0:7:8:7:8:4:4:8:1:4:1:8:6:4:6:3:4:4:9:3:9:1:8:7:9:2:7:6:9:9:0:6:2:6:5:8:7:8:4:9:8:3:3:5:9:4:2:8:2:7:2:7:9:7:2:6:3:2:9:0:2:0:7:2:1:8:10:5:10:8:10:4:10:3:0:0:0:8:4:8:4:3:9:2:8:4:9:10:3:10:2:10:2:7:1:6:9:11:11:3:10:10:14:0:10:8:0:1:2:11:12:3:12:12:12:2:7:8:12:6:5:12:6:12:1:11:5:12:6:11:11:13:8:13:5:5:5:8:4:5:14:5:11:6:11:5:10:4:6:10:14:10:10:15:12:8:9:10:14:3:13:15:1:8:3:15:11:0:3:15:2:13:3:13:13:14:8:15:12:4:16:13:4:2:9:11:13:8:16:10:3:12:13:11:16:5:14:15:0:16:3:8:0:12:11:4:11:14:13:9:17:7:1:15:14:0:10:17:6:16:14:17:6:15:10:6:13:10:17:17:15:9:13:6:1:14:11:5:13:16:1:7:15:16:11:9:12:16:16:1:7:2:10:0:16:8:17:3:16:17:13:0:13:10:13:1:14:13:16:16:9:16:18:18:9:13:0:17:14:12:2:8:18:17:9:12:19:5:17:19:13:18:10:3:13:15:17:16:19:19:15:14:8:9:6:0:19:18:16:11:4:19:9:9:9:4:16:8:11:10:5:15:18:12:17:17:19:13:5:19:13:6:8:15:7:17:11:1:11:12:8:11:10:2:18:17:15:19:9:16:18:19:10:17:5:17:5:2:5:5:11:10:19:1:9:18:18:3:17:14:6:18:7:9:4:11:17:13:19:3:8:19:18:11:20:5:12:19:22:15:22:9:14:16:17:18:11:19:17:20:13:18:17:17:19:2:6:15:8:12:20:20:15:19:18:4:3:12:22:8:5:7:9:19:4:14:5:19:22:22:12:21:9:19:19:15:24:11:22:18:19:22:14:22:21:11:21:16:14:12:2:14:20:20:3:14:24:24:18:22:16:16:6:17:14:2:3:10:24:14:20:18:10:5:17:2:24:22:13:24:23:18:15:13:24:21:19:23:25:18:24:15:20:6:0:11:8:17:24:19:23:21:10:24:3:20:0:25:25:23:21:11:23:21:17:22:16:22:15:3:24:24:23:8:0:14:8:8:26:7:2:22:26:21:26:6:20:4:8:7:18:20:23:18:17:15:13:26:25:0:21:7:21:25:24:24:13:21:20:25:0:21:5:4:24:15:18:25:4:25:21:26:25:23:23:11:24:18:25:22:19:0:20:23:21:27:15:15:26:14:8:3:0:19:23:2:21:26:18:24:22:2:23:27:26:14:19:24:27:28:27:28:22:21:24:26:14:24:27:17:27:12:11:16:22:28:28:23:3:28:18:18:27:27:27:26:5:25:18:25:15:12:7:26:22:10:22:18:11:22:1:21:14:15:28:9:13:26:19:20:23:0:14:14:27:11:28:5:24:21:22:25:12:18:5:27:25:26:25:7:20:21:9:20:18:18:3:23:25:9:25:28:26:3:22:28:18:28:23:26:15:30:29:31:30:12:20:26:29:20:30:12:29:9:24:1:27:22:23:31:30:29:30:23:29:28:5:16:28:21:19:30:23:27:17:5:27:24:24:7:30:29:27:14:31:27:26:3:31:31:32:22:30:31:23:32:31:28:28:21:16:20:30:30:28:24:27:31:28:27:4:14:20:19:26:24:23:25:32:32:29:30:14:5:30:17:29:18:15:30:20:28:27:6:30:31:13:26:15:33:24:30:33:21:16:1:32:33:33:23:28:29:27:10:16:6:29:30:31:31:23:30:33:31:28:33:31:31:32:26:0:33:32:21:10:28:29:16:32:22:32:31:29:28:1:21:11:29:33:19:27:29:27:10:36:14:17:33:35:35:27:35:36:35:36:25:35:31:32:35:35:26:12:34:20:19:29:36:36:22:34:36:36:32:9:7:29:34:25:34:21:10:20:12:35:34:25:21:29:26:32:15:10:27
9629,3,37,0,416,0:0:1:0:1:0:0:1:0:1:2:2:1:1:0:2:1:1:2:2:3:3:1:4:2:0:3:0:2:2:0:3:2:1:1:0:3:4:3:2:1:4:4:1:4:1:5:4:3:2:5:3:7:0:5:1:5:3:1:5:4:6:6:5:4:6:7:5:6:7:6:5:5:7:6:7:0:7:6:6:7:4:4:4:4:6:2:2:6:7:5:6:7:4:2:4:0:7:8:7:0:4:4:8:1:4:1:8:6:4:6:3:4:4:9:3:9:1:8:7:9:2:7:6:9:9:0:6:6:6:5:8:7:8:4:9:8:3:3:5:9:4:2:8:2:7:2:7:9:7:2:6:3:2:9:0:2:3:7:2:5:8:10:5:10:8:10:4:10:3:0:0:0:8:4:3:4:7:4:2:8:3:3:10:3:10:2:10:2:7:1:6:13:11:11:3:10:10:14:0:10:8:12:1:2:11:12:3:12:12:12:2:10:8:12:12:9:12:6:14:1:13:7:12:6:11:11:13:8:13:5:13:1:8:4:5:14:5:11:6:11:11:10:13:6:10:14:5:10:15:12:8:9:10:14:11:13:9:1:8:9:10:11:0:13:15:2:14:3:13:13:4:5:15:12:4:16:11:4:2:6:13:13:8:16:10:11:12:13:11:9:3:14:13:16:16:8:15:0:12:11:4:8:14:14:9:17:7:1:15:14:0:10:17:6:16:14:17:6:15:10:10:13:2:17:17:15:9:14:6:1:14:6:5:13:16:1:7:15:17:11:14:12:16:11:1:7:2:0:10:16:8:14:5:16:17:13:0:13:10:13:1:14:9:16:16:9:16:18:19:9:7:17:17:14:5:2:16:18:16:9:15:19:5:17:19:5:18:10:1:13:15:16:15:19:19:15:11:8:9:6:11:19:13:16:14:4:4:12:5:9:7:16:8:9:10:5:17:18:12:19:17:19:13:5:19:13:6:8:9:7:17:11:1:4:16:15:11:10:2:19:17:19:19:9:16:18:19:15:10:5:17:5:2:3:5:11:18:3:1:3:18:18:16:17:18:6:18:7:9:4:14:17:14:19:14:8:18:18:11:20:5:12:18:20:15:10:20:18:16:17:18:18:19:22:20:13:18:22:17:4:16:22:15:8:12:7:20:20:19:18:1:14:12:1:10:5:7:9:20:4:15:11:19:22:9:16:24:9:24:19:15:24:11:22:24:19:20:21:22:21:11:20:22:14:12:2:20:11:20:21:14:16:17:18:13:16:3:6:17:20:2:3:10:24:14:20:18:24:5:17:2:24:16:24:24:1:18:15:12:16:18:14:25:25:18:24:15:20:6:0:11:8:25:21:22:24:21:10:24:3:6:20:21:25:6:21:20:7:21:17:22:4:22:25:25:25:21:11:8:0:14:8:8:26:7:2:22:24:21:26:23:20:12:24:7:23:9:23:18:17:15:13:26:25:0:24:26:22:24:20:24:16:22:15:23:22:10:21:4:24:20:18:18:22:24:25:18:21:23:25:11:25:6:3:18:19:0:20:5:15:26:23:3:28:26:8:13:14:19:22:2:15:26:21:5:22:23:17:25:26:16:18:24:27:21:17:26:25:20:21:20:24:24:23:23:10:17:11:4:26:25:28:20:24:21:17:22:24:27:12:17:14:15:18:19:15:12:13:26:21:23:22:18:16:8:1:27:27:15:8:27:22:25:20:23:27:25:28:26:15:26:23:27:24:25:21:25:21:17:27:1:26:26:23:7:20:14:13:20:22:19:15:26:25:13:27:28:26:3:17:28:23:28:3:28:27:26:9:21:30:12:23:27:30:11:13:12:31:30:29:28:29:31:23:28:21:28:31:10:29:26:26:16:30:22:31:19:10:29:17:5:11:23:6:30:31:29:2:16:22:29:22:31:12:23:23:29:30:28:15:24:30:28:24:32:20:7:32:24:32:28:26:3:12:29:27:21:13:28:9:32:27:29:29:28:29:31:21:5:14:30:15:31:19:7:30:0:30:6:10:4:32:27:27:20:15:30:27:27:11:13:29:33:26:23:32:18:12:27:33:12:33:31:8:30:23:25:12:14:25:15:33:16:33:29:0:25:25:5:29:21:31:32:9:9:33:30:33:33:33:21:31:33:29:29:21:33:29:31:35:35:34:33:34:36:27:34:19:21:3:22:36:35:12:34:28:32:12:34:28:29:35:34:35:19:24:36:34:34:32:7:18:23:32:13:31:32:31:12:34:26:34:33:25:0:33:36:35:30
9922,3,37,0,415,0:0:1:0:1:0:0:1:0:1:2:2:1:1:0:2:1:1:2:2:3:3:1:4:2:0:3:0:2:2:0:3:2:1:1:0:3:4:3:2:1:4:4:1:4:1:5:4:3:2:5:3:7:0:5:1:5:3:1:5:4:6:6:5:4:6:7:5:6:7:6:5:5:7:6:7:0:7:6:6:7:4:4:4:4:6:2:2:6:7:5:6:7:4:2:4:0:7:8:7:0:4:4:8:1:4:1:8:6:4:6:3:4:4:9:6:9:1:8:7:9:2:7:6:9:9:0:6:6:6:5:8:7:8:4:9:8:3:3:5:9:4:2:8:2:7:2:7:9:7:2:6:3:2:9:0:2:3:7:2:5:8:10:5:10:8:10:4:10:3:1:0:0:8:4:3:4:7:4:2:8:3:3:7:3:10:2:10:2:7:1:6:13:11:11:3:10:10:14:0:10:8:12:1:2:11:12:3:12:12:12:2:7:8:12:12:9:12:6:14:1:4:7:3:6:11:11:13:0:13:5:13:1:8:4:5:14:5:11:6:9:5:10:13:6:3:14:5:10:15:12:8:9:10:14:11:13:9:1:8:9:10:11:0:13:15:2:14:3:13:13:4:5:15:12:4:16:11:4:2:16:13:13:8:16:10:11:12:13:11:9:3:14:13:16:16:8:1:0:12:11:4:8:14:14:9:17:7:1:15:14:0:10:17:6:15:14:17:6:15:10:10:13:2:17:17:15:9:14:6:1:14:6:5:13:16:1:7:15:17:11:14:12:16:11:1:7:2:0:10:16:8:14:5:0:17:13:14:13:10:13:1:14:9:16:16:9:16:18:19:9:7:17:17:14:5:2:16:18:16:9:15:19:5:16:19:5:18:10:1:13:14:17:15:19:19:10:11:8:9:14:11:13:13:16:14:4:4:12:5:9:7:14:8:9:10:5:13:18:12:19:17:19:13:5:7:13:6:8:9:7:17:11:1:4:16:8:11:10:2:19:2:19:19:9:16:18:19:15:10:5:10:5:2:12:12:11:18:3:1:3:18:18:16:19:18:6:18:7:9:4:14:17:14:19:14:8:18:18:11:20:5:12:18:20:15:10:20:18:16:17:18:18:19:17:20:13:18:22:17:4:2:22:15:8:12:22:20:20:19:18:1:14:12:1:8:5:7:9:20:4:15:20:19:22:9:16:24:9:24:19:15:10:11:22:24:19:20:21:22:21:19:21:22:14:12:2:20:11:9:21:6:21:17:18:11:16:3:10:17:20:2:3:10:24:20:16:20:24:5:8:2:10:13:24:24:1:18:15:12:16:18:14:25:25:18:24:15:20:6:0:11:8:25:21:22:24:21:10:21:3:6:20:21:22:6:11:20:7:21:21:22:4:22:25:13:25:10:11:12:0:14:8:8:26:7:2:22:24:21:6:23:25:12:8:7:23:9:23:18:17:15:13:26:25:0:24:26:22:24:20:24:16:17:15:23:22:10:21:4:24:20:12:18:24:24:25:18:21:23:25:22:25:6:3:18:8:0:20:23:20:26:23:3:26:26:8:3:14:19:22:2:15:26:21:5:22:23:17:14:26:16:18:24:27:21:17:26:25:19:25:20:24:24:18:23:10:17:11:4:16:25:17:20:24:21:17:22:24:27:12:23:5:15:18:19:14:12:7:26:20:23:22:15:16:28:27:27:27:15:5:27:22:27:26:23:14:25:15:26:15:0:6:5:24:25:21:25:21:17:5:1:26:22:23:7:20:14:13:20:22:19:15:26:25:15:27:28:26:3:23:28:23:28:8:28:27:31:9:21:30:12:24:27:30:29:13:28:29:30:29:28:29:31:29:28:17:28:31:10:27:26:26:22:28:22:22:19:26:29:17:5:21:23:6:29:3:29:25:16:29:29:5:3:25:30:23:27:30:28:23:23:30:28:24:32:16:7:32:31:32:26:26:3:30:27:27:21:13:25:9:25:27:29:32:32:30:32:27:23:31:30:15:31:19:22:30:0:17:29:30:32:23:27:20:20:15:20:33:27:11:13:30:33:26:17:32:18:19:32:29:12:33:31:5:30:23:25:12:14:25:26:32:16:32:27:19:25:25:22:31:21:31:32:9:28:33:4:30:28:33:21:26:31:23:31:33:26:15:31:28:35:36:33:33:34:35:34:35:34:35:22:32:34:34:27:28:32:9:32:28:32:35:29:35:29:24:32:34:33:32:7:18:24:32:36:19:10:31:30:36:34:36:33:25:0:33:35:34:35
10066,3,37,0,414,0:0:1:0:1:0:0:1:0:1:2:2:1:1:0:2:1:1:2:2:3:3:1:4:2:0:3:0:2:2:0:3:2:1:1:0:3:4:3:2:1:4:4:1:4:1:5:4:3:2:5:3:7:0:5:1:5:3:1:5:4:6:6:5:4:6:7:5:6:7:6:5:5:7:6:7:0:7:6:6:7:4:4:4:4:6:2:2:6:7:5:6:7:4:2:4:0:7:8:7:0:4:4:8:1:4:1:8:6:4:6:3:4:4:9:6:9:1:8:3:9:2:7:6:9:9:0:6:6:6:5:8:7:8:4:9:8:3:3:5:9:4:2:8:2:7:2:7:9:7:2:6:3:2:9:0:2:3:7:2:5:8:10:5:10:8:10:4:10:3:1:0:0:8:4:3:4:7:4:2:8:3:3:7:3:10:2:10:2:7:1:6:13:11:11:3:10:10:14:0:10:8:12:1:2:11:12:3:12:12:12:2:7:8:12:12:9:12:6:14:1:4:7:3:6:11:11:13:0:11:5:13:1:8:4:5:14:5:11:6:9:5:10:13:6:3:14:5:10:15:12:8:9:10:14:11:13:9:1:8:9:10:11:0:13:15:2:14:13:13:13:4:5:15:12:4:16:11:4:2:16:13:13:8:16:10:3:12:13:11:9:3:14:13:16:16:8:1:0:12:11:4:8:14:14:9:17:7:1:15:14:0:10:17:6:15:14:17:6:15:10:10:13:2:17:17:15:9:14:6:1:14:6:5:13:16:1:7:15:17:11:14:12:16:11:1:7:2:0:10:16:8:14:5:0:17:13:14:13:10:13:1:14:9:16:16:9:16:18:19:9:13:17:17:14:5:2:16:18:16:9:15:19:5:16:19:5:18:10:1:13:15:17:15:19:3:10:11:19:9:14:11:13:13:16:14:4:4:12:3:9:7:14:8:9:10:5:13:18:12:19:17:19:13:5:7:13:6:8:9:7:17:11:14:4:16:15:11:10:2:11:19:19:19:9:16:18:19:15:10:5:10:5:5:12:12:11:18:3:1:3:18:18:16:19:18:6:18:7:9:4:14:17:14:19:14:8:18:18:14:20:5:12:18:20:15:10:20:18:16:17:18:18:19:17:20:13:18:22:17:4:2:22:15:8:12:22:20:3:19:18:4:14:12:1:8:5:7:9:19:4:15:0:18:22:9:16:24:9:21:19:15:24:11:22:24:19:20:20:22:21:19:21:22:18:12:2:20:21:9:21:6:21:17:19:10:16:3:10:14:20:2:3:10:24:20:16:20:24:5:8:6:14:13:24:24:1:18:15:12:16:18:14:25:25:18:24:15:20:6:0:11:8:25:24:18:24:21:11:21:3:6:20:21:22:6:21:18:7:21:21:22:4:22:25:15:25:10:11:12:0:14:8:8:26:7:2:22:24:21:6:23:25:12:8:7:23:9:23:18:17:15:13:26:25:0:24:11:22:24:20:24:16:17:23:23:22:8:21:4:24:20:12:18:24:24:25:18:25:23:25:20:25:6:3:18:24:14:20:23:20:26:23:27:26:26:8:3:0:19:22:2:15:26:21:5:22:23:17:14:26:16:18:24:27:21:17:26:25:19:25:20:24:24:18:17:10:17:11:4:16:25:17:20:24:21:17:22:24:27:12:23:5:15:18:19:14:12:7:26:20:23:22:15:16:8:27:27:27:28:5:27:22:27:26:23:14:25:15:26:26:0:6:5:24:25:21:25:21:17:5:1:26:22:23:0:20:28:27:22:22:24:28:26:25:15:27:28:26:16:23:28:23:28:8:28:27:26:9:21:28:12:11:27:30:11:13:28:29:27:25:30:29:29:26:28:28:28:1:12:14:26:26:16:28:22:22:19:26:29:19:5:21:23:20:29:29:29:25:8:29:29:5:25:25:30:23:27:30:28:23:23:30:28:24:22:16:7:32:24:32:20:31:30:30:27:27:11:13:25:9:25:27:31:32:32:30:31:27:31:31:32:15:31:29:19:30:30:17:17:30:14:23:27:20:20:15:32:33:27:11:29:30:33:26:33:17:31:19:32:29:12:33:31:33:30:23:25:12:14:25:26:27:32:2:27:19:25:25:22:33:11:31:32:33:28:33:8:30:28:31:21:31:31:31:18:33:26:15:27:34:35:36:30:33:34:35:34:35:32:35:22:31:34:34:36:34:32:9:36:28:32:36:34:35:33:24:17:21:34:31:7:18:0:32:36:19:10:5:30:36:34:23:33:25:31:35:35:22:34
10400,3,37,0,413,0:0:1:0:1:0:0:1:0:1:2:2:1:1:0:0:1:1:2:2:3:3:1:4:2:0:3:0:2:2:0:3:2:1:1:0:3:2:3:2:1:4:4:1:4:1:5:4:3:2:5:3:7:0:5:1:5:3:1:5:4:6:6:5:4:6:7:5:6:7:6:5:5:7:6:7:0:7:6:6:7:4:4:4:4:6:2:2:6:7:5:6:7:4:2:4:0:7:8:7:0:4:4:8:1:4:1:8:6:4:6:3:4:4:9:6:9:1:8:3:9:2:7:6:9:9:0:0:6:6:5:8:7:8:4:7:8:3:3:5:9:4:2:8:2:7:2:7:9:7:2:6:3:2:9:0:2:3:7:2:5:8:10:5:3:8:10:4:10:3:1:0:0:8:4:3:4:7:4:2:8:3:3:7:3:10:2:10:2:7:1:6:13:11:11:3:10:10:14:0:10:8:0:1:2:11:12:3:12:12:12:2:13:8:12:6:9:12:6:14:1:4:7:3:6:11:13:13:0:11:5:13:0:8:4:5:14:5:11:1:9:5:10:13:6:10:14:5:10:15:12:8:9:5:14:11:0:9:1:8:9:10:11:0:13:15:2:14:13:13:13:4:5:9:12:4:16:11:4:2:16:11:13:8:16:16:3:12:13:11:10:5:14:13:16:16:8:13:0:12:11:4:8:14:14:9:17:7:1:15:14:0:10:17:6:15:14:17:6:15:10:10:13:2:17:17:15:9:14:6:1:14:6:5:13:16:1:7:15:15:11:14:17:16:11:1:7:2:0:10:16:8:14:5:0:17:13:14:12:10:13:1:14:9:16:16:9:18:18:19:9:7:17:17:14:12:2:16:18:16:9:15:19:5:16:19:5:18:10:15:13:15:17:15:19:3:10:11:19:9:14:17:13:13:16:14:4:4:12:3:10:7:14:8:9:10:5:13:18:12:19:17:19:15:5:7:13:6:8:9:7:17:11:14:4:16:15:11:7:2:19:19:19:19:9:16:18:19:15:10:5:10:5:2:5:12:11:18:3:1:3:18:18:16:17:18:6:18:7:9:4:14:17:14:19:16:8:18:18:14:20:5:12:18:20:15:10:20:18:16:17:18:1:19:17:19:13:18:22:17:4:2:22:15:8:12:22:20:20:19:18:4:14:12:1:10:5:15:9:19:4:15:11:18:22:9:16:24:9:21:19:15:24:11:22:24:19:20:21:22:21:19:21:22:18:12:2:20:21:9:21:6:21:17:19:13:16:3:10:0:20:17:3:10:19:21:16:20:24:5:8:21:14:13:24:24:1:18:15:12:16:18:14:25:25:18:24:17:20:6:0:11:8:25:24:18:24:21:10:20:3:10:20:21:12:6:11:18:9:21:21:22:4:22:25:15:11:20:11:8:0:14:8:8:26:7:2:22:24:21:6:23:20:12:24:7:23:9:23:18:17:15:13:26:25:0:25:11:21:16:20:24:0:22:23:23:3:10:5:4:24:20:12:13:24:16:26:18:25:23:25:11:25:6:3:22:7:22:27:23:20:26:23:3:18:26:8:3:0:19:22:26:15:26:21:27:22:23:17:25:26:16:18:27:27:21:17:26:25:19:25:20:24:24:23:17:10:17:11:4:22:25:17:20:24:21:20:26:7:27:12:26:5:22:18:19:6:12:7:26:20:23:22:15:16:8:27:27:27:24:5:27:23:27:21:23:26:6:15:21:27:26:6:5:24:27:21:25:12:17:27:1:26:26:15:0:20:14:27:22:22:24:15:26:25:15:27:19:21:26:17:26:18:25:8:30:27:26:9:28:28:12:11:27:30:11:29:12:29:27:29:30:29:29:22:28:28:28:28:12:14:26:26:22:28:22:22:19:10:20:30:26:21:29:18:29:18:20:2:30:24:29:29:21:30:30:23:10:30:28:29:23:31:28:23:22:20:7:32:15:32:30:32:30:30:28:27:11:13:31:27:25:27:23:20:29:30:31:26:32:14:17:15:18:19:31:30:30:29:17:30:25:23:27:30:20:15:32:27:33:31:29:30:18:7:32:15:21:19:32:16:28:33:33:28:30:24:25:12:32:25:11:32:32:2:27:29:25:25:5:33:32:31:32:9:28:23:8:31:28:23:32:31:31:13:29:33:26:30:21:19:35:34:33:29:36:35:34:15:34:35:36:36:34:33:31:34:32:31:36:28:35:36:34:35:35:24:17:21:34:35:36:28:33:31:36:36:29:25:30:21:35:31:32:32:36:35:19:22:14
11291,3,36,0,412,0:0:1:0:1:0:0:1:0:1:2:2:1:1:0:2:1:1:2:2:3:3:1:4:2:0:3:0:2:2:0:3:2:1:1:0:3:4:3:2:1:4:4:4:4:1:5:4:3:2:5:3:7:0:5:1:5:3:1:5:4:6:6:5:4:6:7:5:6:7:6:5:5:7:6:7:0:7:6:6:7:4:4:4:4:6:2:2:6:7:5:6:7:6:2:4:0:7:8:7:0:4:4:8:1:4:1:8:6:4:6:3:4:4:9:3:9:1:8:3:9:2:7:6:9:9:0:0:2:6:5:8:7:8:4:7:0:3:3:5:1:4:2:8:2:7:2:7:9:7:2:1:3:2:9:0:2:3:7:2:5:8:10:5:3:8:10:4:10:8:4:0:0:8:4:3:4:7:4:2:8:3:3:10:4:9:2:10:2:7:1:6:13:11:11:3:10:10:14:0:10:0:0:1:2:11:12:3:12:12:12:2:13:8:12:12:9:12:6:14:1:4:7:8:6:11:13:13:0:11:5:13:0:8:4:5:14:5:11:6:9:11:10:4:6:10:14:5:10:15:12:8:9:5:14:11:0:9:1:8:9:10:11:0:13:15:2:14:3:15:13:4:5:9:12:15:16:11:9:2:9:11:13:8:13:16:11:12:13:11:10:5:14:13:0:16:8:13:0:12:11:4:8:14:14:9:17:7:1:15:14:0:10:17:6:15:10:17:6:15:10:10:13:2:17:17:15:13:14:6:1:14:6:5:13:16:1:7:15:15:11:9:17:6:11:1:7:9:0:10:16:8:14:3:0:17:13:14:12:10:13:12:14:9:16:16:9:18:18:19:9:1:17:17:14:5:2:16:18:16:18:15:13:5:16:19:5:18:10:3:13:15:10:15:12:3:10:11:19:9:6:17:1:13:16:14:10:19:12:19:9:7:16:15:9:13:5:6:16:12:19:17:19:15:5:7:10:6:8:8:7:17:11:14:4:16:15:10:7:2:19:19:19:19:16:16:18:19:8:10:5:10:5:2:5:12:11:18:3:1:3:18:18:16:17:19:6:18:7:9:5:16:17:14:19:3:18:4:18:11:20:5:12:14:22:15:10:20:18:16:17:18:1:10:20:9:10:18:22:17:4:2:22:15:8:12:7:20:3:19:18:20:14:12:1:10:22:7:22:20:4:5:13:18:12:9:2:24:9:21:22:15:24:11:22:16:19:20:21:24:21:19:21:22:18:21:2:22:21:24:3:22:2:17:24:15:16:13:15:14:20:2:3:10:21:21:16:20:13:5:20:2:24:13:18:24:1:18:15:12:16:18:14:25:25:18:24:9:17:6:10:11:8:25:17:15:24:21:10:13:3:6:19:24:12:0:21:18:25:21:21:24:4:22:25:15:24:10:11:12:22:14:20:0:26:7:2:26:24:1:26:24:20:4:8:7:23:9:23:18:17:20:13:26:25:0:25:11:25:16:24:24:0:16:9:23:22:10:5:20:24:20:12:13:22:16:25:20:16:23:25:11:25:18:3:15:25:22:20:23:20:26:23:3:19:9:27:3:0:19:22:2:25:26:21:27:22:2:17:14:26:17:15:27:20:21:27:12:25:13:25:11:24:24:18:17:10:12:11:24:26:25:17:0:3:20:11:26:22:27:11:9:5:23:18:9:15:12:11:24:20:16:22:20:16:8:27:27:27:24:8:13:25:16:21:22:26:25:19:14:27:0:25:5:26:27:21:25:9:17:23:24:26:26:15:7:20:12:13:21:18:22:15:26:13:27:6:19:26:16:17:10:22:28:30:25:29:18:24:28:30:12:11:27:23:11:27:27:18:27:25:23:30:25:24:19:17:20:1:12:27:5:26:26:30:22:19:28:14:20:17:26:21:30:24:23:30:11:2:30:14:8:26:29:12:25:23:10:30:28:15:23:31:28:32:22:16:6:29:15:30:30:22:19:28:8:23:14:14:31:32:22:27:31:20:29:29:28:23:30:21:22:21:19:15:32:30:19:25:6:10:4:13:27:15:13:31:33:27:30:11:29:29:23:33:30:31:29:17:27:33:33:33:32:31:16:28:32:33:32:28:28:24:29:29:23:14:31:28:29:33:9:6:32:30:15:25:4:30:28:31:23:29:27:33:18:30:30:28:11:30:33:12:33:33:35:33:35:11:36:36:36:36:32:32:35:19:36:12:35:21:32:29:26:36:33:35:35:36:31:32:28:18:32:33:36:35:11:25:35:30:35:35:23:29:8:35:28:24:29
11994,4,36,0,411,0:0:1:0:1:0:0:1:0:1:2:2:1:1:0:0:1:1:2:2:3:3:1:4:2:0:3:0:2:2:0:3:2:1:1:0:3:2:3:2:1:4:4:4:4:1:5:4:3:2:5:3:7:0:5:1:5:3:1:5:4:6:6:5:4:6:7:5:6:7:6:5:5:7:6:7:0:7:6:6:7:1:4:4:4:6:2:2:6:7:5:6:7:6:2:4:0:7:8:7:0:8:4:8:1:4:1:8:6:4:6:3:4:4:9:3:9:1:8:3:9:2:7:6:9:9:6:0:9:6:5:8:7:8:4:7:0:3:3:5:1:4:2:8:2:7:2:7:9:7:2:1:3:2:9:0:2:3:7:2:5:8:10:5:3:8:10:4:10:3:0:0:0:8:4:3:4:7:4:2:8:8:3:9:4:10:2:10:2:7:1:14:13:11:11:3:10:10:14:0:10:0:0:1:2:11:12:3:12:12:12:2:13:8:12:12:9:12:6:14:0:4:7:8:6:11:13:13:8:11:11:13:0:8:4:5:14:5:11:6:9:5:10:12:6:10:14:11:11:15:12:8:9:5:14:11:0:9:1:8:3:10:11:0:13:15:2:14:13:15:13:4:5:9:12:15:16:5:15:2:16:13:13:8:13:16:3:12:13:11:10:5:14:13:0:16:3:13:0:7:11:4:0:14:14:9:17:7:1:15:14:0:10:17:6:15:10:17:6:15:10:8:13:12:17:17:15:13:14:6:1:14:6:5:13:16:1:7:8:7:11:9:15:6:11:1:7:9:0:10:16:8:7:5:0:17:13:14:12:10:13:12:14:9:16:16:9:18:18:19:9:16:17:17:14:12:2:16:18:16:18:15:13:5:16:19:5:18:10:3:13:15:10:14:12:4:10:11:19:9:8:17:1:13:16:14:10:19:12:9:8:7:16:15:9:11:5:6:16:12:19:17:19:15:5:7:13:6:8:8:7:17:11:14:17:16:15:10:7:2:10:19:19:19:19:16:6:19:8:10:5:19:5:2:12:12:17:18:3:1:3:18:18:16:4:19:16:18:7:10:15:16:12:9:19:14:18:4:18:11:20:5:22:14:22:15:10:10:18:16:17:18:1:19:22:17:10:18:22:17:4:2:22:15:8:12:15:20:3:19:18:20:14:12:1:10:15:7:22:19:4:14:5:18:12:21:16:24:9:21:22:7:19:11:22:16:17:12:21:24:21:19:21:22:18:21:2:22:19:11:3:12:21:17:24:22:16:13:15:21:20:17:3:10:21:14:16:16:13:5:20:24:14:8:18:24:1:18:15:1:20:18:14:25:25:18:24:9:20:25:6:11:8:8:17:15:24:21:10:6:3:14:9:24:12:0:11:18:25:21:21:24:4:21:15:15:24:10:11:12:22:14:23:0:26:7:2:26:24:1:17:23:14:12:26:7:15:9:23:18:25:20:13:26:25:0:20:11:26:6:24:19:0:16:9:23:22:10:5:22:24:24:23:26:4:16:26:23:16:23:23:25:25:14:26:15:25:22:20:23:20:12:23:23:19:9:10:3:0:21:22:2:15:26:21:5:12:2:17:14:26:17:26:6:23:21:21:22:25:27:25:11:24:24:8:17:10:12:11:4:19:25:25:0:3:20:11:26:22:27:25:9:5:23:24:9:14:8:10:24:20:16:22:20:16:8:27:19:27:24:8:13:20:18:21:27:26:25:15:14:27:19:25:5:26:27:21:25:9:17:23:1:26:26:23:7:20:21:13:12:18:19:15:9:26:9:27:19:24:3:25:15:20:28:3:26:29:15:24:28:15:20:28:18:23:11:30:30:18:16:21:23:30:29:26:19:17:27:1:30:27:5:28:28:28:28:15:28:27:20:17:29:11:30:22:15:22:11:28:17:24:29:21:30:27:14:23:27:30:32:15:27:31:28:32:26:6:7:13:32:30:32:22:17:28:31:29:29:29:14:9:18:26:29:23:19:26:28:22:25:22:22:31:31:7:32:25:31:15:27:10:32:27:27:18:25:20:30:31:23:30:29:30:23:22:23:25:19:23:6:21:6:8:30:8:25:31:32:27:32:30:28:24:32:4:27:14:31:25:29:28:9:6:32:23:31:25:8:30:22:31:29:31:27:23:28:28:19:30:31:32:33:32:31:29:24:22:35:32:33:3:14:24:36:31:35:31:36:9:28:21:36:36:35:36:33:35:35:20:29:20:31:8:23:26:33:31:33:35:30:26:31:30:14:31:35:35:29:24:29
12397,4,35,0,410,0:0:1:0:1:0:0:1:0:1:2:2:1:1:0:0:1:1:2:2:3:3:1:4:2:0:3:0:2:2:0:3:2:1:1:0:3:2:3:2:1:4:4:4:4:1:5:4:3:2:5:3:7:0:6:1:5:3:1:5:4:6:6:5:4:6:7:5:6:7:6:5:5:7:6:7:0:7:6:6:7:1:4:4:4:6:2:2:6:7:5:6:7:4:2:4:0:7:8:7:0:8:4:8:1:4:1:8:6:4:6:3:4:4:9:3:9:1:8:3:9:2:7:6:9:9:6:0:9:6:5:8:7:8:4:7:0:3:3:5:1:4:2:8:2:7:2:7:9:7:2:1:3:2:9:0:2:3:7:2:5:8:10:5:3:8:10:8:10:3:0:0:0:8:4:3:4:3:4:2:8:8:3:7:4:9:2:10:2:7:1:14:13:11:11:3:10:10:14:0:10:0:0:1:2:11:12:3:12:12:12:2:13:8:12:12:9:12:6:14:0:4:8:8:6:11:13:13:8:11:11:13:0:8:4:5:14:5:11:6:9:5:10:12:11:10:14:5:11:15:12:8:9:5:14:11:0:9:1:8:3:10:11:0:13:15:2:14:3:15:13:4:5:9:12:15:16:5:15:11:16:13:13:8:13:16:13:12:13:11:10:5:14:13:0:16:3:13:0:7:11:4:0:14:14:9:17:7:1:15:14:0:10:17:6:15:10:17:6:15:10:8:13:2:17:17:15:11:14:6:1:14:6:5:13:16:12:7:8:15:11:9:15:6:11:1:7:9:0:10:16:11:7:5:0:17:13:17:12:10:13:12:14:18:16:16:9:18:18:19:9:16:17:17:14:12:2:16:18:16:18:15:13:5:16:19:5:18:10:3:13:15:10:14:12:3:10:11:19:9:8:17:1:13:9:14:10:19:12:9:10:7:16:15:9:11:5:6:16:12:17:17:19:9:5:7:13:6:8:8:7:17:11:14:17:16:15:10:7:2:10:17:19:19:19:16:6:19:8:10:5:19:5:2:12:12:17:18:3:1:3:11:18:19:4:19:16:18:7:10:15:16:12:9:19:3:18:4:18:11:20:5:22:14:22:15:10:10:18:16:17:18:1:19:22:9:10:18:22:19:4:2:22:15:8:12:7:20:3:19:4:19:14:19:1:10:22:7:22:6:9:5:20:22:12:21:16:24:9:21:22:7:19:11:22:16:17:20:21:24:21:19:21:22:18:21:2:22:19:11:3:6:21:17:24:22:16:13:15:14:20:17:3:10:21:14:0:16:13:17:20:7:11:24:1:24:1:18:15:12:16:18:14:25:25:18:24:9:20:25:6:11:8:24:24:21:24:21:10:6:3:20:9:24:12:17:24:18:25:21:21:22:4:21:13:15:24:10:11:12:22:14:23:0:26:7:17:26:24:1:14:23:14:12:24:7:15:9:23:18:25:12:13:20:21:0:21:13:26:16:20:24:0:16:9:23:22:10:5:19:23:24:23:26:4:16:26:18:16:20:23:3:25:14:3:15:7:22:27:23:20:23:23:23:19:9:10:3:0:27:22:2:15:26:21:5:21:2:17:14:26:17:18:6:22:21:27:22:25:13:25:19:24:24:8:17:25:17:11:4:27:25:25:0:3:20:11:26:22:27:12:9:5:25:24:19:6:12:11:24:18:8:25:20:16:8:27:19:26:24:8:13:25:18:21:27:26:25:15:14:27:15:25:27:26:27:21:25:9:17:23:1:26:26:23:15:20:21:23:12:15:24:15:9:20:9:27:19:24:3:25:12:18:28:28:26:29:17:25:28:5:20:25:18:23:11:24:30:18:16:21:23:22:29:30:23:17:28:20:28:26:5:22:16:16:27:30:8:28:1:17:29:27:30:20:27:30:29:2:16:14:29:30:11:28:14:28:27:30:32:29:27:31:20:32:28:19:7:13:32:28:3:22:31:28:31:21:21:14:30:9:30:26:12:23:19:22:28:22:25:25:14:31:28:7:32:25:31:30:32:28:25:20:27:30:13:20:30:4:32:21:29:20:23:22:1:25:15:23:6:32:6:8:18:8:25:32:29:28:14:30:31:24:29:4:27:21:20:25:29:31:1:6:18:10:29:31:15:30:28:21:25:30:32:29:32:29:27:15:18:22:33:23:18:29:24:22:36:32:33:26:36:31:36:18:32:31:26:12:25:15:36:29:31:29:36:33:36:4:4:28:25:33:31:26:32:24:33:23:30:21:26:36:32:25:13:14:28:24:19
13892,4,35,0,409,0:0:1:0:1:0:0:1:0:1:2:2:1:1:0:0:1:1:2:2:3:3:1:4:2:0:3:0:2:2:0:3:2:1:1:0:3:2:3:2:1:4:4:4:4:1:5:4:3:2:5:3:7:0:6:1:5:3:1:5:4:6:6:5:4:6:7:5:6:7:6:5:5:7:6:7:0:7:6:6:7:4:4:4:4:6:2:4:6:7:5:6:7:4:2:4:0:7:8:7:0:8:4:8:1:4:1:9:6:4:6:3:4:4:9:3:9:1:8:3:9:2:7:6:9:9:6:0:9:6:5:6:7:8:4:7:8:7:3:9:1:4:2:8:2:7:2:7:9:7:2:1:0:2:9:0:2:3:7:2:5:8:10:5:3:8:10:8:10:3:0:0:0:8:4:8:4:7:4:5:8:8:3:7:3:9:2:10:2:7:1:14:13:11:11:3:1:10:14:0:10:0:0:1:2:11:12:3:12:12:12:2:11:6:12:12:4:12:6:14:0:13:7:8:0:11:13:13:8:11:9:13:0:8:4:5:14:5:11:6:7:5:10:12:11:10:14:11:11:15:12:8:9:10:14:11:16:13:1:8:3:5:11:0:13:15:2:12:3:15:13:4:5:15:12:4:16:0:4:2:16:13:2:8:16:16:3:12:13:8:10:5:14:13:1:16:14:1:0:7:13:4:8:14:14:1:17:7:1:15:14:0:10:17:6:15:10:15:6:15:10:8:13:14:17:17:15:5:14:6:1:14:14:5:13:16:12:7:8:15:11:9:15:6:11:1:7:17:0:10:16:11:7:6:0:17:13:14:12:18:13:1:14:9:16:16:9:18:6:19:9:1:17:17:14:5:2:16:18:19:1:15:8:5:16:4:17:18:10:3:19:15:10:14:12:3:10:11:19:9:14:0:17:13:9:14:10:19:12:9:10:6:9:15:15:8:5:13:13:12:17:17:13:15:5:7:13:6:8:9:7:17:11:14:4:13:15:10:7:2:10:19:19:19:16:6:11:19:8:10:11:10:6:2:5:12:17:18:3:11:9:11:17:16:10:19:3:18:16:10:4:16:12:15:19:3:18:18:18:11:20:5:22:14:22:15:10:10:18:16:17:18:1:19:22:2:20:18:22:19:4:22:6:15:8:12:7:20:17:12:18:19:13:19:16:16:5:15:22:19:9:10:20:22:12:24:12:24:9:21:22:7:24:11:18:24:17:21:21:24:21:19:16:22:18:21:4:22:19:11:3:20:24:17:24:21:6:3:8:0:20:24:3:13:11:20:0:19:16:9:17:7:10:8:1:24:1:18:15:12:20:18:14:25:25:4:24:25:17:25:6:24:8:8:5:15:24:21:11:20:3:20:9:24:12:17:11:16:22:21:21:22:24:21:13:15:24:21:11:20:0:6:23:23:26:13:23:22:24:1:23:18:20:10:16:7:15:9:23:18:20:12:13:26:21:0:21:13:25:25:24:19:16:19:9:17:0:21:5:22:23:20:23:25:23:16:26:23:16:23:17:20:25:20:17:21:22:0:9:11:27:23:23:26:18:26:10:3:0:21:22:9:15:25:15:5:26:2:10:14:26:17:18:6:22:24:17:22:25:13:8:26:18:24:25:17:19:12:11:24:12:13:6:16:22:20:20:26:27:27:13:18:22:17:18:24:9:12:16:24:12:19:25:20:16:8:21:19:26:27:8:11:20:26:26:27:26:25:19:20:27:27:21:23:26:16:19:25:22:17:23:1:27:2:23:15:20:21:9:27:22:18:8:21:5:12:27:19:23:21:23:9:26:21:17:26:29:28:25:28:19:20:25:30:3:30:28:6:30:30:29:28:28:27:30:23:25:24:1:28:26:22:22:30:6:28:29:20:29:22:17:25:27:19:20:15:22:11:30:20:22:24:10:29:26:27:30:27:28:18:30:25:31:26:29:31:29:7:31:15:28:26:22:20:13:30:30:29:18:14:29:18:5:14:23:10:28:31:24:14:14:30:30:31:31:31:18:19:21:27:26:17:30:31:30:20:20:32:27:23:31:24:28:29:18:28:13:19:19:31:32:5:23:28:8:17:17:32:26:14:30:27:32:17:9:23:15:21:25:8:28:1:31:23:9:27:32:15:28:8:29:27:27:22:32:26:16:20:16:11:36:36:30:25:13:31:36:16:32:25:33:33:32:33:36:29:33:36:27:25:36:3:31:29:25:36:30:24:32:32:14:33:22:33:26:23:32:31:31:27:29:7:6:29:27:25:30:32:16:27
18679,6,35,0,408,0:0:1:0:1:0:0:1:0:1:2:2:1:1:0:0:1:1:2:2:3:3:1:4:2:0:3:0:2:2:0:3:3:1:1:0:3:2:3:2:1:4:4:4:4:1:5:4:3:2:5:3:7:0:5:1:5:3:1:5:4:6:6:6:4:6:7:5:6:7:6:5:5:7:6:7:0:7:6:6:7:4:4:4:4:6:2:4:6:7:5:2:7:4:6:1:0:7:8:7:0:8:4:8:1:4:1:8:6:4:9:3:4:4:9:5:9:1:8:3:9:2:7:6:9:9:6:0:9:6:6:9:7:8:4:7:3:7:3:9:1:4:2:8:2:7:2:7:9:7:2:1:0:2:9:0:2:3:7:2:5:8:10:5:3:8:10:8:5:9:1:0:0:8:4:3:10:7:9:5:8:4:3:7:3:10:2:10:2:7:1:14:13:11:11:3:1:10:14:0:1:0:0:1:2:11:12:10:9:13:12:2:10:10:12:12:4:0:13:14:1:4:10:8:0:12:13:3:8:11:9:13:6:8:4:5:14:5:6:11:9:5:10:11:6:10:14:11:11:15:8:8:12:10:14:11:13:13:6:8:3:5:11:13:12:0:13:9:3:12:13:4:5:15:12:4:12:0:4:2:14:13:2:9:13:16:3:2:12:5:10:9:6:9:1:16:8:16:0:7:13:4:8:14:8:1:17:7:1:15:14:11:10:17:6:15:16:15:5:13:15:15:13:2:17:17:16:5:14:10:1:14:6:5:12:1:12:7:15:7:11:9:17:10:17:14:10:17:0:10:16:16:7:6:13:7:13:14:11:10:13:8:14:18:19:16:9:18:6:15:12:1:17:17:14:12:2:8:18:16:18:15:8:5:15:4:17:11:10:7:19:18:19:15:19:4:18:14:8:8:8:0:17:5:9:14:9:10:18:6:17:7:12:19:17:14:9:8:19:12:19:17:19:7:5:7:15:6:3:9:7:12:9:10:17:13:16:3:17:18:18:2:9:15:19:16:6:19:8:14:6:14:6:5:19:5:17:16:3:11:9:11:17:17:4:19:13:18:16:10:18:19:12:11:11:16:8:4:18:14:20:5:22:22:3:5:20:9:10:16:15:19:1:19:22:20:10:13:22:19:4:22:22:15:20:9:7:20:3:8:3:1:10:12:16:16:22:16:18:19:4:5:19:22:12:21:12:21:22:21:22:18:24:12:15:24:16:12:16:11:24:12:10:22:24:18:4:22:21:22:24:6:24:17:22:21:6:11:16:0:15:2:17:13:11:24:0:3:16:17:8:11:14:8:11:24:1:19:15:14:16:25:14:21:14:4:20:25:17:17:6:18:8:21:12:19:13:14:7:20:19:14:21:24:12:3:25:22:15:21:21:6:16:22:15:9:25:25:21:20:11:7:23:19:11:7:20:18:23:21:14:24:20:24:1:7:15:23:20:12:17:20:15:26:11:26:21:24:25:6:13:23:26:24:25:14:6:18:23:15:21:25:24:12:23:23:8:25:16:5:13:21:8:25:20:3:9:18:23:19:27:12:0:3:23:27:10:25:0:27:22:23:27:25:23:12:22:25:25:18:13:17:21:6:22:4:24:26:24:5:8:11:16:24:12:18:17:25:13:4:22:25:25:16:22:23:26:27:15:21:14:15:23:18:20:25:22:20:27:3:21:15:13:21:25:22:19:20:14:27:8:20:20:1:11:4:26:9:21:14:2:27:6:26:24:16:12:19:9:27:20:8:22:26:15:7:9:18:2:23:23:23:26:13:2:9:20:27:21:19:20:24:15:30:30:27:26:17:30:28:27:20:25:26:15:3:28:28:23:29:18:29:12:24:23:22:29:25:30:28:29:21:23:24:18:30:15:20:16:26:19:25:16:2:6:28:15:20:2:14:22:29:3:24:30:27:29:30:30:30:27:17:31:31:23:29:16:6:23:28:29:9:29:16:5:28:18:25:28:27:30:29:23:28:5:10:20:21:29:31:14:31:25:26:30:7:24:28:28:28:24:26:21:4:15:19:15:21:27:23:9:30:0:29:18:21:26:31:4:31:13:28:29:15:27:30:23:29:16:31:28:31:26:28:4:30:20:13:10:8:31:24:31:14:27:27:14:27:27:27:26:25:31:28:14:30:18:29:28:9:22:36:2:25:23:36:36:3:33:33:36:33:33:9:31:30:17:11:31:21:32:26:36:13:36:18:28:33:33:29:31:32:33:15:20:32:33:36:10:33:33:36:21:24:28:28:36:31:25:23
20073,6,35,0,407,0:0:1:0:1:0:0:1:0:1:2:2:1:1:0:0:1:1:2:2:3:3:1:4:2:0:3:0:2:2:0:3:3:1:1:0:3:2:3:2:1:4:4:4:4:1:5:4:3:2:5:3:7:0:5:3:5:3:1:5:4:6:6:6:4:6:7:5:6:7:4:5:5:7:6:7:0:7:6:6:7:4:4:4:4:6:2:4:6:7:5:2:7:4:2:1:0:7:8:7:0:8:4:8:1:4:1:8:6:4:9:3:4:4:9:5:9:1:8:7:9:2:7:6:9:9:6:0:9:6:6:9:7:8:4:7:3:7:3:9:1:4:2:8:2:7:2:7:9:7:2:1:0:2:9:0:2:3:7:2:5:9:10:5:10:8:10:8:5:9:1:0:0:8:4:3:4:7:6:5:8:4:3:10:3:10:2:10:2:7:1:14:13:11:11:3:1:10:14:0:10:0:0:1:2:11:12:4:9:13:12:2:10:10:12:12:10:0:13:14:0:4:7:8:0:12:13:3:10:11:9:5:0:3:4:5:14:5:6:11:9:5:10:12:6:10:8:5:11:15:8:8:12:10:14:11:13:13:1:8:3:5:11:13:12:0:13:11:3:12:13:16:5:15:12:4:12:0:4:2:14:13:2:9:13:16:3:2:12:5:10:9:6:9:1:13:9:16:14:7:11:11:17:14:8:1:17:7:1:15:14:0:10:17:6:15:14:15:16:13:13:6:13:2:17:17:16:17:9:17:1:14:6:5:12:1:12:12:15:7:11:9:15:10:14:1:5:17:0:10:16:8:7:6:15:8:13:14:11:18:13:11:14:18:19:16:9:16:6:19:18:16:17:17:14:12:2:16:18:19:1:15:8:5:15:4:17:11:10:1:19:18:19:18:19:4:13:14:19:9:8:0:17:17:9:14:11:5:18:3:17:18:12:18:17:14:9:10:13:12:19:17:19:8:5:7:15:12:3:9:7:16:9:10:17:13:5:3:18:2:18:2:19:15:19:16:19:11:8:14:12:14:6:5:3:5:17:10:3:11:9:11:17:13:4:19:13:13:14:18:18:19:5:18:11:2:8:18:15:14:20:4:22:22:3:5:20:17:10:16:6:19:1:6:22:2:20:22:22:19:4:6:22:12:20:9:7:20:22:8:3:1:10:12:16:16:15:18:22:19:4:20:20:22:12:24:12:21:22:21:22:18:24:12:15:18:16:12:21:24:24:19:10:16:24:22:4:10:17:16:24:6:18:5:11:21:18:17:9:1:17:2:19:19:11:20:0:14:16:17:8:2:14:24:1:24:1:20:15:14:16:25:14:21:24:4:20:25:17:17:6:18:8:17:17:19:13:16:11:5:3:9:21:24:20:3:19:11:22:11:2:6:25:22:20:9:20:25:21:20:15:24:23:14:11:13:20:22:23:21:14:24:23:24:23:7:24:23:20:18:17:21:15:12:11:23:21:13:23:23:23:9:16:19:25:14:6:18:23:18:22:21:24:12:16:23:8:25:16:16:24:20:24:25:23:3:9:25:23:21:15:12:0:0:20:14:16:25:15:27:26:2:27:27:26:12:22:14:23:26:13:16:2:6:22:24:17:25:24:5:26:12:16:24:12:17:17:25:27:11:27:25:15:16:3:15:24:16:15:21:11:18:23:18:26:24:20:22:7:3:12:21:21:21:25:23:19:19:14:23:8:10:20:1:27:16:26:26:21:23:2:8:21:26:24:10:19:21:9:3:11:8:27:2:15:18:14:20:9:23:23:26:26:15:0:26:6:27:22:16:25:7:23:30:29:27:29:17:30:28:24:29:25:26:3:25:19:27:29:22:28:27:27:24:22:11:28:28:28:10:29:21:28:28:18:13:21:20:18:20:25:26:23:27:22:28:3:20:26:23:25:23:10:3:25:25:31:18:30:25:31:10:7:30:28:31:16:28:30:28:23:9:29:16:5:28:27:14:29:13:28:6:25:31:5:10:30:29:22:25:29:11:30:23:30:9:30:25:28:28:24:17:7:30:19:19:15:30:29:20:9:21:20:6:18:31:13:29:25:29:27:31:29:26:17:24:19:19:16:31:28:28:25:31:2:31:0:30:9:29:31:24:26:23:0:23:16:29:27:24:20:17:16:21:29:27:28:18:26:29:32:28:29:26:33:30:29:32:32:32:31:32:33:9:27:32:17:36:28:19:28:31:32:32:33:26:23:33:36:33:31:3:36:15:27:36:11:36:5:11:22:36:24:29:33:30:33:31:24:27
22079,7,35,0,406,0:0:1:0:1:0:0:1:0:1:2:2:1:1:0:0:1:1:2:2:3:3:1:3:2:0:3:0:2:2:0:3:3:1:1:0:3:2:3:2:1:4:4:4:4:1:5:4:3:2:5:3:7:0:5:1:5:3:1:5:4:6:6:6:4:6:7:5:6:7:6:5:5:7:6:7:0:7:6:6:7:4:4:4:4:6:2:4:6:7:5:6:7:4:6:1:0:7:8:7:0:4:4:8:1:4:1:8:6:4:9:3:4:4:9:5:9:1:8:7:9:2:2:6:9:9:6:6:9:6:0:9:7:8:4:7:3:7:3:9:1:4:2:8:2:7:2:7:5:7:2:1:0:2:9:0:2:3:7:6:5:9:10:5:10:8:10:8:5:9:0:0:0:8:4:3:10:7:6:2:8:4:3:7:3:10:9:10:2:7:1:14:13:11:11:3:13:10:14:10:10:0:0:1:2:11:12:10:9:13:12:2:10:10:12:12:10:0:13:14:1:4:7:8:0:12:13:11:10:11:8:5:0:3:4:5:14:5:6:11:7:5:10:11:6:10:14:5:11:15:12:8:12:2:14:13:13:13:1:8:3:2:11:0:13:0:13:9:3:12:13:16:5:15:12:4:12:0:4:2:14:16:2:9:16:16:3:2:15:5:10:11:6:9:11:16:9:16:14:7:11:11:17:14:8:1:17:7:1:15:14:0:16:11:6:15:14:15:15:15:5:6:13:17:17:17:16:17:14:17:1:14:6:5:12:15:12:12:2:7:11:9:17:10:0:11:5:17:0:17:16:5:7:4:0:8:18:14:11:18:13:1:14:18:19:16:9:16:6:19:15:1:17:17:14:12:10:16:18:16:1:15:8:5:15:4:17:11:10:1:9:15:12:15:19:4:12:14:19:8:8:0:12:17:9:14:9:5:18:3:19:7:16:15:17:14:9:6:13:12:19:17:19:7:5:7:15:6:8:8:7:16:5:10:4:12:5:3:7:2:18:12:9:15:19:6:19:19:12:14:12:14:13:17:3:5:17:10:3:1:15:18:17:13:4:19:13:18:8:15:18:19:16:18:15:3:8:4:19:18:20:4:4:22:3:5:20:9:18:19:6:19:11:6:20:12:20:22:22:19:4:6:22:12:8:18:7:17:3:8:3:1:13:12:1:16:15:20:18:19:12:14:5:22:12:24:12:21:17:21:22:7:24:20:15:18:16:24:21:24:24:19:21:13:11:9:13:10:17:16:24:9:18:5:11:21:8:21:9:1:17:24:19:19:24:24:24:6:13:9:5:8:11:19:18:24:1:19:15:1:24:17:14:21:24:4:22:21:24:9:0:20:16:21:19:19:13:14:9:10:2:9:21:24:22:17:19:18:22:11:21:6:20:12:17:9:20:21:11:17:22:22:12:0:14:7:25:22:23:24:14:24:23:23:23:22:15:23:20:18:17:21:15:6:11:20:21:18:21:16:19:16:16:24:23:14:22:10:25:21:23:21:10:25:21:18:23:15:3:5:10:23:3:14:25:3:22:0:21:22:25:12:0:0:12:22:16:23:14:24:22:10:27:25:12:5:22:26:27:17:7:27:27:21:22:27:17:15:24:5:8:26:16:24:25:25:26:26:11:27:3:13:15:15:3:24:27:26:15:21:14:9:22:23:22:24:6:22:11:20:20:13:21:21:25:8:18:20:26:23:8:22:20:14:18:4:8:17:13:14:2:12:21:23:22:16:19:4:23:26:8:8:25:2:15:18:9:16:27:8:27:22:26:20:25:18:26:26:2:13:14:12:26:30:29:29:29:26:29:29:13:24:27:26:4:11:16:27:30:25:30:26:26:28:30:22:29:29:20:20:19:23:29:29:29:28:15:8:16:29:25:29:25:27:28:15:3:19:2:8:25:15:30:14:30:29:31:18:10:16:21:21:11:28:20:30:16:7:20:28:31:24:10:23:25:28:23:28:30:26:28:22:25:20:19:24:30:22:28:20:27:30:30:30:30:28:12:23:29:27:28:27:9:24:29:19:15:21:4:26:9:30:0:28:29:31:11:8:26:31:26:5:10:20:18:29:23:19:16:31:20:29:25:23:2:31:23:30:21:30:31:24:28:26:31:23:11:30:30:24:20:21:13:27:30:27:29:29:23:18:29:30:33:25:32:33:29:36:27:32:27:33:31:9:36:32:36:36:12:28:28:32:33:3:25:36:32:26:26:33:27:33:16:15:32:30:33:8:21:11:19:32:23:32:25:20:31:23:33:12
22453,7,35,0,405,0:0:1:0:1:0:0:1:0:1:2:2:1:1:0:0:1:1:2:2:3:3:1:3:2:0:3:0:2:2:0:3:3:1:1:0:3:2:3:2:1:4:4:4:4:1:5:4:3:2:5:3:7:0:5:1:5:3:1:5:4:6:6:6:4:6:7:5:6:7:6:5:5:7:6:7:0:7:6:6:7:4:4:4:4:6:2:4:6:7:5:6:7:4:6:1:0:7:8:7:0:4:4:8:1:4:1:8:6:4:9:3:4:4:9:5:9:1:8:7:9:2:7:6:9:9:6:6:9:6:0:9:7:8:4:7:3:7:3:9:1:4:2:8:2:7:2:7:9:7:2:1:0:2:9:0:2:3:7:6:5:8:10:5:10:8:10:8:5:9:0:0:0:8:4:3:4:7:6:2:8:4:2:7:4:10:9:10:2:7:1:14:13:11:11:3:13:10:14:10:10:0:0:1:2:11:12:10:9:13:12:2:10:10:12:12:10:13:13:12:1:4:8:8:0:12:13:11:10:11:8:5:0:3:4:5:13:5:6:11:7:5:10:11:6:10:14:5:11:15:12:8:12:10:14:13:13:13:1:8:3:2:11:0:13:0:13:9:3:12:13:16:5:15:12:4:12:0:4:2:14:16:2:9:16:16:3:2:15:5:10:11:14:9:1:16:9:16:0:7:11:11:17:14:8:1:17:7:1:15:14:0:16:11:6:15:14:15:15:15:5:6:13:13:17:17:16:17:14:17:1:14:6:5:9:15:12:12:2:7:11:9:15:10:0:11:5:17:0:17:16:5:7:6:0:8:18:14:11:18:13:1:14:18:19:16:9:16:6:19:15:1:17:17:14:12:10:16:18:16:1:15:8:5:10:4:17:11:10:19:19:15:19:15:19:4:12:14:19:8:8:0:12:17:9:14:9:5:18:3:17:7:16:15:17:14:9:6:15:11:19:17:19:15:5:7:15:6:8:8:10:16:5:9:4:13:17:3:7:12:18:12:9:15:19:6:19:19:12:14:12:14:13:2:3:5:17:10:3:1:19:18:17:13:4:19:5:18:14:18:4:19:16:18:15:2:8:4:19:14:20:4:4:22:3:5:20:9:18:19:6:19:1:6:20:12:20:19:22:19:4:6:22:12:8:18:7:17:22:8:3:1:13:12:1:13:15:20:20:19:12:14:5:22:12:24:12:21:17:21:22:7:24:20:15:18:16:24:20:24:24:19:24:22:11:9:14:10:17:16:24:6:18:5:11:21:8:11:9:14:17:2:19:18:24:24:24:6:13:17:5:8:11:19:18:24:1:19:15:14:24:17:14:21:24:4:22:21:24:9:6:20:18:21:19:19:13:14:20:18:2:14:21:24:22:17:20:13:24:21:2:19:20:12:17:9:20:21:11:8:22:7:12:0:14:13:25:22:23:16:14:24:23:23:23:22:15:20:20:18:17:21:15:6:11:20:12:18:21:6:18:16:16:24:23:14:0:10:25:21:15:16:10:25:21:18:23:15:3:5:10:23:3:14:25:3:20:22:21:22:25:12:0:3:12:18:16:23:14:24:22:10:27:25:12:5:22:26:27:17:22:27:27:6:22:27:17:20:24:5:8:26:16:24:20:25:26:26:26:27:18:25:15:15:3:11:11:22:15:21:14:9:27:10:27:21:6:22:25:3:22:13:20:21:25:8:18:20:26:23:8:22:20:14:18:22:8:22:13:14:2:15:21:23:22:16:19:4:23:26:8:8:3:2:17:7:9:16:27:8:12:22:26:20:2:18:26:26:2:13:14:12:9:30:27:29:29:17:17:29:27:24:25:26:4:11:16:27:18:25:29:26:26:30:23:23:27:29:20:25:12:23:29:29:29:2:21:8:16:13:25:29:25:27:9:15:27:29:10:14:25:15:30:3:25:18:31:18:10:16:21:31:26:28:24:29:16:28:31:27:31:31:20:25:27:28:21:11:29:26:29:30:25:25:19:29:20:22:26:28:7:30:17:31:30:28:12:23:29:26:28:19:20:24:31:11:18:21:29:27:9:30:0:29:29:28:31:8:26:6:26:5:28:20:18:28:23:31:13:31:20:24:23:17:28:31:23:30:21:30:31:24:26:31:0:23:11:30:26:24:25:17:28:28:30:30:11:18:25:25:28:32:33:25:36:36:36:31:27:29:36:33:31:33:33:32:32:25:32:28:24:32:33:3:25:27:32:26:33:23:33:33:16:16:32:30:33:33:25:28:19:36:23:24:26:20:31:32:5:30
22704,7,34,0,404,0:0:1:0:1:0:0:1:0:1:2:2:1:1:0:0:1:1:2:2:3:3:1:3:2:0:3:0:2:2:0:3:3:1:1:0:3:2:3:2:1:4:4:4:4:1:5:4:3:2:5:3:7:0:5:1:5:3:1:5:4:6:6:6:4:6:7:5:6:7:6:5:5:7:6:7:0:7:6:6:7:4:4:4:4:6:2:4:6:7:5:6:7:4:6:1:0:7:8:7:0:4:4:8:1:4:1:8:6:4:9:3:4:4:9:5:9:1:8:7:9:2:7:6:9:9:6:6:9:6:6:9:7:8:4:3:3:7:3:9:1:4:2:8:2:7:2:7:5:7:2:1:0:2:9:0:2:3:7:6:5:9:10:5:10:8:10:8:5:9:4:0:0:8:4:3:4:7:6:5:8:4:2:10:4:10:2:10:2:7:1:14:13:11:11:3:13:10:14:10:10:0:0:1:2:11:12:3:9:13:12:2:10:10:12:12:10:0:13:8:5:4:8:8:0:12:13:11:10:11:8:5:0:3:4:5:13:5:6:11:7:5:10:11:6:10:14:5:11:15:12:8:12:10:14:13:13:13:8:8:3:2:11:0:13:0:13:9:3:12:13:16:5:15:12:4:12:0:4:2:14:16:2:9:13:16:3:2:15:5:10:11:14:9:1:16:9:1:0:7:11:11:17:14:8:1:17:7:1:15:14:0:16:11:6:15:14:15:15:15:5:15:13:17:17:17:16:11:9:17:1:14:6:5:12:15:12:7:2:7:11:9:15:10:0:11:5:17:0:17:16:5:7:6:0:8:18:14:11:18:13:1:14:18:19:16:9:16:6:19:12:1:17:17:14:12:2:16:18:16:1:15:8:5:10:4:17:11:10:7:19:15:19:19:19:3:12:14:19:8:8:0:17:17:9:14:9:5:18:3:17:7:16:15:17:10:5:6:15:11:19:17:19:15:5:7:15:6:8:8:10:16:5:9:4:13:17:3:7:12:18:12:9:15:19:6:19:19:8:17:12:14:13:2:3:5:17:10:3:1:19:18:17:13:4:19:13:18:14:18:4:13:12:18:15:2:8:4:15:14:20:4:4:22:3:5:20:9:14:19:6:19:1:6:20:2:20:19:22:19:5:6:17:10:22:18:17:17:22:8:3:4:13:12:1:13:15:20:20:19:9:14:20:22:12:24:19:21:17:11:22:7:24:20:15:24:16:24:20:24:24:19:24:22:11:9:14:10:17:16:24:6:18:5:11:21:8:11:9:14:17:2:19:18:24:22:24:6:13:17:5:8:11:19:18:24:1:19:15:14:24:18:14:21:24:4:22:21:24:9:6:20:16:21:24:24:13:16:7:18:2:9:21:24:22:17:20:13:24:21:2:10:20:12:17:18:19:21:11:21:22:7:12:0:14:13:25:22:23:24:14:24:23:12:23:22:15:13:20:18:17:21:12:6:11:20:12:18:21:6:18:9:16:24:23:14:22:18:15:21:15:23:10:25:21:18:23:22:3:5:10:23:3:21:23:3:22:22:21:22:15:12:0:0:20:18:16:23:0:24:22:10:27:11:12:5:22:26:27:17:22:26:27:6:22:27:17:20:19:27:8:26:16:24:25:25:20:26:21:27:18:16:15:15:25:15:11:22:15:21:25:9:18:10:22:21:6:22:1:3:14:21:20:21:25:8:18:20:26:23:8:22:20:14:18:22:8:9:13:14:2:15:23:23:22:18:12:10:23:26:25:8:3:2:17:7:20:16:9:8:12:22:26:20:2:18:26:26:2:13:26:12:9:30:27:23:29:17:17:29:13:24:23:26:4:11:16:30:18:25:19:26:26:26:23:23:27:29:20:25:12:23:29:29:25:2:21:8:16:25:26:29:1:27:9:30:27:29:2:14:23:15:18:3:30:23:31:20:30:16:21:31:11:28:24:29:16:28:25:27:31:31:20:25:25:28:21:29:29:26:29:30:25:29:31:24:20:22:18:14:27:28:17:31:30:28:18:23:29:26:31:19:31:24:19:11:18:21:29:22:9:30:28:31:29:26:11:8:28:6:26:5:28:20:18:23:23:31:8:30:19:24:23:17:28:30:12:30:21:8:10:24:28:23:3:23:28:30:28:24:31:17:29:28:30:27:15:18:20:25:28:32:33:25:16:33:29:31:27:29:33:33:33:33:32:32:30:25:12:28:24:29:33:32:32:27:32:26:26:23:9:33:16:29:22:30:33:33:25:28:19:30:33:27:26:23:32:32:23:30
24903,8,34,0,403,0:0:1:0:1:0:0:1:0:1:2:2:1:1:0:0:1:1:2:2:3:3:1:3:2:0:3:0:2:2:0:3:2:1:1:0:3:2:3:2:1:4:4:4:4:1:5:4:3:2:5:1:7:0:6:1:5:3:1:5:4:6:6:6:4:6:3:5:6:3:6:5:5:7:6:7:0:7:6:6:7:4:4:4:4:6:2:4:6:7:5:6:7:4:6:4:0:7:8:7:0:4:4:8:1:4:1:8:6:4:9:4:4:4:9:5:9:1:8:7:9:7:7:6:9:9:6:9:9:6:6:9:7:8:4:3:4:5:8:9:8:4:2:8:2:7:2:7:9:7:2:1:0:2:9:0:2:3:7:6:5:9:10:5:3:8:10:8:5:3:4:0:0:8:4:3:10:7:6:2:8:4:1:7:3:2:8:10:2:7:1:14:13:11:11:3:13:10:14:0:10:0:0:1:2:13:8:3:9:13:12:2:7:10:12:12:9:0:13:12:1:4:2:8:0:12:13:13:10:11:9:5:7:3:12:5:14:5:6:11:7:11:10:13:6:3:8:5:11:15:8:8:9:10:14:13:14:15:8:8:3:2:11:0:13:0:13:9:14:12:13:16:5:15:12:4:12:0:15:13:14:16:2:9:16:16:3:2:14:5:10:11:6:9:1:11:9:9:3:3:11:4:17:14:14:1:17:7:1:15:16:0:16:11:6:15:14:10:15:15:10:15:13:13:17:17:15:17:11:17:15:14:6:5:12:15:12:12:17:15:11:9:15:10:14:11:7:17:0:17:4:8:7:6:16:8:18:16:11:18:13:1:14:18:19:16:9:16:6:19:12:1:17:17:19:12:2:12:18:19:1:15:9:5:10:4:17:11:18:15:19:15:3:18:4:4:12:14:19:2:8:0:17:17:19:14:10:5:18:18:17:7:12:15:1:2:9:11:7:11:19:19:19:7:5:18:10:12:8:19:17:16:5:9:4:13:17:3:18:12:18:2:15:16:19:6:11:19:5:14:6:14:7:14:3:5:17:10:3:1:19:18:17:17:4:14:6:14:7:18:4:13:5:18:15:14:8:4:1:18:20:4:4:22:3:6:20:9:18:20:19:19:1:19:22:11:10:19:16:19:5:6:22:15:22:9:7:14:3:8:20:1:18:12:15:9:19:16:22:19:9:5:20:17:12:24:13:11:17:11:22:7:5:18:22:24:17:8:20:5:10:19:24:15:0:2:12:10:19:14:24:18:24:6:11:22:24:16:17:18:15:2:19:6:10:20:24:6:13:17:15:2:11:19:1:24:1:19:15:7:24:18:12:20:8:4:9:21:21:12:0:7:20:17:21:20:13:13:20:5:13:6:9:9:22:15:21:13:22:14:14:6:20:12:17:18:20:24:11:8:21:10:12:3:23:13:17:22:18:14:3:16:20:15:24:23:25:20:22:18:23:12:12:6:11:20:21:23:9:13:2:19:23:23:9:17:22:10:21:25:11:9:10:25:16:18:23:22:3:5:10:25:18:11:3:21:20:22:18:22:24:21:17:0:21:25:16:23:0:24:22:10:26:11:12:12:22:25:27:26:27:16:19:6:22:24:27:25:7:18:11:15:19:25:18:25:21:21:27:23:21:3:26:25:27:16:11:21:10:19:12:10:26:26:16:9:6:27:20:26:24:13:23:21:27:22:19:20:25:17:8:16:13:25:18:13:8:26:24:14:26:18:26:23:23:16:12:27:9:18:8:8:3:23:18:7:27:14:23:11:26:22:21:20:0:9:6:21:24:16:25:12:25:8:26:30:29:29:17:29:19:20:25:26:15:13:29:2:30:30:25:27:15:24:27:22:29:30:20:24:12:21:23:26:23:26:20:19:27:1:29:23:26:27:21:23:30:17:26:16:19:20:18:14:30:21:31:18:30:16:7:14:28:10:30:28:17:21:28:20:29:24:25:27:27:30:5:28:29:14:27:30:23:28:5:10:28:29:31:30:25:29:26:31:29:27:30:16:24:28:3:30:27:16:24:28:22:30:0:20:31:20:28:31:28:26:11:29:28:29:25:9:28:31:26:25:31:19:26:14:16:26:24:17:17:0:16:31:7:30:27:21:20:21:3:31:26:29:2:11:28:28:8:23:31:30:16:26:20:1:28:21:33:21:32:32:27:33:32:28:27:32:31:19:33:9:31:10:13:7:33:8:33:33:32:32:29:29:15:33:9:7:33:27:30:12:32:10:5:16:28:31:26:28:28:18:32:32:23:33
27400,8,34,0,402,0:0:1:0:1:0:0:1:0:1:2:2:1:1:0:2:1:1:2:2:3:3:0:3:2:0:3:0:2:2:0:3:2:1:1:0:3:2:3:2:1:4:4:4:4:1:5:4:3:2:6:1:7:0:6:1:5:3:1:5:4:6:6:6:4:6:3:5:6:3:6:5:5:7:6:7:0:7:6:6:7:4:4:4:4:6:2:4:6:7:5:6:7:4:2:4:0:7:8:7:8:4:4:8:1:4:1:8:6:4:9:4:4:4:9:5:9:1:8:7:9:3:3:6:9:9:5:9:9:6:5:9:7:8:4:3:3:7:3:9:8:4:2:8:2:7:2:7:9:7:2:10:0:2:9:0:2:3:7:2:5:10:10:10:3:8:10:8:1:3:4:0:0:8:4:3:10:7:6:8:8:4:1:7:3:10:6:10:2:7:1:14:13:11:11:3:5:10:14:0:10:8:0:1:2:13:8:3:9:13:12:2:7:8:12:12:9:9:13:12:1:4:7:8:0:0:13:14:10:11:11:5:7:3:12:12:13:5:6:1:7:11:10:11:6:3:12:11:11:15:8:16:12:2:14:13:14:15:8:0:3:2:11:0:13:0:13:16:14:11:6:16:11:15:12:4:12:0:15:13:14:16:2:9:16:12:3:2:14:5:10:9:11:9:1:14:8:16:0:13:11:4:17:14:14:1:17:7:1:15:16:15:15:11:6:15:14:10:17:15:5:15:13:13:0:17:15:5:9:17:1:10:6:5:12:1:7:8:17:7:11:9:17:10:17:11:7:17:15:13:10:8:7:4:8:8:12:15:11:18:13:1:14:18:5:16:9:16:6:15:12:1:17:17:16:12:2:12:18:0:1:15:9:5:17:4:17:11:18:1:18:15:12:18:4:4:12:14:8:2:8:16:12:17:12:5:10:15:18:16:14:7:12:15:14:14:9:8:7:11:19:17:19:7:5:18:15:12:16:8:17:16:5:9:2:13:5:3:7:2:18:2:15:16:19:6:11:19:5:14:6:14:7:2:18:5:12:10:10:1:19:18:14:17:4:14:13:14:7:18:4:13:11:7:17:18:8:4:1:15:20:4:22:22:3:20:20:10:8:20:19:19:1:5:20:2:15:19:22:19:5:6:22:12:22:9:8:14:13:11:7:1:2:12:15:18:16:20:22:3:20:19:20:22:12:18:13:5:17:9:22:7:14:15:22:24:17:8:18:11:20:19:24:13:6:9:24:10:22:14:5:18:19:5:11:24:15:11:6:0:14:2:19:8:15:13:19:6:13:19:20:2:19:0:1:10:2:15:15:11:13:0:12:19:8:22:9:21:5:12:6:7:16:17:5:8:12:13:20:12:13:10:9:21:22:13:21:13:24:14:10:8:21:12:17:18:20:24:11:22:21:4:24:3:15:13:2:22:18:10:21:16:14:19:1:22:24:16:17:18:22:20:25:6:24:16:21:5:21:13:21:19:14:22:9:19:22:10:1:25:16:9:25:24:13:3:23:22:3:16:10:19:23:23:18:3:20:22:18:22:21:21:0:3:21:25:26:3:14:21:27:10:27:11:27:9:13:27:10:18:24:26:19:6:25:14:26:25:7:19:27:12:19:25:26:17:26:10:21:17:22:21:22:0:3:16:11:16:10:25:21:4:6:18:16:24:5:22:1:24:20:4:26:21:27:25:19:20:25:17:16:26:27:9:11:13:23:20:26:23:14:18:6:8:27:26:23:21:24:20:27:21:23:23:18:7:24:24:6:25:27:23:21:20:18:26:12:21:19:18:24:27:17:30:30:29:17:29:9:14:30:15:25:18:20:30:29:24:24:26:24:26:25:27:16:30:29:29:20:6:23:5:29:0:25:29:22:19:12:23:9:29:12:27:21:5:29:20:27:16:26:14:30:30:23:9:24:25:21:26:23:14:28:30:28:8:28:27:31:26:30:26:24:21:21:31:24:25:31:27:25:22:5:11:29:31:30:29:31:28:31:21:26:5:30:9:31:30:0:19:4:19:26:30:14:12:22:31:9:19:24:20:17:6:7:10:11:31:27:30:25:30:29:21:0:14:28:25:24:26:29:23:25:31:17:29:0:27:23:7:29:22:20:16:3:28:27:15:30:24:28:11:30:31:20:31:28:30:26:11:29:33:33:21:33:32:15:31:31:33:23:23:33:28:27:24:28:23:11:24:25:8:15:33:32:19:29:32:33:0:17:28:32:33:29:33:0:30:6:24:28:33:26:10:31:28:32:20:28:32
29201,9,34,0,401,0:0:1:0:1:0:0:1:0:1:2:2:1:1:0:2:1:1:2:2:3:3:0:4:2:0:3:0:2:2:0:3:2:1:1:0:3:2:3:2:1:4:4:4:4:1:5:4:3:2:6:1:7:0:6:1:5:3:1:5:4:6:6:6:4:6:3:5:6:3:6:5:5:7:6:7:0:7:6:6:7:4:4:4:4:6:2:4:6:7:5:2:7:4:2:4:0:7:8:7:8:4:4:8:1:4:1:8:6:4:6:4:4:4:9:5:9:1:8:7:9:9:3:6:9:9:5:9:9:6:5:9:7:8:4:3:3:7:3:9:8:4:2:8:2:7:2:7:5:7:2:10:0:2:9:0:2:3:7:2:5:10:10:5:3:8:10:8:7:3:4:0:0:8:5:3:4:7:6:8:8:4:10:7:3:2:6:10:2:7:1:14:13:11:11:3:13:10:1:0:10:0:10:1:11:13:8:3:9:13:12:2:7:8:12:12:9:9:13:8:10:4:7:8:0:0:13:14:10:11:11:5:7:3:13:12:13:5:6:1:11:11:10:4:6:3:12:2:11:9:8:8:12:2:14:13:14:13:8:0:3:2:11:2:13:0:13:16:16:11:6:16:11:16:12:4:12:0:4:13:14:16:2:9:13:12:3:2:14:5:10:9:11:12:1:14:8:16:3:3:11:4:17:14:14:1:15:7:6:6:16:15:15:11:6:15:16:10:17:15:5:15:14:13:0:17:15:17:14:5:1:10:6:5:1:1:7:12:17:7:16:9:17:10:17:11:7:17:15:13:17:8:7:4:8:8:12:15:11:18:13:8:14:1:17:16:18:16:6:15:12:1:17:9:18:12:16:12:18:0:17:15:18:5:17:4:17:16:18:1:18:15:12:15:4:4:12:14:8:2:8:5:12:17:10:14:11:15:10:3:14:6:12:15:14:14:9:0:5:11:19:17:19:14:5:7:15:5:3:19:17:12:5:9:2:13:5:3:7:2:8:2:19:16:19:11:11:10:5:14:6:14:7:2:18:9:17:10:3:1:19:16:14:17:4:14:13:14:7:18:4:13:11:16:15:14:8:18:9:15:20:4:22:22:3:20:20:10:8:20:17:19:1:5:20:0:20:9:22:19:5:6:16:12:9:9:7:14:3:11:7:1:16:12:15:1:22:17:22:3:12:22:5:17:7:22:13:22:17:11:22:22:20:15:22:13:17:8:20:16:20:19:11:13:6:2:24:10:17:22:10:18:19:5:11:13:15:10:19:4:14:16:19:18:15:16:10:5:15:18:12:7:24:14:1:12:2:15:15:11:18:0:12:19:8:22:21:21:5:12:0:18:16:10:21:22:12:22:21:12:20:16:0:16:16:15:21:24:13:11:14:8:20:12:17:18:16:24:11:22:11:10:24:19:23:13:25:22:18:10:25:22:21:8:1:23:24:17:17:20:23:20:25:21:24:16:20:5:23:14:16:9:23:24:9:19:22:8:21:7:11:24:18:25:13:16:23:20:20:5:17:19:3:25:9:3:21:0:25:22:21:26:0:3:20:18:26:4:16:27:25:20:26:11:27:22:13:19:24:18:21:27:18:27:24:14:24:25:15:27:21:12:19:25:26:14:19:19:20:26:24:14:24:21:3:27:26:16:10:25:24:4:22:23:20:12:27:8:15:20:21:10:20:15:23:25:19:20:27:17:23:20:13:25:22:21:23:18:11:14:25:11:6:22:23:24:23:4:9:26:25:21:4:23:26:18:24:14:6:11:27:22:14:20:23:26:12:23:19:13:24:23:26:24:26:30:26:25:27:25:5:15:10:18:20:30:23:23:30:27:26:24:21:23:21:11:29:27:27:6:24:6:29:20:25:13:26:14:18:1:8:6:19:24:19:27:3:19:2:20:9:27:3:26:29:29:22:25:25:26:31:25:17:30:27:30:17:28:21:28:21:21:21:21:25:31:24:31:31:17:29:30:5:31:23:26:30:29:22:5:26:29:26:21:30:23:28:21:25:15:10:28:6:30:29:11:22:21:30:29:20:26:0:30:22:29:11:28:29:23:11:27:24:15:30:19:29:31:11:10:20:12:28:26:27:30:31:13:7:26:25:28:27:29:10:28:27:8:28:24:16:30:27:27:31:24:28:31:27:9:28:32:20:28:33:32:24:32:32:29:25:28:33:18:24:23:33:29:31:33:30:15:18:30:31:23:33:33:30:33:31:2:32:3:32:19:20:33:25:27:24:33:33:17:28:32:17:27:28:29
31330,9,34,0,400,0:0:1:0:1:0:0:1:0:1:2:2:0:1:0:2:1:1:2:2:3:3:1:3:2:0:3:0:2:2:0:3:1:1:1:0:3:4:3:2:1:4:4:4:4:1:5:4:3:2:6:1:7:0:6:1:5:3:1:5:4:6:6:6:6:6:3:5:6:3:6:5:5:7:6:7:0:7:6:5:7:4:4:4:4:6:2:4:6:7:5:2:7:4:2:4:0:7:8:7:8:6:4:8:1:4:1:8:6:4:6:4:4:4:9:5:9:1:8:7:9:2:3:6:9:9:5:6:9:0:5:9:7:8:4:3:3:7:3:9:8:4:2:8:2:7:2:7:5:7:2:6:0:2:9:0:2:3:7:2:5:10:10:5:3:8:10:8:7:6:0:0:0:8:5:3:4:7:9:5:8:1:10:7:3:2:6:10:2:11:1:14:13:11:11:3:1:10:1:0:1:0:10:1:2:13:8:3:9:13:13:2:7:8:12:12:9:9:13:8:1:4:7:10:0:0:13:14:10:11:5:5:7:3:2:12:14:5:6:1:11:11:10:4:6:3:8:11:11:9:8:8:12:2:14:13:14:13:8:0:3:2:11:0:13:0:10:16:14:11:7:16:11:9:12:4:12:0:4:13:14:16:10:9:13:12:14:2:14:5:10:9:4:12:1:16:8:16:3:3:11:4:17:8:14:1:17:7:1:6:16:15:15:10:6:15:16:10:17:15:5:15:13:13:0:17:15:5:14:6:1:10:16:17:12:1:1:17:3:11:11:6:17:10:7:6:10:17:10:15:8:8:16:4:8:8:12:13:11:18:16:9:14:12:17:17:9:15:6:15:12:1:17:9:18:12:16:12:18:16:17:12:16:5:16:4:17:16:10:15:9:15:18:18:4:3:12:14:8:9:8:15:12:17:10:17:11:15:10:3:14:7:1:15:6:2:18:6:5:11:19:17:19:14:16:7:15:5:3:10:17:12:5:9:2:13:8:15:7:2:8:2:16:19:10:11:11:19:15:14:12:14:18:2:19:9:19:17:19:14:18:18:14:17:4:18:2:17:6:18:6:13:11:16:3:14:8:4:11:18:20:12:4:22:3:18:20:20:22:20:20:19:1:5:22:0:9:9:15:19:5:6:15:15:14:22:8:14:13:10:17:4:2:14:1:12:15:7:22:20:12:19:0:17:7:22:13:5:17:24:22:22:20:15:22:13:17:8:20:16:20:19:16:13:24:2:24:10:24:22:24:14:19:5:11:20:0:19:17:5:13:2:19:12:20:16:10:20:16:17:17:13:22:20:18:17:2:20:12:11:22:0:12:16:8:22:20:21:5:24:0:16:20:17:3:8:24:13:9:22:19:10:0:19:18:15:21:24:24:11:15:20:11:12:17:9:16:24:19:16:11:7:25:19:16:13:17:23:25:21:25:22:20:4:1:16:24:21:21:21:23:25:18:24:24:1:13:18:13:11:22:18:19:23:8:16:0:8:11:7:15:20:18:12:25:3:21:21:18:5:10:20:18:5:21:17:24:15:25:19:26:22:0:3:20:18:26:23:16:16:25:10:10:23:26:27:18:27:24:18:24:27:18:18:25:21:15:26:16:27:21:26:19:25:13:14:25:19:20:22:22:14:24:0:3:27:12:26:10:25:14:14:22:23:27:16:5:8:25:20:21:27:20:12:23:25:21:20:26:17:23:21:13:17:26:27:23:6:11:18:27:23:6:8:25:18:11:4:21:24:25:21:18:23:18:7:24:14:26:25:21:20:14:9:5:26:12:19:18:23:24:23:27:24:30:22:23:15:20:25:19:15:10:23:20:26:30:27:30:27:24:24:12:23:26:16:30:20:17:25:24:22:26:0:18:13:30:18:5:27:8:6:21:30:6:23:30:26:21:30:9:26:9:7:25:21:22:25:30:11:15:28:17:28:27:16:17:28:29:10:28:29:21:22:9:30:31:11:27:30:25:31:26:29:24:28:15:25:21:31:30:21:25:28:11:16:24:6:24:27:30:31:28:28:30:28:22:28:4:29:9:10:22:31:26:29:29:28:29:29:30:29:29:9:29:26:19:30:28:21:15:4:30:27:17:0:12:13:9:20:25:31:1:29:10:27:25:31:25:2:31:29:28:27:27:31:23:30:24:29:32:33:2:33:32:33:15:31:32:33:21:13:29:33:33:31:14:21:12:28:22:33:32:30:18:33:21:18:32:10:0:26:32:25:29:26:27:29:21:27:32:31:31:20:23:26:13:28:26:11
32457,10,34,0,399,0:0:1:0:1:0:0:1:0:1:2:2:0:1:0:2:1:1:2:2:3:3:1:3:2:0:3:0:2:2:0:3:1:1:1:0:3:2:3:2:1:4:4:4:4:1:5:4:3:2:6:1:3:0:5:1:5:3:1:5:4:6:6:6:6:6:3:5:6:3:6:5:5:7:6:7:0:7:6:5:7:4:4:7:4:6:2:4:6:7:7:2:7:4:2:1:0:7:8:7:8:6:4:8:1:4:1:9:6:4:6:4:4:4:9:5:9:1:8:7:9:9:3:6:9:9:5:6:9:0:5:9:7:8:9:3:3:7:3:9:8:4:2:8:2:7:2:7:5:7:2:6:0:2:9:0:2:3:7:2:0:10:10:5:3:8:10:8:7:6:0:0:0:8:4:3:4:7:9:8:8:4:10:7:3:2:6:10:2:14:1:14:13:11:11:0:1:10:1:6:1:6:10:1:2:13:8:3:9:13:13:2:7:8:12:12:9:0:13:3:1:4:7:10:0:0:13:14:10:11:9:5:7:3:2:12:14:5:6:1:11:8:10:4:6:3:8:11:11:9:8:8:12:2:14:13:14:13:8:0:3:8:11:2:13:0:10:16:3:11:6:4:11:9:12:4:12:16:4:6:5:16:10:9:13:12:7:2:14:5:10:12:11:12:1:16:8:1:3:3:11:4:17:8:14:1:17:7:15:11:16:15:15:11:6:15:16:9:9:15:5:15:17:13:0:17:15:5:11:6:1:10:16:8:12:1:7:17:3:7:7:6:17:10:7:6:7:17:10:15:6:8:16:4:8:8:12:13:4:18:16:9:14:12:17:16:9:15:15:15:13:1:17:9:18:12:2:12:13:9:17:12:18:5:16:17:17:17:10:1:9:15:15:18:4:3:12:14:8:2:8:15:12:17:10:14:11:15:10:3:14:18:12:15:14:18:18:4:5:12:19:17:19:14:16:7:15:5:3:9:10:12:5:9:2:13:8:15:7:2:8:2:19:16:19:11:11:19:15:14:12:9:18:2:19:9:19:17:19:19:18:18:14:5:4:14:13:18:7:18:16:13:11:16:3:14:8:17:19:11:18:12:4:22:3:18:20:10:10:20:20:19:1:8:22:0:18:9:15:19:16:2:15:10:14:17:13:14:13:10:17:4:2:14:1:3:16:7:22:19:12:14:5:15:7:22:19:5:9:24:17:22:20:13:22:13:17:8:20:16:20:12:22:13:24:9:2:10:24:22:24:3:22:19:11:15:15:19:6:5:9:2:19:8:20:16:10:14:16:17:17:2:15:14:1:17:2:20:12:11:22:0:5:16:8:22:20:21:13:24:0:16:24:10:3:8:24:24:9:22:7:10:16:19:18:6:21:24:21:11:12:20:11:12:17:9:16:21:11:17:11:10:25:3:18:5:2:5:25:25:25:22:6:4:1:16:24:21:21:21:23:25:25:6:24:25:13:18:25:14:13:22:19:25:21:16:0:8:11:7:11:20:22:25:23:25:23:23:3:16:10:19:23:5:18:21:24:0:26:19:27:22:0:18:20:22:26:23:16:16:27:10:10:20:12:26:16:27:25:23:26:27:19:18:23:14:14:26:15:27:21:19:19:14:27:14:21:19:27:22:22:14:24:0:3:16:10:14:10:25:10:23:26:25:27:16:19:14:11:23:23:17:20:12:16:25:18:20:26:17:16:21:13:15:26:27:21:9:25:14:27:17:23:26:26:21:11:4:20:3:25:1:18:23:18:7:24:24:20:11:27:20:14:9:23:26:20:19:19:26:19:0:27:24:8:22:23:15:20:25:5:20:10:18:23:26:15:6:15:27:24:24:12:14:9:18:27:26:15:6:12:18:26:23:18:13:24:18:26:0:8:11:27:5:22:27:21:26:2:16:20:17:12:7:25:21:31:25:30:14:27:28:28:28:27:26:10:28:29:29:8:31:20:22:27:31:26:11:28:30:26:2:26:28:23:29:23:29:22:31:31:18:20:29:19:16:31:26:24:30:3:29:31:25:29:11:21:29:4:29:11:10:22:29:30:11:31:28:17:31:30:31:20:30:29:26:29:30:29:21:31:20:31:30:2:0:28:15:7:31:31:24:25:30:21:27:25:8:25:29:29:29:27:26:28:21:21:26:21:24:33:32:32:33:33:32:33:32:32:29:28:22:32:33:33:32:14:21:25:26:28:8:20:32:33:13:32:18:32:33:0:31:23:3:10:19:5:6:28:30:32:19:29:32:31:28:14:32:20:33
32712,10,34,0,398,0:0:1:0:1:0:0:1:0:1:2:2:0:1:0:2:1:1:2:2:3:3:1:3:2:0:3:0:2:2:0:3:1:1:1:0:3:2:3:2:1:4:4:4:4:1:5:4:3:2:6:1:3:0:5:1:5:3:1:5:4:6:6:6:4:6:3:5:6:3:6:5:5:7:6:7:0:7:6:5:7:4:4:4:4:6:2:4:6:7:5:2:7:4:2:1:0:7:8:7:8:6:4:8:1:4:1:9:6:4:6:4:4:4:9:5:9:1:8:7:9:9:3:6:9:0:5:6:9:0:5:9:7:8:9:3:3:7:3:9:8:4:2:8:2:7:2:7:5:7:2:6:0:2:9:0:2:3:7:2:0:10:10:5:3:8:10:8:7:6:0:0:0:8:4:3:7:7:9:8:8:4:10:7:3:2:6:10:2:14:1:14:13:11:11:0:1:10:1:6:1:6:10:1:2:13:8:3:9:13:13:2:7:8:12:12:9:0:13:3:1:4:7:10:0:0:13:14:10:11:9:5:7:3:2:12:14:5:6:1:11:8:10:4:6:3:8:11:11:9:8:8:12:2:14:13:14:13:8:0:3:2:11:2:13:0:10:16:3:11:6:16:11:9:12:4:12:11:4:6:5:16:10:9:13:12:7:2:14:5:10:12:11:12:1:16:8:1:3:3:11:4:17:8:14:1:17:7:15:11:16:15:15:11:6:15:16:9:9:13:5:6:17:13:0:17:15:5:11:5:1:10:16:8:12:1:7:17:3:7:7:6:17:10:7:11:7:17:10:15:6:8:8:4:8:8:18:13:4:18:16:9:14:12:5:16:9:15:15:15:12:1:12:9:18:12:2:12:13:9:17:12:18:5:16:17:17:17:10:1:9:15:15:18:15:3:12:14:8:2:17:15:12:17:10:14:11:15:10:13:17:7:12:15:14:18:18:4:16:12:19:17:19:7:16:7:15:5:3:9:10:12:5:9:2:13:8:15:7:2:8:2:19:16:19:11:11:19:15:14:12:9:18:2:19:9:19:9:19:19:18:18:0:5:4:14:6:18:4:18:6:13:11:16:3:16:8:17:9:11:18:12:22:22:3:18:20:20:10:20:20:19:1:8:22:0:18:9:22:19:16:6:15:12:14:17:13:14:13:10:17:1:2:14:12:3:9:7:22:20:17:5:5:15:7:5:19:5:9:24:22:22:20:15:22:13:17:8:20:16:20:13:22:13:24:9:2:10:24:22:24:3:11:19:11:15:15:19:6:5:9:17:19:6:17:16:10:14:16:17:17:2:15:14:8:21:2:1:12:11:22:0:5:16:8:22:11:21:13:24:0:13:24:10:3:22:24:24:9:22:7:10:0:19:18:6:21:21:21:11:21:20:11:12:17:9:16:24:19:17:11:10:25:3:18:13:2:5:25:25:25:22:6:17:1:16:24:21:21:21:23:25:25:23:24:23:13:18:25:24:13:22:19:25:8:16:0:8:11:20:11:20:22:25:23:25:21:22:3:16:10:19:23:5:25:21:24:21:25:19:27:21:0:18:20:22:26:23:23:27:20:10:10:11:12:26:16:27:25:23:26:27:18:18:23:14:14:26:15:27:21:19:19:14:27:14:7:19:27:22:24:14:3:0:3:16:27:14:10:25:13:17:26:23:27:16:19:16:1:23:23:27:26:12:16:25:18:20:26:25:16:21:13:1:26:24:26:9:13:14:21:23:23:26:26:21:19:20:24:3:25:21:18:23:18:7:24:24:2:11:27:20:14:9:23:26:20:19:19:21:19:0:10:24:8:12:23:15:20:26:5:20:10:18:22:26:15:27:9:25:24:24:12:14:9:21:25:15:15:6:12:18:26:23:18:13:24:18:26:27:27:11:4:19:14:27:21:26:2:4:20:17:12:7:25:21:31:18:30:14:27:28:28:28:27:26:19:28:30:10:8:26:30:16:31:31:26:6:28:28:26:2:26:27:30:28:23:26:22:31:14:26:24:10:19:30:31:26:24:30:23:25:31:25:24:11:30:29:29:31:30:10:22:29:30:11:31:19:13:31:30:17:20:9:29:26:26:30:29:21:31:20:30:26:13:20:28:15:9:31:31:24:27:30:21:23:25:16:25:29:29:29:17:20:18:28:12:28:10:9:33:32:32:20:29:32:33:32:32:29:5:20:32:33:33:32:14:21:28:7:28:27:20:33:33:13:31:33:32:33:0:31:23:31:32:19:5:6:28:28:23:29:29:23:31:28:29:32:20:29
33751,10,34,0,397,0:0:1:0:1:0:0:1:0:1:2:2:0:1:0:2:1:1:2:2:3:3:1:3:2:0:3:0:2:2:0:3:1:1:1:0:3:2:3:2:1:4:4:4:4:1:5:4:3:2:6:1:3:0:5:1:5:3:1:5:4:6:6:6:6:6:3:5:6:3:6:5:5:7:6:7:0:7:6:5:7:4:4:7:4:6:2:5:6:7:5:2:7:4:2:4:0:7:8:7:8:6:8:8:1:4:1:9:6:4:5:4:4:4:9:5:9:1:8:7:9:9:3:6:9:0:5:6:9:6:5:9:7:8:9:3:6:7:3:9:8:4:2:8:2:7:2:7:5:7:2:6:0:2:9:0:2:3:7:2:0:10:10:5:3:8:10:7:7:6:0:0:0:8:4:3:4:7:9:8:8:4:1:3:3:2:6:10:2:14:1:14:13:14:11:0:1:10:1:6:1:6:13:1:11:4:8:3:12:13:10:2:7:8:12:12:4:0:13:8:1:4:10:10:0:0:13:14:8:11:9:5:7:3:2:12:14:5:6:1:13:11:14:4:6:3:3:11:10:9:8:8:12:2:14:13:14:13:10:0:3:2:11:0:13:0:10:16:3:11:6:16:11:9:12:4:12:4:4:13:5:16:10:9:13:16:7:2:14:5:10:12:4:12:1:16:8:1:14:3:11:4:17:8:14:1:15:7:1:11:16:15:15:11:6:15:16:9:9:15:5:6:17:13:15:17:15:8:11:6:13:10:16:17:12:1:7:17:3:7:11:6:17:17:7:11:5:17:10:15:17:8:7:6:11:8:18:13:11:18:16:9:14:12:5:16:9:15:6:15:12:1:12:9:18:12:0:12:13:9:17:12:18:5:16:4:17:4:10:15:14:15:15:18:15:3:18:13:10:2:17:15:12:17:10:14:4:6:18:3:0:7:12:8:1:18:18:4:5:11:19:17:19:7:16:7:15:5:3:8:10:7:5:3:2:13:8:7:7:17:8:2:19:16:19:11:11:19:15:14:12:9:16:2:19:9:19:9:3:12:19:5:17:5:4:14:6:18:7:14:6:13:11:16:3:14:8:17:9:11:18:12:22:22:3:18:20:19:17:20:20:19:1:8:22:19:18:20:22:19:5:6:6:12:14:9:13:14:20:10:22:1:15:19:12:3:16:7:22:19:20:14:5:24:7:5:19:5:9:24:17:22:24:13:24:24:16:12:20:16:20:13:12:13:24:9:2:22:17:22:20:18:11:19:11:9:17:19:22:5:9:2:19:6:4:16:10:5:16:17:24:2:14:20:24:17:24:24:12:11:13:0:5:24:8:4:20:21:13:24:0:7:24:10:3:22:24:24:9:22:19:10:21:22:18:6:13:21:24:14:10:20:11:12:17:18:24:17:11:17:11:10:25:8:18:13:2:5:20:10:23:22:6:17:1:25:24:21:25:21:23:25:18:22:24:25:21:18:25:4:20:17:19:25:18:19:23:8:11:20:11:16:22:25:21:16:21:22:3:24:10:20:3:14:18:19:24:13:15:5:21:12:0:0:25:22:14:23:16:27:20:21:27:11:12:12:16:27:24:15:26:27:18:18:23:9:15:23:7:16:1:19:21:20:12:14:7:17:11:27:24:19:3:0:23:27:19:26:20:27:13:4:22:23:21:16:19:8:1:23:13:27:26:12:16:23:26:23:27:25:16:21:13:1:26:27:26:9:22:14:23:23:23:26:26:21:27:20:20:3:25:21:18:23:18:5:25:20:25:11:27:20:26:9:0:26:19:27:20:15:19:17:13:24:8:22:23:15:20:26:5:15:25:18:22:26:17:6:15:25:24:24:12:14:24:16:25:15:15:6:22:27:23:23:18:9:24:14:19:14:26:11:4:27:14:27:25:26:21:21:20:17:12:7:25:22:22:28:25:14:31:28:27:31:27:22:19:26:28:10:8:26:23:16:9:10:26:11:28:21:25:28:18:21:2:2:22:26:23:5:31:10:12:18:28:16:31:26:4:31:18:25:18:21:14:11:31:30:4:25:29:28:0:29:23:29:27:28:31:28:30:27:8:31:31:26:29:29:28:21:15:20:30:12:2:29:21:20:29:28:9:29:25:13:0:28:26:8:4:30:18:30:27:31:31:28:23:30:15:31:31:31:33:26:29:29:22:15:31:30:25:32:29:33:32:30:33:32:4:32:22:28:15:33:28:23:29:23:13:33:19:7:33:3:32:19:19:32:21:31:29:28:33:20:30:13:23:1:32:15
36313,11,34,0,396,0:0:1:0:1:0:0:1:0:1:2:2:0:1:0:2:1:1:2:2:3:3:1:4:2:0:3:0:2:2:0:3:2:1:1:0:3:2:3:2:1:4:4:4:4:1:5:4:3:2:6:1:7:0:5:1:5:3:1:5:4:6:6:6:6:6:3:5:6:3:6:5:5:7:6:7:5:7:6:5:7:4:4:7:4:6:2:4:6:7:5:2:0:4:2:4:0:7:8:7:8:6:8:8:1:4:1:9:6:4:6:4:4:4:9:5:9:1:6:3:9:3:3:6:9:0:5:2:9:6:5:9:7:8:9:3:6:3:3:9:8:4:2:8:10:7:2:7:5:7:2:6:0:2:9:0:2:3:7:2:0:10:10:9:3:8:10:7:7:3:4:0:0:8:4:3:4:7:9:8:8:4:1:7:4:10:6:10:2:14:1:14:13:14:11:0:1:10:1:6:1:6:10:1:2:13:8:3:12:13:10:2:7:8:12:12:4:0:13:12:0:13:7:8:13:0:13:14:10:14:9:6:7:0:12:12:14:14:6:1:11:11:10:8:6:3:3:11:11:9:8:8:8:2:14:13:16:13:10:0:3:2:11:0:13:0:13:14:16:11:6:16:11:9:12:4:12:4:4:13:5:16:10:9:16:16:8:16:14:5:10:12:11:12:16:11:8:1:3:3:11:4:17:8:14:1:4:7:1:11:16:15:15:11:6:15:16:9:16:15:5:15:4:13:2:16:15:13:11:17:1:10:17:17:12:1:7:8:3:7:10:6:17:17:5:6:5:17:10:15:17:8:13:6:15:8:18:13:11:18:16:9:14:18:5:16:9:15:6:11:12:1:17:9:14:12:0:8:13:0:17:12:13:5:16:4:14:4:10:1:14:15:15:14:15:4:12:13:10:2:17:15:12:17:10:10:11:15:17:3:14:7:18:8:1:2:9:4:5:11:19:17:19:7:8:3:15:14:3:8:3:7:5:9:2:13:5:15:7:2:8:2:16:16:19:3:11:19:15:19:10:9:16:14:19:11:12:9:3:12:18:5:0:5:4:14:2:18:7:14:4:13:11:16:3:14:8:17:19:15:18:4:22:22:3:10:20:19:8:16:20:20:1:8:22:19:20:9:20:19:5:6:16:12:9:9:13:10:20:19:22:1:2:19:12:20:22:7:14:22:20:18:22:24:7:5:19:5:17:24:18:0:24:13:12:17:19:12:20:22:20:13:22:13:24:9:2:24:19:13:5:3:14:19:11:15:16:19:10:17:17:19:19:22:17:9:0:5:16:9:24:20:19:15:24:17:1:24:12:7:17:0:5:24:17:21:22:21:13:8:12:7:15:22:12:20:24:24:9:12:2:10:22:20:18:6:13:18:24:21:24:10:4:20:15:18:20:21:19:21:11:20:25:3:10:13:12:5:18:10:11:15:6:10:1:25:22:23:9:19:23:25:18:6:11:25:8:18:25:16:20:19:23:25:22:19:23:21:20:20:11:23:14:21:2:3:21:12:3:24:21:23:14:22:9:21:23:17:9:11:21:12:5:3:20:18:24:3:16:27:1:10:25:21:27:21:27:5:25:19:27:7:19:25:4:4:17:23:7:18:25:27:18:15:12:22:7:19:25:25:17:19:9:17:23:24:11:27:20:25:10:19:22:16:21:14:19:14:18:20:20:21:27:17:22:13:26:23:3:25:26:16:23:15:27:24:19:27:11:18:21:27:24:11:25:25:11:4:20:26:9:23:17:26:18:7:5:15:27:11:26:20:27:9:23:26:19:27:6:26:23:24:13:24:8:27:23:15:15:24:23:15:25:21:10:26:14:6:15:12:27:24:23:14:24:16:21:25:15:27:25:17:22:0:23:26:15:26:17:21:8:21:16:13:17:11:21:26:21:25:16:27:24:14:22:23:12:28:23:31:24:28:26:31:28:16:19:19:31:15:31:22:26:16:24:26:27:6:28:21:31:25:23:18:26:28:23:31:20:5:31:10:17:27:24:20:23:23:15:14:15:28:31:7:31:29:11:23:0:30:6:30:29:28:21:26:29:29:26:31:27:31:31:31:26:27:30:31:15:21:15:28:31:23:28:25:22:13:30:31:29:24:21:12:20:29:28:4:27:27:30:30:31:20:29:27:22:24:28:21:26:32:2:33:30:25:28:29:33:30:21:33:33:22:25:32:22:31:16:26:27:29:32:33:33:32:28:33:32:28:32:7:28:3:29:33:26:33:21:30:29:33:32:25:33:13:30:33:13:28
43455,13,34,0,395,0:0:1:0:1:0:0:1:0:1:2:2:0:1:0:2:1:1:2:2:3:3:1:4:2:0:3:0:2:2:0:3:1:1:1:0:3:2:3:2:1:4:4:4:4:1:5:4:3:2:5:1:3:0:5:1:5:3:1:5:4:6:6:6:6:6:3:5:6:7:6:5:5:7:6:7:5:7:6:5:7:4:4:7:2:6:2:4:6:7:5:2:3:4:2:4:0:3:8:7:8:6:8:8:1:4:1:9:6:4:6:4:4:4:9:5:9:1:6:7:9:3:3:6:9:9:5:2:9:6:5:9:7:6:4:3:6:7:2:9:5:4:2:8:10:7:2:7:5:7:10:6:0:3:9:0:2:3:7:2:9:10:10:5:3:8:10:7:7:3:1:0:0:8:4:3:4:7:9:8:7:4:1:7:9:3:6:10:2:14:1:14:13:14:11:0:1:11:1:6:2:0:10:1:6:13:8:8:9:13:12:2:7:8:12:12:9:0:13:12:1:4:7:8:13:0:10:14:10:14:11:3:0:0:13:12:14:14:11:1:11:5:10:13:6:3:3:5:11:9:10:8:8:2:16:13:13:13:8:0:3:2:11:0:13:0:10:14:3:11:6:10:11:16:16:4:12:0:4:13:5:14:10:9:13:16:14:2:10:8:10:16:12:12:1:14:8:3:3:12:11:13:7:8:14:1:4:7:11:15:16:4:15:11:8:4:16:9:9:16:5:14:4:13:2:16:12:13:11:10:1:10:16:14:8:1:7:12:3:7:7:6:16:10:7:6:5:11:0:10:8:8:12:6:15:14:18:13:12:16:13:9:10:12:14:18:2:14:6:7:0:7:17:17:8:12:0:12:16:9:18:12:9:5:17:4:16:4:10:15:16:11:15:15:13:3:15:11:15:9:13:0:16:18:3:14:12:10:10:11:14:6:14:17:11:11:8:11:15:11:19:17:18:7:8:7:17:14:15:9:3:15:5:9:2:12:5:15:7:10:8:12:19:12:10:14:18:19:11:14:10:19:16:2:19:9:18:18:18:0:19:5:19:19:4:17:5:10:6:0:4:19:12:19:11:2:9:19:14:15:19:4:22:22:20:5:20:18:11:20:15:20:1:8:15:19:19:20:22:19:5:6:15:15:9:12:17:17:3:17:20:18:10:22:15:15:22:20:13:22:19:1:5:22:7:5:13:11:12:24:19:22:24:13:24:20:24:12:18:16:20:20:16:13:24:24:2:6:20:13:24:20:14:19:22:11:20:10:22:18:17:16:19:14:24:14:0:5:14:18:14:24:11:9:13:21:24:1:21:11:14:22:5:24:16:22:11:21:21:8:12:7:15:22:21:22:24:24:9:12:14:9:22:19:18:15:17:21:22:14:16:11:4:18:18:9:24:8:18:17:3:14:15:8:10:14:1:23:24:3:20:15:14:12:23:12:23:25:15:21:23:23:17:6:0:20:16:11:25:23:15:20:12:21:25:15:22:21:6:7:11:21:24:8:2:21:23:18:3:8:24:15:7:17:23:21:25:16:23:11:21:17:11:0:27:27:23:4:13:24:23:27:23:23:27:21:25:18:25:17:18:7:22:25:4:24:25:0:15:16:21:27:18:15:18:12:17:27:25:22:23:12:18:17:23:24:19:21:15:21:24:4:4:10:18:12:18:8:1:27:13:9:19:17:26:22:26:23:25:5:22:9:23:27:16:24:8:19:24:25:19:19:23:5:27:26:23:25:12:20:11:27:27:16:22:7:9:24:26:27:25:24:26:24:25:19:19:23:20:26:16:25:9:22:17:21:26:9:22:21:26:20:21:15:4:21:26:22:25:20:19:17:9:26:9:25:19:19:1:6:27:5:23:22:22:17:25:20:21:1:16:6:25:26:19:26:3:26:2:14:17:26:24:7:26:2:26:28:8:23:16:25:28:8:26:28:28:21:28:28:18:31:31:24:24:1:11:6:16:24:15:27:23:25:18:28:28:27:26:31:20:31:17:20:31:31:31:20:20:20:28:26:13:28:23:28:20:30:27:27:23:29:30:28:30:8:25:24:12:29:29:29:14:18:30:17:15:26:28:31:25:24:30:30:28:31:31:13:12:25:29:17:31:11:25:28:26:3:27:1:26:17:29:20:29:20:19:31:25:9:33:32:23:17:19:32:30:28:29:31:3:14:26:30:31:28:28:27:29:7:21:32:29:32:21:13:33:33:33:28:32:26:32:33:18:6:26:6:17:8:28:31:29:17:31:28:32:29:25:30
43934,13,34,0,394,0:0:1:0:1:0:0:1:0:1:2:2:0:1:0:2:1:1:2:2:3:3:1:4:2:0:3:0:2:2:0:3:1:1:1:0:3:4:3:2:1:4:4:4:4:1:5:4:3:2:5:1:3:0:5:1:5:3:1:5:4:6:6:6:6:6:3:5:6:7:6:5:5:7:6:7:5:7:6:5:7:4:4:7:4:6:2:4:6:7:5:2:3:4:2:4:0:3:8:7:8:6:8:8:1:4:1:9:6:4:6:4:4:4:9:5:9:4:6:7:9:3:3:6:9:0:5:2:9:6:0:9:7:8:4:9:6:7:2:9:5:4:2:8:10:7:2:7:5:7:2:6:0:3:9:0:2:3:7:2:9:10:10:5:3:8:10:7:7:3:1:0:3:8:4:3:7:7:9:8:7:4:1:7:9:3:6:10:2:14:1:14:13:14:11:0:1:11:1:6:2:8:13:1:6:13:8:8:9:13:7:2:7:8:12:12:9:0:13:12:0:4:7:8:13:0:10:14:10:14:11:3:7:0:13:0:14:14:11:1:11:5:14:13:6:3:3:2:11:9:10:8:11:2:16:13:13:13:12:0:3:2:11:0:16:0:10:14:3:11:6:10:11:16:16:4:12:5:4:13:5:14:10:9:13:16:14:16:10:14:10:9:12:12:1:14:8:3:3:12:11:13:7:8:14:1:4:7:11:15:16:4:15:11:8:4:16:9:9:16:5:14:14:13:2:16:15:13:11:10:1:10:16:14:8:1:2:12:3:7:7:6:16:10:7:6:5:11:0:10:8:8:12:6:16:14:18:13:12:16:13:9:10:12:14:18:9:14:6:7:0:1:17:17:8:12:0:11:16:9:18:12:13:5:17:4:16:4:10:15:16:11:15:15:4:3:15:11:15:2:13:0:17:18:3:14:12:10:10:13:14:6:14:18:11:11:8:18:15:16:19:17:18:7:8:7:17:14:15:9:3:15:5:9:2:12:5:15:7:10:8:12:9:12:10:2:18:19:11:14:10:19:16:2:19:18:18:18:18:0:19:5:19:19:4:17:5:10:6:0:4:19:12:19:11:2:9:19:14:15:19:4:22:22:20:5:20:18:16:20:15:20:20:8:15:19:19:20:22:19:5:6:15:15:9:13:17:17:17:17:20:18:2:12:15:15:22:20:13:22:11:1:22:22:7:5:13:11:12:24:19:22:24:13:24:20:24:12:18:16:20:20:16:13:6:24:2:6:17:13:24:14:14:19:22:11:8:10:22:18:17:16:19:14:24:14:0:5:14:15:20:8:10:9:16:21:24:1:21:11:14:22:5:24:16:3:11:21:17:8:12:7:15:22:21:22:24:24:9:12:2:9:7:22:18:15:11:21:22:14:16:20:4:18:18:9:24:8:8:22:17:4:21:16:10:14:2:23:24:3:20:15:14:12:1:12:1:5:15:21:23:23:17:6:0:10:13:11:17:23:15:20:12:21:8:15:22:21:23:7:11:12:24:21:2:21:23:18:3:18:24:15:7:17:9:21:17:16:23:11:21:17:11:3:27:27:23:4:13:24:23:27:23:23:27:19:25:18:25:17:18:7:22:25:4:24:25:23:15:16:21:27:18:15:25:12:19:25:20:4:23:12:18:17:12:6:0:21:2:21:23:4:22:17:18:20:18:8:11:27:13:9:21:17:26:22:19:23:3:5:22:9:23:1:16:24:25:19:24:27:27:19:23:5:24:26:23:20:22:9:11:25:3:27:22:7:27:1:9:27:25:24:26:24:26:19:19:8:20:16:25:25:27:21:17:21:26:9:22:21:26:25:20:15:26:21:22:15:25:20:19:23:23:21:9:25:19:26:25:6:25:5:23:20:23:14:16:20:21:1:16:6:20:19:21:26:15:11:2:25:17:26:24:7:27:24:26:28:26:25:16:25:28:10:28:31:31:31:28:22:3:31:22:31:24:28:31:11:16:24:5:31:23:25:2:2:28:27:22:27:24:31:31:10:18:9:18:23:17:26:28:26:13:27:27:30:20:22:4:23:21:29:30:29:30:8:25:30:12:6:29:19:25:18:22:11:15:26:28:31:25:24:31:28:29:0:0:13:12:25:9:17:22:31:17:30:23:3:29:29:26:26:17:29:18:18:28:17:25:9:33:32:33:30:32:32:30:30:29:30:3:30:32:33:33:28:32:27:29:27:33:31:29:30:25:28:32:33:33:33:13:13:32:28:18:32:26:32:33:11:33:31:29:30:30:27:29:31:29:29
47188,14,34,0,393,0:0:1:0:1:0:0:1:0:1:2:2:0:1:0:2:1:1:2:2:3:3:1:4:2:0:3:0:2:2:0:3:2:1:1:0:3:4:3:2:1:4:4:4:4:1:5:4:3:2:5:1:3:0:5:1:5:3:1:5:4:6:6:6:6:6:3:5:6:7:6:5:5:7:6:7:5:7:6:5:7:4:4:7:2:6:2:4:6:2:3:2:3:4:2:1:0:7:8:7:8:3:8:8:1:4:1:9:6:4:6:4:3:4:9:5:9:8:6:7:9:9:3:6:9:9:5:9:9:4:5:9:7:6:4:9:3:7:2:9:4:4:2:8:10:3:2:7:5:7:10:6:0:3:9:0:2:3:7:2:9:2:10:5:3:8:10:7:7:8:0:0:3:8:4:2:10:7:9:8:7:7:4:3:3:3:6:10:2:11:1:14:11:14:13:0:1:11:1:0:1:6:13:8:6:13:8:8:9:7:7:2:7:2:12:12:9:13:13:12:1:4:7:8:13:0:13:14:8:14:8:3:0:0:4:0:12:14:11:1:11:5:14:10:14:3:8:5:11:9:16:8:11:2:16:14:13:13:8:7:3:2:11:0:16:0:10:14:13:11:6:12:11:16:16:10:12:5:4:6:5:14:2:7:13:13:14:2:16:14:10:9:11:3:14:10:8:6:3:12:11:13:7:8:14:1:4:7:11:15:16:4:15:11:8:4:16:9:10:16:5:15:4:10:2:16:15:13:11:14:1:16:16:14:12:1:2:12:3:7:11:6:16:10:5:6:15:0:0:10:8:8:14:6:16:0:18:13:17:16:13:9:8:17:14:18:9:14:6:5:0:7:17:17:12:7:0:11:13:12:1:15:12:5:17:8:17:4:14:10:16:11:12:18:4:3:15:11:6:9:6:0:16:18:3:5:9:16:4:13:8:10:18:18:11:2:9:11:1:16:6:17:12:7:12:17:15:14:15:9:3:15:5:9:2:12:18:15:16:15:18:12:19:12:10:14:10:19:16:19:12:17:18:2:11:9:19:17:18:0:14:5:19:19:3:8:5:10:6:16:4:17:19:19:3:2:15:4:9:15:19:4:22:22:20:5:20:20:8:6:17:22:18:8:13:17:19:20:22:6:22:2:22:12:9:17:15:19:17:17:22:4:2:22:15:12:11:3:8:17:9:12:0:22:15:5:19:11:17:24:17:0:20:13:24:24:24:20:20:16:19:10:16:13:24:9:11:6:20:17:15:14:24:16:8:11:15:10:18:4:17:20:19:14:12:19:0:20:14:15:12:2:16:9:8:18:1:1:19:11:14:22:5:24:20:22:15:16:11:7:17:20:18:12:3:22:24:24:24:24:19:9:22:22:18:4:11:11:13:14:16:19:19:13:18:9:18:8:18:22:3:7:21:16:10:14:1:24:21:3:20:15:14:4:17:19:20:5:15:23:18:23:17:6:8:10:24:11:24:21:14:20:22:18:21:15:23:17:15:7:13:14:22:13:16:12:21:18:21:13:20:15:19:24:23:6:23:17:20:11:27:15:15:0:12:24:23:27:17:27:21:18:21:23:14:19:25:11:25:25:27:21:22:1:25:4:25:0:24:16:3:27:18:15:18:23:14:25:20:23:24:13:24:15:12:17:0:25:3:7:24:10:5:20:27:18:27:19:14:23:22:11:21:17:21:22:10:23:25:5:22:20:21:25:25:19:11:25:14:24:5:16:5:21:19:26:25:26:22:20:11:27:24:26:23:26:9:1:25:26:25:22:27:21:27:23:19:8:27:26:24:0:9:24:8:23:23:9:22:21:20:21:25:23:26:21:26:22:26:22:25:12:14:26:27:25:27:25:27:25:25:23:24:27:23:9:8:23:19:1:27:27:21:17:19:26:15:27:2:22:25:26:10:10:4:2:17:21:8:23:16:12:20:10:27:31:3:28:18:15:31:17:31:23:22:1:28:11:8:20:10:28:31:13:25:31:8:28:31:6:24:23:24:5:26:9:25:21:22:19:20:26:19:28:23:22:29:28:21:24:23:28:31:28:30:2:29:31:30:31:22:5:30:30:29:25:19:10:26:18:25:18:28:27:2:26:27:18:29:17:31:31:30:13:20:26:23:4:28:17:19:28:28:20:16:28:29:17:30:30:32:32:32:29:14:32:15:32:19:28:31:10:29:29:31:32:29:21:21:27:30:29:19:32:22:26:23:33:26:22:8:7:12:29:30:33:31:31:23:11:20:18:30:31:31:32:18:25:0:32
49606,15,34,0,392,0:0:1:0:1:0:0:1:0:1:2:2:0:1:0:2:1:1:2:2:3:3:1:4:2:0:3:0:2:2:0:3:2:3:1:0:3:4:3:2:1:4:4:4:4:1:5:4:3:2:6:1:3:0:5:1:5:3:1:5:4:6:6:6:6:6:3:5:3:7:6:5:5:7:6:7:5:7:6:5:7:4:4:7:2:6:2:4:6:7:3:2:3:4:2:1:0:7:8:7:8:6:8:8:1:4:1:9:6:4:5:4:4:4:9:6:9:1:8:7:9:2:3:6:9:0:5:9:9:4:0:9:7:8:4:3:6:7:8:9:4:4:2:8:10:7:2:7:5:7:10:6:0:3:9:0:2:3:7:10:9:2:10:5:3:8:5:7:7:8:4:0:3:8:5:8:10:7:9:8:7:7:1:3:10:3:6:10:2:5:1:14:11:13:13:0:1:11:1:6:1:6:8:1:6:13:8:8:14:13:7:2:7:2:12:12:9:0:13:12:1:4:7:8:13:0:13:14:8:14:8:3:1:0:4:0:13:14:5:12:11:5:14:4:14:3:3:2:10:9:16:8:11:2:16:14:13:13:8:7:3:2:11:0:16:2:10:14:13:11:6:12:11:16:5:10:12:0:4:6:5:14:2:9:13:13:13:2:16:14:10:9:11:12:1:10:8:3:12:12:11:13:7:10:14:1:4:7:1:15:16:4:15:11:8:4:16:9:10:4:5:7:4:10:16:13:12:13:11:10:1:16:11:14:12:1:2:12:8:15:14:14:16:3:0:6:12:0:0:10:11:15:14:6:10:12:18:13:17:16:13:1:10:17:14:13:9:14:6:5:0:6:17:11:12:7:0:11:13:12:1:12:9:8:17:16:6:18:14:3:16:16:3:18:4:6:15:12:16:2:6:0:16:5:3:5:9:16:4:13:14:10:14:2:1:15:14:8:12:16:6:18:12:7:12:7:17:5:14:9:3:13:15:9:4:12:18:18:16:2:18:2:19:12:17:14:6:19:19:14:12:15:7:2:11:9:19:6:18:19:10:19:0:19:15:8:5:10:6:13:15:17:19:19:9:2:18:4:9:15:19:4:22:22:20:6:20:20:8:6:16:20:1:8:20:2:19:20:17:19:22:6:14:12:5:9:15:17:22:7:19:1:16:16:13:12:11:18:8:20:9:12:19:22:12:18:24:11:9:24:17:0:15:13:24:24:24:20:22:18:11:13:16:13:8:11:11:14:11:17:24:14:24:16:22:8:15:10:14:4:0:16:19:8:20:24:15:14:13:0:20:7:16:22:1:18:2:24:19:1:14:19:24:24:20:24:22:18:22:7:17:15:22:12:11:12:24:20:9:22:12:9:22:22:6:20:11:18:7:14:16:15:19:12:13:9:22:8:8:22:17:7:21:16:10:24:10:23:21:3:20:23:22:19:22:4:7:24:15:18:18:19:17:20:0:21:24:17:21:20:18:20:12:21:22:15:0:21:6:22:13:9:14:3:10:18:22:12:18:13:9:15:5:24:23:14:23:24:21:11:19:8:15:3:21:24:23:17:17:27:23:18:21:23:14:27:13:11:25:17:23:25:17:10:25:25:25:7:20:23:8:11:24:15:27:25:7:21:20:17:25:27:25:15:11:6:17:25:21:7:6:27:27:20:22:22:23:11:12:23:22:9:19:17:5:22:27:19:24:18:17:27:16:25:15:10:24:27:23:20:5:21:21:21:25:10:21:17:22:20:9:1:3:24:23:0:15:11:25:21:25:13:27:23:23:18:22:25:23:23:15:0:27:25:8:18:19:9:16:21:27:26:19:23:27:21:25:25:26:26:27:15:14:21:9:10:20:25:23:7:14:21:17:17:27:5:23:24:15:1:16:19:21:19:21:26:18:27:27:13:26:18:26:7:10:18:17:31:28:10:16:31:28:19:25:21:21:26:31:28:31:27:27:13:24:18:3:11:28:28:18:25:26:26:25:23:28:17:21:26:20:14:20:5:21:31:28:15:19:19:26:10:31:19:28:29:30:22:26:25:26:29:0:29:11:31:31:29:25:31:30:30:30:28:5:11:29:31:25:30:11:30:29:28:2:31:11:28:14:7:29:2:26:29:28:25:20:30:15:30:5:10:29:30:28:24:19:16:27:14:30:30:32:33:18:31:27:30:30:33:28:32:26:32:25:26:23:30:32:25:32:23:33:32:33:24:31:32:33:32:29:7:27:30:25:14:33:26:20:10:32:33:31:29:27:30:29:28:25:32
49983,15,34,0,391,0:0:1:0:1:0:0:1:0:1:2:2:0:1:0:2:1:1:2:2:3:3:1:4:2:0:3:0:2:2:0:3:2:1:1:0:3:4:3:2:1:4:4:4:4:1:5:4:3:2:6:1:3:0:5:1:5:3:1:5:4:6:6:6:6:6:3:5:6:7:6:5:5:7:6:7:5:7:6:5:7:4:4:7:2:6:2:4:6:7:3:2:3:4:2:1:0:7:8:7:8:6:8:8:1:4:1:9:6:4:5:4:4:4:9:6:9:3:8:7:9:2:3:6:9:0:5:4:9:4:0:9:7:8:4:3:6:7:8:9:4:4:2:8:10:7:2:7:5:7:10:6:0:3:9:0:2:5:7:2:9:2:10:5:3:8:5:7:7:8:0:0:3:8:5:8:10:3:9:5:5:7:1:3:3:3:6:10:2:5:1:14:11:13:13:0:1:11:1:6:1:6:8:1:6:13:8:8:14:13:7:4:7:2:12:12:9:9:13:12:1:4:7:8:13:0:13:14:8:14:9:6:1:0:4:0:13:14:5:12:5:5:14:4:12:3:3:2:10:9:16:8:11:2:16:14:13:13:8:7:3:2:11:0:16:2:10:14:13:11:6:12:11:16:16:10:12:0:4:6:5:14:2:9:13:13:13:12:16:5:10:9:11:12:1:10:8:1:12:12:11:13:7:10:14:1:4:7:11:15:16:4:15:11:8:4:15:9:10:16:5:7:4:10:16:13:12:13:11:10:1:16:11:14:12:1:2:12:8:15:14:14:16:3:0:6:12:0:0:10:11:15:14:6:10:8:18:13:17:16:13:1:10:17:14:13:9:14:6:5:0:6:17:11:12:7:18:11:13:12:1:12:12:8:1:6:6:18:14:3:16:16:3:18:4:6:15:18:4:9:6:0:17:5:3:5:9:16:4:13:14:10:14:2:15:16:14:8:5:16:6:18:12:7:12:17:17:5:8:9:3:13:15:9:4:12:18:18:16:10:18:2:9:12:11:14:6:19:19:14:17:19:7:2:11:9:19:2:3:19:10:19:0:19:15:8:5:10:6:13:16:16:19:19:9:2:18:4:9:15:19:4:22:16:20:6:20:20:8:6:16:20:1:8:20:2:18:20:17:19:22:6:14:12:9:9:15:20:22:7:19:1:2:16:13:20:11:18:8:22:9:12:19:22:12:18:24:11:17:24:17:22:15:13:24:24:24:20:22:12:11:13:16:13:8:11:11:14:11:17:15:14:24:16:22:8:15:10:5:4:0:20:11:8:12:24:0:14:13:15:12:11:16:22:16:18:2:24:19:1:14:19:24:24:20:24:22:18:22:7:17:15:22:12:11:22:24:20:9:22:2:9:22:22:6:20:11:18:19:16:16:15:19:12:13:17:22:8:19:22:4:7:21:16:10:24:1:24:21:3:20:15:14:19:22:4:7:24:15:18:18:19:17:20:0:21:24:16:22:20:18:20:12:9:22:15:0:21:6:22:17:9:14:3:10:18:19:18:18:13:9:15:9:21:9:14:10:19:21:11:19:8:15:3:12:24:23:17:17:27:23:18:21:23:14:27:13:11:25:17:23:25:17:23:27:25:25:7:20:23:8:11:11:15:27:25:7:12:20:17:25:27:25:15:12:6:17:25:21:7:6:27:27:23:22:20:20:11:25:20:27:9:19:17:5:22:27:19:24:4:17:20:16:25:15:10:23:25:23:25:5:21:23:21:25:10:21:23:22:20:9:1:25:24:27:0:15:11:25:21:25:13:27:23:27:18:22:25:23:10:15:27:25:25:20:18:19:9:16:21:20:26:19:23:27:26:25:25:26:26:8:24:14:21:18:23:20:25:26:7:14:21:22:26:23:5:24:24:15:22:26:26:21:27:21:17:13:27:25:24:22:21:26:0:10:18:25:31:28:10:16:31:28:19:26:21:21:26:18:15:31:5:26:13:24:26:3:11:28:28:31:25:26:13:26:27:24:17:27:31:24:27:20:5:9:31:25:15:28:20:27:10:31:31:23:29:30:22:4:15:27:21:0:29:29:31:31:29:25:30:29:28:22:28:5:15:29:31:25:30:11:30:29:28:0:31:11:21:29:17:9:19:26:17:21:25:30:29:15:30:29:27:26:31:22:31:19:28:27:16:18:30:32:33:18:31:26:30:29:33:28:21:33:1:32:26:30:23:30:33:15:23:33:32:32:24:31:32:33:0:28:7:21:22:26:33:28:32:19:28:29:28:31:29:29:32:31:29:25:25
61152,18,34,0,390,0:0:1:0:1:0:0:1:0:1:2:2:1:1:0:2:1:1:2:2:3:3:0:4:2:0:3:0:2:2:0:3:2:1:1:0:3:4:3:2:1:4:4:4:4:1:5:1:3:2:5:1:3:0:5:1:5:3:1:5:4:6:6:6:6:6:3:5:3:7:6:5:5:7:6:7:7:0:6:5:7:4:4:7:2:5:2:4:6:2:3:5:3:4:2:1:6:7:8:7:0:6:8:8:0:4:1:9:6:4:6:8:4:8:9:5:9:1:6:8:9:2:7:6:9:9:0:9:9:6:0:9:7:8:4:9:6:7:3:9:1:4:2:8:10:10:2:7:5:6:9:1:8:3:9:0:2:5:7:2:10:2:10:5:3:8:10:8:1:3:4:0:6:7:4:2:10:3:9:2:7:4:1:6:3:6:6:10:2:7:1:14:13:14:13:5:1:11:11:6:10:0:13:1:6:13:14:4:9:14:11:2:11:2:12:12:9:11:13:12:1:4:10:8:0:0:13:13:8:14:8:3:10:0:6:12:14:8:11:12:4:5:14:13:6:3:4:5:10:9:16:8:11:2:11:14:10:13:8:8:3:2:11:0:12:2:10:14:13:12:6:10:5:16:5:4:12:0:4:6:5:14:16:9:13:13:13:2:14:14:13:5:11:12:1:7:8:1:0:3:11:13:0:4:14:1:4:7:1:15:16:15:15:15:15:4:15:9:9:16:5:7:14:10:2:13:16:13:11:6:9:10:11:13:12:1:2:12:3:7:11:16:6:10:0:1:10:0:0:0:10:14:14:5:10:15:18:13:17:10:17:1:10:17:7:13:13:11:5:7:0:7:11:9:14:14:18:2:4:9:18:10:0:15:11:6:6:17:3:16:16:11:12:16:16:3:12:12:4:16:6:0:15:17:3:18:4:16:5:5:8:5:18:2:18:2:17:11:15:16:15:18:15:17:12:7:16:14:8:9:10:12:15:19:0:12:18:18:19:2:18:2:19:13:10:11:18:19:16:14:8:19:9:10:11:9:17:2:17:12:13:5:18:19:4:8:3:17:6:18:16:19:18:6:19:2:19:4:19:19:19:4:17:16:7:5:20:22:20:20:15:22:17:20:22:2:15:9:22:19:20:22:12:9:22:22:19:19:12:11:2:22:14:16:15:2:16:6:8:20:19:0:12:16:12:18:24:18:24:18:20:22:20:16:9:7:20:20:11:22:19:24:12:14:8:19:11:6:18:8:15:13:14:15:8:16:10:13:6:18:24:11:15:7:20:14:10:22:17:13:17:12:22:14:15:18:20:16:19:10:14:19:5:24:12:3:3:7:13:17:0:15:17:12:15:12:18:20:9:22:14:10:11:22:14:4:11:18:24:17:11:20:19:22:13:10:15:8:20:24:0:4:12:24:19:17:15:24:22:3:22:24:21:8:8:21:7:24:24:18:16:19:1:6:6:5:22:13:22:24:22:20:12:9:20:15:3:18:21:13:17:20:14:3:4:20:14:1:21:0:20:12:8:16:9:20:24:11:27:27:22:23:25:12:19:27:24:8:11:25:21:22:23:16:27:12:25:23:21:21:23:5:21:14:4:25:25:12:7:18:21:20:25:10:15:17:17:20:18:10:27:14:3:20:24:15:27:17:22:24:6:4:5:24:27:0:25:14:21:19:14:24:27:17:17:22:23:17:23:21:7:23:27:25:20:21:14:23:22:20:5:27:5:23:25:20:16:21:8:19:3:1:25:18:23:7:11:25:9:27:25:22:23:11:25:23:6:25:17:10:19:0:23:22:25:17:24:21:13:23:15:16:12:5:26:27:8:26:27:24:26:21:27:10:18:25:23:7:15:10:26:5:21:23:21:23:23:23:10:1:12:12:20:24:20:24:26:16:26:24:24:2:19:10:24:27:12:25:24:8:27:9:10:13:20:28:18:19:27:23:28:28:26:27:21:24:21:27:14:25:27:28:19:15:22:6:24:27:20:28:26:8:23:28:17:15:27:0:26:26:19:14:10:25:23:31:26:28:31:23:4:29:26:31:28:31:29:30:31:29:21:23:28:26:28:25:31:29:29:29:11:28:31:12:2:30:19:4:30:7:30:30:26:28:0:31:23:22:23:21:19:23:29:30:30:18:19:26:9:20:33:27:27:30:30:32:33:32:33:28:26:33:29:29:32:32:22:29:29:7:25:32:3:32:31:32:30:25:31:25:24:25:18:29:30:6:31:31:27:33:33:15:32:31:33:20:24:31:10:32
61861,19,34,0,389,0:0:1:0:1:0:0:1:0:1:2:2:1:1:0:2:1:1:2:2:3:3:0:4:2:0:3:0:2:2:0:3:2:1:1:0:3:4:3:2:1:4:4:4:4:1:5:4:3:2:6:1:3:0:5:1:5:3:1:5:4:6:6:6:6:6:3:5:3:7:6:5:5:7:6:7:7:0:6:5:7:4:4:7:2:5:2:4:6:2:3:5:3:4:2:1:6:3:8:7:0:6:8:8:1:4:1:9:6:4:6:8:4:8:9:5:9:1:6:7:9:2:7:6:9:9:0:9:9:4:0:9:7:8:4:9:6:7:3:9:1:4:2:8:10:10:2:7:5:6:9:1:8:3:9:0:2:3:7:2:10:2:10:5:3:8:10:8:1:8:1:0:6:7:4:2:10:3:6:2:7:4:1:7:3:6:6:10:2:7:1:14:13:14:13:5:1:11:11:12:10:6:13:1:6:13:14:4:9:14:11:2:11:2:12:12:9:11:13:12:1:4:2:8:0:0:13:13:8:14:8:3:10:0:4:12:14:8:6:12:4:5:14:13:6:3:4:7:10:9:16:8:11:2:11:14:10:13:8:8:3:2:16:0:12:2:10:14:13:12:6:10:5:16:5:4:12:0:4:6:5:14:16:9:13:13:13:2:14:14:13:9:11:12:9:7:8:1:3:3:11:13:0:4:14:1:4:7:5:15:16:15:15:15:15:4:15:9:9:16:16:6:14:10:2:13:16:13:11:6:9:10:8:13:12:1:2:12:3:7:11:16:13:10:11:1:10:0:0:0:10:16:14:3:10:15:18:13:17:10:17:9:10:17:7:13:13:11:5:7:0:1:11:9:14:14:18:2:13:9:11:10:0:15:11:6:2:17:3:16:14:11:12:16:16:3:12:12:4:9:6:0:4:17:3:11:4:16:5:5:8:5:18:16:11:3:17:11:15:16:15:18:15:17:12:11:16:14:8:9:10:12:15:6:4:12:18:18:19:6:18:2:7:13:10:11:18:19:16:14:5:12:9:10:11:9:12:2:17:12:15:5:7:7:4:8:6:17:6:10:5:7:18:14:19:14:19:4:19:19:19:4:17:20:7:5:20:20:20:20:15:5:17:20:8:20:17:9:3:19:0:22:12:9:22:22:19:19:12:15:19:1:14:16:15:1:19:6:8:15:4:15:12:16:12:18:24:18:7:18:20:22:17:16:9:7:15:20:11:22:18:12:10:13:8:19:11:6:18:12:15:13:24:15:8:16:8:13:8:16:24:19:24:14:20:11:10:22:13:13:17:2:22:16:15:18:2:16:19:10:14:19:15:24:12:3:3:7:13:17:0:11:24:13:15:4:18:20:9:22:14:10:11:22:14:4:11:18:7:17:11:7:19:22:5:10:22:18:17:24:0:4:12:24:19:17:15:24:20:3:22:24:21:8:8:21:7:24:17:5:19:19:21:6:18:5:22:11:22:14:22:9:17:9:20:15:3:18:22:13:17:18:14:3:4:20:14:21:21:0:21:24:8:16:9:3:16:11:27:27:22:24:25:12:19:27:24:17:11:25:10:22:16:16:27:12:25:23:25:21:27:5:21:14:4:21:25:12:7:3:1:20:25:10:15:17:17:5:17:23:18:24:6:20:19:0:27:20:22:24:21:10:27:25:27:0:25:11:21:24:21:24:27:22:17:23:23:24:23:16:7:23:27:1:20:21:23:9:22:14:5:27:5:23:25:20:25:21:8:19:3:1:25:23:23:18:11:25:9:20:25:17:23:11:25:23:22:25:4:10:21:25:8:22:24:17:24:21:13:23:15:25:12:5:17:27:8:26:27:11:27:26:27:10:0:15:23:16:16:6:26:5:3:19:11:23:27:24:20:1:12:12:27:23:20:16:17:16:20:26:24:3:19:9:21:22:12:25:27:8:18:28:26:17:28:23:18:19:28:23:28:15:4:27:22:24:26:21:21:25:27:28:19:21:15:6:26:16:26:28:21:8:20:23:17:26:18:0:13:12:19:21:10:25:23:31:29:28:31:23:4:31:24:26:27:31:25:24:15:28:21:23:28:9:7:12:31:28:21:29:11:28:31:12:29:31:29:29:31:31:31:2:25:13:22:25:20:22:28:2:5:28:16:29:21:18:31:29:29:20:29:27:33:29:30:30:33:33:33:29:32:14:28:29:32:33:32:29:26:27:25:32:28:24:32:32:31:25:32:30:32:11:33:12:33:31:26:25:27:33:33:30:28:31:26:29:24:33:10:5
62229,19,34,0,388,0:0:1:0:1:0:0:1:0:1:2:2:1:1:0:2:1:1:2:2:3:3:1:4:2:0:3:0:2:2:0:3:2:1:1:0:3:4:3:2:1:4:4:4:4:1:5:1:3:2:6:1:3:0:5:1:5:3:1:5:4:6:6:6:6:6:3:5:3:7:6:5:5:7:6:7:7:0:6:5:7:4:4:7:2:5:1:4:6:2:3:5:3:4:2:1:6:3:8:7:0:6:8:8:1:4:1:9:6:4:6:8:4:8:9:5:9:1:6:7:9:2:7:6:9:9:0:9:9:4:0:9:7:8:4:9:6:7:3:9:1:4:2:8:10:10:2:7:5:6:9:1:8:3:9:10:2:5:7:2:9:2:10:5:3:8:10:4:7:8:7:0:6:7:4:2:10:3:6:8:7:4:1:6:3:6:6:10:2:7:1:14:13:14:13:5:1:11:11:12:10:0:13:1:6:13:14:4:9:14:11:2:10:2:12:12:9:11:13:12:1:4:2:8:0:0:13:14:8:14:11:3:10:0:13:12:14:8:11:12:9:7:14:13:6:3:4:7:10:9:16:6:11:2:11:14:10:13:8:8:3:2:16:0:12:2:10:14:13:12:6:10:5:16:5:6:12:0:4:5:5:14:16:9:13:13:13:2:14:14:9:9:11:12:9:7:8:1:3:3:11:13:0:4:14:1:4:7:1:15:16:4:15:15:15:4:15:9:9:16:5:6:14:10:2:13:16:13:11:6:9:10:8:13:12:1:2:12:3:7:11:16:13:10:11:1:7:0:0:0:11:16:14:8:10:15:18:13:17:10:17:9:10:17:7:13:13:11:5:7:0:16:11:9:14:14:18:2:13:9:1:10:0:15:11:6:2:17:3:16:14:11:12:16:16:3:12:12:4:9:6:0:4:17:3:14:4:16:5:5:8:5:18:16:1:16:9:11:15:16:15:15:15:17:12:7:5:14:8:9:10:12:15:6:2:12:18:18:19:9:18:2:7:13:10:11:18:19:12:14:10:12:9:10:11:9:12:2:17:19:15:5:18:7:4:8:6:17:6:10:5:7:18:14:19:14:18:4:19:19:19:4:17:20:7:5:20:11:20:20:15:5:17:20:8:20:17:9:10:8:0:22:12:9:22:22:19:19:22:15:2:17:14:16:15:2:19:6:8:15:19:15:12:16:12:18:14:18:7:18:20:22:17:20:9:7:15:12:11:18:18:12:19:13:8:22:2:6:18:12:5:13:14:15:8:16:8:3:6:18:17:19:15:14:20:14:10:22:13:13:17:2:22:14:22:18:20:16:19:10:14:19:15:24:12:3:3:7:13:17:0:11:24:13:15:12:18:20:9:22:14:10:11:22:14:4:11:18:7:17:11:7:19:22:13:10:22:18:17:24:0:4:22:24:19:17:15:24:20:3:22:24:21:8:10:21:7:24:17:20:20:19:21:6:18:5:22:11:22:14:22:24:17:9:20:15:3:20:22:13:17:18:16:3:4:20:14:1:21:0:21:15:8:16:9:3:20:11:27:27:22:24:25:12:19:27:18:17:11:25:20:22:25:19:27:12:25:23:15:21:27:5:21:14:4:21:25:12:7:3:8:20:25:4:15:17:17:5:17:19:24:14:25:20:19:0:18:16:22:13:6:19:27:25:27:0:25:14:24:24:14:13:27:15:17:23:23:24:23:16:7:23:27:25:20:20:23:9:22:14:5:27:5:23:16:20:25:21:8:19:24:1:25:23:23:7:15:25:9:27:25:17:23:16:25:23:22:25:24:20:21:0:23:22:8:17:26:21:13:23:26:21:12:5:17:27:8:26:26:11:21:21:27:21:0:25:23:16:16:27:12:5:23:23:15:23:0:24:20:4:25:21:27:26:14:16:17:16:25:26:24:3:19:10:26:22:12:27:27:8:20:28:26:17:22:23:18:19:22:23:22:13:4:27:22:24:25:10:21:25:28:26:19:21:15:28:7:27:26:23:21:23:10:28:16:26:24:0:20:24:19:28:28:10:23:17:29:28:31:23:19:31:29:26:24:31:31:24:12:28:21:9:28:22:29:28:28:28:21:22:11:28:26:12:2:31:29:29:9:26:31:2:29:13:29:25:20:22:27:2:29:18:16:3:16:28:17:29:23:20:33:30:33:30:28:28:33:24:33:29:32:32:30:30:32:11:30:32:33:27:25:23:28:33:26:19:31:32:30:26:26:25:30:3:30:31:29:30:27:30:33:32:28:32:29:30:11:30:26:5
62689,19,34,0,387,0:0:1:0:1:0:0:1:0:1:2:2:1:1:0:2:1:1:2:2:3:3:0:1:2:0:3:0:2:2:0:3:2:1:1:0:3:4:3:2:1:4:4:4:4:1:5:4:3:2:6:1:3:0:5:1:5:3:1:5:4:6:6:6:6:6:3:5:3:7:6:5:5:7:6:7:5:0:6:5:7:4:4:4:2:5:2:4:6:2:3:5:3:4:6:1:6:3:8:7:0:6:8:8:1:4:1:9:6:4:6:8:4:8:9:5:9:1:6:8:9:2:3:6:9:9:0:9:9:4:0:9:7:8:4:9:6:7:3:9:1:4:2:8:10:10:2:7:5:6:9:1:8:3:9:10:2:3:7:2:9:2:10:5:3:8:10:4:7:3:0:0:6:7:4:2:4:3:6:8:7:4:4:7:3:6:6:10:2:7:1:14:13:14:13:5:1:11:11:12:10:6:13:1:6:13:14:4:9:14:11:2:11:2:12:12:9:11:13:12:1:4:2:8:0:0:13:13:8:14:8:6:10:0:13:12:14:8:11:12:9:5:14:13:6:3:4:7:10:9:16:6:11:2:11:14:10:13:8:8:3:2:16:0:12:2:16:14:13:12:6:10:5:16:5:6:12:0:4:5:5:13:16:9:13:13:13:2:14:14:9:9:11:11:9:7:8:1:0:3:11:13:0:4:14:1:4:7:1:15:16:4:3:15:15:4:15:9:9:7:5:7:14:10:2:13:16:13:11:6:1:10:8:13:12:1:2:12:3:7:11:16:13:10:11:1:10:0:0:0:10:5:14:8:10:15:18:13:17:10:17:9:10:17:7:18:13:14:5:7:18:7:10:9:14:14:18:2:16:9:11:10:0:17:11:6:6:10:3:16:14:11:12:16:16:3:12:12:4:9:6:0:18:17:3:18:4:16:5:18:7:5:18:16:1:2:9:11:15:16:15:15:15:17:12:7:5:14:8:9:10:12:5:19:2:12:18:18:19:19:16:2:7:13:10:11:18:19:12:14:10:12:6:10:11:9:12:2:17:12:14:19:18:7:4:8:6:17:6:0:5:7:18:14:19:3:18:16:9:19:19:4:17:20:7:5:20:11:20:20:15:5:17:20:8:2:17:16:10:8:20:22:12:9:22:22:19:13:3:15:2:17:14:17:16:2:19:6:8:15:19:16:12:16:12:18:14:18:7:18:20:22:17:20:9:7:15:12:11:18:18:12:19:13:8:22:11:11:18:12:5:14:14:15:8:16:8:13:8:18:0:19:15:14:20:14:10:22:13:15:5:22:22:14:1:18:20:24:19:10:14:19:16:24:12:3:3:7:13:17:0:11:24:13:15:12:24:20:9:12:14:10:19:22:14:4:11:18:7:17:24:7:19:22:13:10:22:18:17:24:0:4:12:24:19:17:15:24:20:3:15:6:21:8:8:21:7:24:17:20:20:19:1:6:18:5:22:13:22:14:22:15:17:7:20:15:3:20:22:13:13:20:16:3:4:20:18:12:21:0:21:15:8:16:9:3:20:11:27:27:22:24:25:3:19:27:24:17:25:25:27:22:25:19:27:12:25:11:15:20:27:5:21:14:4:21:25:12:7:3:1:11:25:4:25:17:24:5:17:19:18:14:25:20:27:0:18:16:22:24:6:4:27:24:27:0:15:14:27:24:14:13:27:15:21:23:23:17:23:16:7:23:27:1:20:20:23:9:22:14:5:27:5:23:16:20:18:18:8:19:24:25:20:18:23:10:11:25:9:27:25:22:18:16:25:10:22:25:24:18:21:21:8:22:8:17:26:21:13:23:26:21:20:25:17:17:8:26:26:11:20:27:27:21:0:24:7:16:26:27:12:26:21:25:15:27:0:19:20:1:27:21:27:26:14:8:17:16:25:26:24:3:19:9:21:17:21:28:26:8:20:28:26:28:22:23:18:14:11:8:22:28:4:27:22:26:25:26:21:25:27:26:0:21:15:21:12:27:26:6:21:19:20:23:21:9:24:0:15:21:28:28:10:10:21:17:29:28:31:23:25:31:26:26:24:28:31:24:12:31:21:23:26:31:29:31:26:28:28:22:31:28:31:31:2:27:25:29:9:25:19:29:29:13:22:2:26:22:31:2:24:25:29:31:21:19:17:27:23:29:31:30:30:29:30:26:33:30:29:29:32:33:28:30:26:33:23:32:33:30:31:33:3:33:24:33:30:31:30:30:11:30:11:29:17:23:29:29:32:31:31:33:33:29:11:30:33:25:20:7
64775,20,34,0,386,0:0:1:0:1:0:0:1:0:1:2:2:1:1:0:2:1:1:2:2:3:3:0:4:2:0:3:0:2:2:0:3:2:1:1:0:3:4:3:2:1:4:4:4:4:1:5:4:3:2:6:1:3:0:5:1:5:3:1:5:4:6:6:6:6:6:3:5:3:7:4:5:5:7:6:7:5:0:6:5:2:4:4:7:2:5:1:4:6:2:3:5:3:4:6:1:6:7:8:7:0:6:8:8:1:4:1:9:6:4:6:8:4:8:9:5:9:1:6:8:9:2:7:6:9:9:0:9:9:6:0:9:7:8:4:9:6:2:3:9:1:4:2:8:10:10:2:7:5:7:9:1:8:3:9:10:2:3:7:2:10:2:10:5:3:8:10:4:5:3:4:0:6:7:4:2:4:3:6:2:7:4:1:6:3:6:6:10:2:7:1:14:13:14:13:5:1:11:8:12:10:0:13:1:6:13:14:8:9:14:11:2:11:2:12:12:9:14:13:12:1:4:2:10:0:11:13:13:11:14:8:3:10:0:4:12:14:8:5:12:4:5:14:13:13:3:4:11:10:9:16:6:11:2:16:14:10:13:8:8:3:11:16:0:12:2:16:14:13:12:6:10:5:16:5:4:12:0:4:16:5:13:16:9:13:13:13:2:14:14:9:9:11:12:1:7:8:1:3:3:11:13:0:4:8:1:4:7:1:15:16:4:3:15:15:4:15:15:9:7:5:7:14:10:2:5:16:13:11:6:9:10:5:13:12:1:2:15:3:7:7:16:13:10:0:1:10:0:0:0:10:5:14:8:10:15:18:13:17:10:17:1:10:17:15:13:13:14:5:7:0:7:10:9:14:14:18:2:16:9:1:10:0:17:11:6:17:10:3:15:9:11:11:17:16:3:10:7:4:9:6:0:18:17:3:14:4:11:14:18:8:7:15:16:13:2:17:6:16:16:15:15:16:17:12:7:5:14:8:9:18:14:5:9:2:12:18:7:19:9:16:2:7:11:10:14:18:19:12:14:10:12:5:10:11:9:17:2:17:19:14:5:18:7:19:8:6:17:6:18:16:7:18:14:19:17:18:18:11:19:19:4:17:20:7:5:20:16:20:16:15:16:17:15:8:2:17:9:10:11:16:6:12:9:9:15:19:13:3:15:2:17:14:12:16:1:19:6:20:10:4:14:0:16:11:18:14:18:7:18:20:22:17:20:16:22:15:15:11:15:18:22:12:13:8:20:4:11:18:8:5:13:14:15:17:16:18:3:6:20:0:8:15:14:20:14:15:22:16:15:14:2:12:13:1:18:20:16:19:10:14:16:12:24:12:3:20:7:13:17:0:11:24:13:11:16:18:14:9:12:14:10:11:22:17:4:20:20:22:17:24:15:19:20:10:10:24:18:17:24:0:7:19:24:19:17:15:24:22:3:22:24:21:21:8:21:7:24:15:7:20:19:1:6:15:18:22:8:22:14:21:9:9:9:17:7:3:20:22:13:21:21:16:3:4:20:19:15:18:0:21:12:8:18:9:3:8:22:22:27:19:24:5:3:24:27:24:8:21:27:20:25:24:19:12:11:11:5:15:16:27:27:21:14:4:9:21:12:15:3:25:11:25:4:18:17:24:18:18:10:27:24:6:20:16:0:25:16:22:21:6:4:27:24:25:0:21:17:1:24:14:13:23:23:23:23:23:17:23:16:23:21:23:11:20:10:23:9:27:14:27:27:23:27:16:21:16:21:8:13:24:22:20:18:25:25:21:24:9:27:27:27:23:16:19:10:6:24:19:3:21:0:21:22:8:17:26:15:25:23:21:21:12:25:17:26:26:26:26:26:24:21:27:21:0:24:15:18:16:26:12:5:22:19:23:27:19:18:11:1:26:12:20:21:22:26:19:23:20:25:24:26:19:0:26:20:28:26:8:26:20:25:25:26:21:23:18:14:25:24:15:13:19:20:22:8:26:26:22:24:22:26:5:28:27:24:12:23:26:23:28:28:10:10:17:26:27:0:28:27:28:14:23:25:21:23:25:28:29:31:4:31:28:12:23:28:25:29:15:31:19:31:11:28:20:28:31:31:31:28:29:29:26:25:25:29:25:29:28:31:8:2:27:31:28:2:27:19:26:21:5:28:31:25:29:19:12:26:11:20:33:31:29:33:33:15:33:32:27:29:28:14:15:25:33:30:32:30:32:30:22:32:29:33:33:22:30:11:30:15:28:29:26:31:17:30:30:26:30:24:11:19:25:29:28:28:31:24:23:33
69245,21,33,0,385,0:0:1:0:1:0:0:1:0:1:2:2:1:1:0:2:1:1:2:2:3:3:0:4:2:0:3:0:2:2:0:3:2:1:1:0:3:4:3:2:1:4:4:7:4:1:5:1:3:2:6:1:3:0:5:1:5:3:1:5:4:6:6:6:6:6:3:5:3:7:4:5:5:7:6:7:5:0:7:5:2:4:4:7:2:5:1:4:6:2:3:5:3:4:2:1:6:7:8:7:0:6:8:8:1:4:1:8:6:4:6:8:4:4:9:5:9:1:6:8:9:2:7:6:9:9:4:9:9:4:8:8:7:8:4:3:6:2:3:9:1:4:6:8:10:10:2:7:5:6:9:1:8:3:9:10:2:3:7:2:9:2:10:5:8:10:9:4:5:8:1:0:0:8:4:2:4:3:9:2:7:4:1:7:2:6:6:10:2:7:1:14:13:14:13:5:1:11:10:6:1:6:8:1:6:13:14:4:3:14:7:2:11:2:12:12:9:11:13:12:1:13:2:10:7:11:13:13:11:14:9:3:10:3:4:12:8:8:8:12:4:8:11:9:6:3:11:7:10:9:12:10:11:2:14:13:10:13:8:0:3:2:16:0:12:12:16:14:13:12:6:10:8:16:5:6:12:0:4:16:5:13:16:9:13:13:14:2:14:14:13:12:11:9:9:7:8:1:0:3:11:13:0:8:14:1:4:7:1:15:16:4:3:15:15:4:15:15:9:4:16:16:14:10:2:5:16:16:11:16:9:10:5:15:12:1:2:4:3:7:13:16:16:10:16:5:7:12:0:0:2:8:14:8:0:15:18:15:10:10:13:1:10:17:15:13:13:14:5:11:9:7:15:15:14:14:17:2:16:9:6:3:12:17:11:17:6:9:3:16:15:11:10:17:17:3:10:11:4:9:6:17:18:9:3:14:18:17:14:18:8:5:11:11:13:2:15:11:17:18:15:15:16:11:12:7:5:12:14:16:18:7:5:9:4:12:18:7:19:6:16:2:7:12:10:14:18:19:6:14:12:12:6:10:11:9:17:2:17:13:12:5:15:7:18:14:5:17:6:0:6:7:18:14:19:3:18:6:15:14:19:9:17:20:7:19:20:16:8:16:16:16:1:17:8:12:15:9:10:19:19:6:6:9:15:12:19:13:20:15:2:1:14:11:16:2:19:19:14:10:19:19:0:17:12:18:14:18:20:0:17:22:17:20:12:22:15:15:20:18:11:17:18:14:0:11:0:6:22:12:20:11:14:15:17:22:0:3:22:4:0:16:15:14:18:7:10:22:14:17:20:2:11:14:18:18:1:12:19:5:5:16:5:20:14:3:3:7:13:17:0:24:17:18:18:4:20:14:9:22:20:9:13:9:6:4:13:20:22:24:20:7:19:12:6:16:19:18:8:22:17:4:12:24:11:17:10:24:21:24:21:24:21:21:8:22:7:20:24:7:17:19:12:8:8:10:20:8:22:21:10:15:12:7:17:9:3:20:21:19:13:20:17:5:4:21:24:12:18:24:13:21:7:5:9:3:24:11:22:27:25:22:11:20:21:20:27:10:11:22:25:16:25:25:14:12:21:19:17:14:8:27:12:18:21:10:22:11:2:3:1:8:20:7:15:20:22:3:25:10:27:14:6:0:8:15:13:25:17:27:24:11:27:21:20:21:9:11:13:19:13:13:19:23:21:12:23:19:21:25:23:20:24:11:27:4:23:23:25:21:5:25:27:24:25:24:22:25:23:19:23:1:24:18:16:7:21:24:9:27:19:21:21:27:25:19:25:15:24:13:18:10:23:22:23:25:26:18:13:27:25:6:24:25:7:25:22:21:26:26:21:15:9:21:21:15:15:18:25:6:25:5:25:26:21:24:19:24:8:1:23:25:26:23:24:17:16:20:25:13:21:3:24:7:12:20:11:18:24:28:28:9:1:25:28:26:23:19:26:27:26:28:19:0:28:28:28:26:12:17:26:25:28:28:18:27:23:28:9:23:20:26:22:5:17:7:27:13:22:19:26:16:10:4:28:5:24:23:28:28:29:29:31:6:31:31:22:21:23:28:29:29:31:24:27:28:31:28:27:31:10:25:31:26:8:26:19:26:31:17:29:2:26:28:27:26:23:26:28:2:24:27:26:31:19:20:23:31:29:20:33:33:33:20:32:33:26:32:32:32:22:7:2:33:33:23:19:4:12:27:21:29:20:32:33:23:10:31:31:33:31:14:29:3:33:12:13:22:33:17:15:33:32:23:17:27:23:31:33:27
77553,23,33,0,384,0:0:1:0:1:0:0:1:0:1:2:2:1:1:0:2:1:1:2:2:3:3:0:3:2:0:3:0:2:2:0:3:2:1:1:0:3:4:3:2:1:4:4:4:4:1:5:1:3:7:5:1:3:2:5:1:5:3:1:5:4:6:6:6:4:6:3:5:3:7:4:5:5:7:6:7:5:7:7:5:7:4:4:7:5:5:1:4:6:2:3:5:0:4:2:6:7:7:8:7:0:6:8:2:1:4:1:8:6:4:6:8:4:4:9:5:9:1:6:8:9:9:3:6:9:9:4:0:9:4:1:8:7:8:4:3:6:3:3:9:8:4:6:7:10:10:2:2:8:6:9:10:7:3:9:10:9:5:7:2:9:8:10:5:2:10:2:4:1:3:1:0:0:8:4:2:4:10:9:2:7:1:9:7:2:4:6:10:11:7:1:7:13:14:13:5:13:8:1:0:1:6:8:1:6:14:12:4:9:14:11:14:13:2:11:11:0:9:13:11:0:4:2:8:0:11:13:8:11:14:9:5:5:3:4:12:8:8:8:1:12:7:11:4:2:3:4:10:10:9:16:12:11:12:0:10:10:13:11:0:3:2:9:0:12:14:16:14:2:12:5:11:5:16:16:6:13:0:4:11:8:14:16:9:13:10:12:2:14:14:13:9:11:13:0:12:8:12:14:3:13:12:0:4:14:1:13:7:8:14:16:4:7:15:15:9:15:9:9:4:16:16:3:10:2:5:6:8:10:6:7:10:15:13:1:1:2:12:3:10:8:16:16:10:15:8:5:13:0:15:10:16:12:6:13:12:18:15:10:13:5:9:10:17:15:13:13:11:8:11:18:6:11:15:14:14:17:6:16:13:6:11:12:17:11:6:2:9:11:18:5:11:10:17:16:3:10:18:16:17:6:0:4:17:11:18:12:16:14:3:15:5:18:14:15:16:17:6:17:18:15:15:16:7:15:7:5:12:14:16:18:14:5:9:4:3:18:13:19:6:15:12:3:19:10:12:18:7:6:14:12:13:6:10:0:2:14:19:3:12:14:11:0:5:6:7:6:17:12:0:6:4:15:14:9:3:18:16:9:14:11:9:1:20:7:19:20:13:8:6:14:16:1:17:15:19:17:16:20:11:16:6:19:19:9:15:2:13:20:7:2:1:16:13:13:18:19:18:20:19:4:10:19:16:17:18:22:22:9:10:0:17:17:9:16:22:15:8:18:19:18:3:18:14:19:8:12:19:15:12:20:11:14:15:17:13:8:18:8:0:9:2:17:18:18:20:11:11:7:5:16:5:8:2:20:18:1:16:18:15:5:8:5:19:5:3:20:18:18:17:0:0:22:18:3:4:16:14:19:22:19:9:13:14:14:0:20:20:20:11:12:15:20:20:6:8:18:19:14:16:11:7:12:3:11:17:10:24:21:22:10:24:22:17:1:22:24:11:22:18:17:19:20:6:10:0:20:19:7:21:10:24:14:21:17:20:0:15:12:24:17:21:17:12:4:16:17:2:21:17:22:24:7:15:24:20:24:13:22:27:27:24:11:3:21:20:19:27:0:25:1:7:24:8:24:21:25:21:25:22:20:20:16:2:4:20:22:14:24:25:1:22:20:15:25:27:25:24:27:27:10:24:25:0:8:15:24:16:17:22:6:9:21:11:21:16:16:19:24:2:14:27:27:23:23:12:23:5:25:16:21:20:13:1:24:20:23:24:18:19:23:0:8:21:24:12:13:27:11:3:23:25:27:18:27:27:16:24:8:27:25:12:22:18:22:10:11:8:17:21:15:17:25:23:25:17:16:26:6:21:26:6:21:25:3:26:26:21:26:12:26:20:9:8:21:21:26:19:17:21:19:7:26:25:25:25:19:24:27:9:26:26:19:20:24:17:18:26:8:15:27:19:3:15:4:26:28:14:22:19:26:25:25:16:22:14:28:18:28:21:3:27:2:0:14:26:21:26:14:20:5:28:27:26:28:2:26:23:12:23:24:11:24:23:27:9:28:24:28:26:22:22:20:18:23:5:21:29:29:28:27:29:26:29:31:1:27:24:28:29:2:23:9:9:28:28:22:27:29:22:11:23:28:26:29:31:11:13:28:31:27:20:23:17:15:31:25:25:25:29:31:28:29:21:31:19:19:26:21:14:20:21:24:32:33:29:32:31:31:32:24:31:29:33:22:29:33:20:31:19:22:28:31:23:32:31:32:33:28:32:13:28:33:3:29:23:33:33:0:17:18:31:13:32:33:23:31:31:24:23
79293,24,33,0,383,0:0:1:0:1:0:0:1:0:1:2:2:1:1:0:2:1:1:2:2:3:3:0:4:2:0:3:0:2:2:0:3:2:1:1:0:3:4:3:2:1:4:4:7:4:1:5:1:3:7:5:1:3:0:5:1:5:3:1:5:4:6:6:6:6:6:3:5:3:7:4:5:5:7:6:7:5:7:7:5:7:4:4:7:7:5:1:4:6:2:3:5:0:4:2:1:6:7:8:7:0:6:8:2:1:4:1:8:6:4:6:8:4:4:9:5:9:1:6:8:9:9:3:6:9:9:4:0:9:4:1:8:7:8:4:3:6:3:3:9:8:4:2:7:10:10:2:2:5:6:9:10:7:3:9:10:9:5:7:2:9:8:10:5:2:10:2:4:1:3:1:0:0:8:4:2:4:10:9:2:7:7:1:7:2:4:6:10:8:7:1:7:13:14:13:5:13:8:1:0:1:6:0:1:6:14:12:4:9:14:11:2:13:2:11:11:0:9:13:11:0:4:8:12:0:11:14:8:11:14:5:5:0:3:4:12:8:8:8:12:4:5:14:4:2:3:4:10:10:9:16:12:11:8:0:10:0:13:11:0:3:2:9:0:12:14:16:14:2:12:5:11:5:16:16:6:13:0:4:11:8:14:16:11:13:10:13:2:14:14:13:9:11:12:0:12:8:12:14:3:13:15:0:4:14:1:16:7:12:16:16:4:7:15:15:4:15:9:8:4:16:6:3:10:2:5:6:8:10:16:7:10:10:13:1:1:2:12:3:10:8:16:16:10:7:5:5:13:0:15:10:16:12:13:13:12:18:15:10:13:5:9:10:17:15:13:13:11:8:11:14:6:10:15:14:14:17:6:16:13:6:18:7:17:11:6:2:9:11:18:5:11:10:17:16:3:10:18:4:17:6:0:4:13:14:18:12:16:14:3:10:5:8:14:13:16:17:6:17:18:15:15:16:17:15:7:5:12:19:19:18:14:5:1:14:3:19:13:19:6:7:12:3:19:10:12:18:7:19:14:12:13:6:10:0:9:14:8:3:12:19:16:0:15:6:7:6:16:6:16:6:11:11:16:9:5:18:16:9:12:8:9:1:20:7:19:19:13:8:6:14:16:1:17:15:8:17:17:10:11:16:6:19:19:9:15:2:13:17:7:2:17:16:19:13:12:20:8:20:10:9:10:12:12:17:18:22:22:9:0:17:17:17:9:16:22:15:15:18:22:18:3:18:14:20:8:7:19:8:12:20:11:14:15:4:15:22:3:5:0:0:2:8:7:7:20:11:15:12:5:11:7:19:2:18:18:22:16:18:15:5:22:5:19:5:3:3:18:18:17:0:0:22:2:3:4:16:14:9:19:22:7:13:9:22:4:16:15:20:11:12:15:20:20:6:8:20:19:14:19:11:13:8:19:11:17:10:24:20:24:10:24:21:17:20:9:24:20:22:18:17:19:20:6:8:0:20:19:13:21:10:24:14:18:17:7:17:22:12:2:17:20:16:18:4:21:12:20:20:12:17:24:11:15:0:20:19:0:22:27:25:24:11:2:2:20:21:10:15:25:1:20:21:20:14:21:25:21:21:22:21:11:12:2:4:20:25:14:24:25:1:22:20:15:27:27:24:24:24:27:11:8:25:27:8:15:16:16:22:13:6:14:21:24:20:25:10:12:11:24:22:27:15:27:27:12:20:5:25:16:20:25:13:1:24:20:22:21:18:16:17:0:22:13:20:25:13:17:9:24:25:25:27:18:27:27:16:13:22:14:3:22:21:27:22:10:11:27:17:15:27:19:10:27:24:11:26:26:6:21:21:6:14:25:27:26:23:21:26:12:7:23:14:17:25:21:25:21:16:26:22:17:27:26:15:25:19:24:8:25:26:23:19:23:16:11:27:27:8:21:1:25:9:26:27:26:28:14:22:9:15:19:13:16:28:23:16:18:28:21:3:15:26:0:14:28:26:14:28:23:23:28:15:23:24:2:7:14:12:20:27:27:25:16:28:9:28:27:25:24:26:28:7:20:24:19:20:23:22:23:21:21:24:26:24:23:31:29:23:31:26:18:9:23:31:31:22:19:27:18:11:18:31:29:31:27:2:13:23:19:14:29:26:31:31:29:25:4:7:21:25:31:31:28:23:29:29:22:31:29:33:21:33:29:33:32:29:28:21:29:23:32:28:33:32:28:27:28:24:31:23:32:24:33:29:32:22:29:31:33:32:31:9:25:32:31:28:26:0:32:15:3:17:9:26:11:27:32:29:27
82931,25,33,0,382,0:0:1:0:1:0:0:1:0:1:2:2:1:1:0:2:1:1:2:2:3:3:0:4:4:0:3:0:2:2:0:3:2:1:1:0:3:2:3:2:1:4:4:4:4:1:5:1:3:7:5:2:3:0:5:1:5:3:1:5:4:6:6:6:6:6:3:5:3:7:4:5:5:7:6:7:5:7:7:5:7:4:4:7:7:5:1:4:6:2:3:5:0:4:2:1:6:7:8:7:0:6:6:2:1:4:1:8:6:4:6:0:4:4:9:5:9:1:6:8:9:9:3:6:9:9:4:9:9:4:1:8:7:8:4:3:6:3:2:3:8:4:6:7:10:10:2:2:5:6:9:6:7:3:9:10:9:5:7:2:9:2:10:5:8:10:9:4:1:3:1:0:0:8:4:2:4:10:9:2:7:4:1:7:3:4:2:10:8:7:1:7:13:14:13:5:13:8:1:13:1:6:0:1:6:11:8:4:9:14:11:2:13:2:11:11:0:9:13:11:0:4:8:8:0:12:13:14:11:14:9:6:1:13:4:12:10:8:8:1:4:5:11:4:2:3:11:12:10:9:14:12:11:8:16:14:12:13:11:0:16:2:9:0:16:14:16:14:2:12:5:11:5:14:16:6:13:0:9:11:0:13:16:11:13:10:13:2:14:14:13:11:11:3:5:7:8:3:3:3:13:13:0:4:14:1:13:7:11:16:16:4:7:15:15:4:15:9:8:4:13:6:3:10:2:5:12:8:10:16:7:10:12:13:1:1:1:15:3:7:8:10:16:10:14:5:9:13:0:15:4:7:14:6:0:10:18:15:10:13:5:8:10:17:14:13:13:11:8:11:14:6:10:15:11:16:18:18:16:17:14:11:12:17:11:6:12:9:0:18:5:11:10:17:16:3:17:13:4:2:11:0:15:8:3:18:18:17:16:3:10:5:13:14:13:18:17:18:17:18:15:15:16:17:15:12:5:12:15:19:18:14:5:9:4:11:19:13:19:6:10:12:3:19:12:12:18:7:8:10:12:10:16:10:12:9:17:8:3:12:19:16:10:17:6:10:6:2:6:12:6:11:15:16:13:5:18:8:15:14:8:9:1:16:7:19:19:19:16:6:14:16:1:17:15:8:9:9:19:11:18:6:14:19:9:15:12:13:3:7:2:1:16:13:13:1:18:7:6:19:4:0:12:12:7:20:22:18:9:22:17:20:14:20:22:22:15:15:7:22:19:17:18:19:6:20:7:19:8:20:13:19:22:15:0:15:8:18:6:20:0:18:6:7:7:14:11:15:3:9:19:5:15:17:18:22:7:16:19:15:5:22:5:18:5:3:3:22:18:17:0:20:22:2:19:4:16:11:9:19:7:7:13:20:14:4:16:18:20:12:12:7:17:17:13:19:20:8:14:22:0:9:8:3:22:17:10:22:21:5:21:7:21:19:1:9:24:20:17:7:18:19:21:12:10:0:20:14:19:15:19:22:12:13:17:21:0:9:12:13:17:11:16:3:12:24:17:2:21:21:7:21:11:21:21:12:19:14:27:21:21:27:12:2:27:20:21:21:0:20:25:18:25:24:20:21:25:27:15:10:25:27:12:2:4:20:24:14:2:5:8:19:14:24:24:24:25:24:25:27:11:8:24:0:22:15:10:15:0:8:21:21:12:25:9:16:25:22:11:2:27:27:19:15:18:27:24:5:21:25:20:27:20:24:24:11:27:15:16:25:17:17:8:27:21:25:19:25:9:3:27:12:20:21:27:10:15:27:8:14:14:2:25:25:25:12:11:2:17:16:16:12:10:27:23:22:16:9:6:27:26:6:14:12:26:24:10:23:26:24:7:23:23:17:17:25:26:25:17:27:16:7:23:15:25:13:23:24:25:1:23:21:23:26:19:23:2:20:17:18:1:26:21:15:4:20:28:20:23:22:26:28:23:28:26:28:28:10:24:13:3:27:24:20:23:23:26:21:20:20:5:28:22:20:18:19:11:20:28:27:21:23:24:28:17:9:21:23:17:28:26:4:24:21:28:5:24:29:10:25:31:29:23:31:18:29:29:31:24:29:31:25:31:27:20:11:28:22:21:29:23:28:26:25:29:28:2:13:29:7:28:26:1:31:3:27:23:29:8:26:24:11:14:25:31:27:10:26:24:14:26:32:33:32:33:33:31:33:22:33:22:25:2:29:32:15:33:32:28:29:26:29:31:28:32:31:32:33:33:26:29:26:25:3:32:33:0:13:28:23:15:28:13:25:25:27:28:23:31:18
87691,26,33,0,381,0:0:1:0:1:0:0:1:0:1:2:2:1:1:0:2:1:1:2:2:3:3:0:3:2:0:3:0:2:2:0:3:2:1:1:0:3:2:3:2:1:4:4:4:4:1:5:1:3:7:5:1:3:0:5:1:5:3:1:5:4:6:6:6:6:6:3:5:3:7:4:5:5:7:6:7:5:0:7:5:2:4:4:4:7:5:1:3:6:2:3:5:0:4:2:1:6:7:8:7:0:6:8:4:1:4:1:9:6:4:6:8:4:4:9:5:9:1:6:8:9:2:3:6:9:9:5:0:7:4:1:9:7:8:4:3:3:2:2:5:8:4:6:7:10:5:2:2:5:6:9:2:7:3:9:10:9:4:7:2:9:2:10:5:7:10:2:4:1:3:1:0:0:8:4:2:4:7:6:8:7:1:10:7:2:9:6:10:8:5:1:14:13:14:13:5:13:8:1:6:1:6:10:1:6:11:8:12:3:14:11:2:13:9:11:11:12:9:13:11:0:4:8:8:13:12:13:14:11:14:5:5:5:13:4:13:10:8:6:1:12:12:12:12:6:3:10:12:10:9:14:12:11:2:0:14:12:13:11:0:3:2:9:0:16:14:16:14:14:3:5:12:5:14:16:4:12:0:13:12:8:14:12:11:10:10:13:2:14:14:16:11:11:3:12:7:8:3:3:3:13:13:0:4:14:1:4:7:12:16:16:4:7:15:8:4:15:9:8:4:11:6:4:16:2:13:12:8:10:16:7:10:8:7:1:1:1:12:15:10:8:6:16:10:15:11:9:13:0:15:10:7:14:13:0:10:18:15:10:13:17:9:10:17:14:17:13:11:8:5:11:12:10:15:13:12:18:11:16:17:6:12:7:17:11:6:2:9:18:18:9:18:10:17:16:3:18:16:4:9:6:0:16:17:3:14:4:17:16:11:9:5:13:13:13:2:9:18:16:18:15:16:17:17:19:12:5:18:14:11:18:13:5:9:14:3:18:7:19:6:16:12:19:19:12:12:18:19:18:14:12:10:11:14:5:9:17:8:17:17:16:16:10:5:18:10:5:2:6:13:6:11:5:16:13:15:9:8:9:18:8:17:1:12:7:19:19:19:8:6:10:19:1:17:15:8:17:9:19:11:18:6:6:9:19:14:16:13:3:12:2:1:18:14:13:12:18:19:6:9:4:18:16:17:7:8:11:16:13:0:17:18:14:18:16:22:15:22:7:22:11:17:18:7:6:8:5:6:8:12:17:11:18:15:4:15:17:18:22:0:0:15:8:7:7:22:0:19:14:9:3:8:15:18:15:22:1:16:19:15:20:8:5:22:5:3:20:7:22:17:19:0:14:18:11:4:16:8:9:19:7:9:10:20:6:4:17:15:22:20:19:6:19:17:13:19:19:8:14:16:0:20:21:3:22:22:15:24:20:3:24:24:20:21:1:15:24:21:17:18:24:24:21:12:8:0:12:14:21:15:14:5:14:9:8:7:24:9:10:2:15:21:16:8:4:20:7:24:21:2:17:21:22:15:0:3:19:20:20:24:19:27:22:16:25:24:21:21:12:24:1:27:20:20:21:7:25:27:24:16:24:20:12:22:24:9:10:27:2:3:27:21:22:16:15:10:25:24:10:22:25:25:20:0:22:15:16:18:0:7:15:9:21:22:9:18:25:24:14:25:27:9:21:27:15:25:24:5:21:25:13:12:24:24:17:12:16:10:19:25:15:0:8:21:21:25:22:19:11:3:12:12:22:3:18:14:15:25:9:21:25:16:4:22:15:21:11:24:19:20:15:24:16:23:23:23:19:9:25:27:19:19:20:15:4:21:26:26:26:22:21:20:27:27:21:25:20:7:24:23:23:7:21:20:18:15:0:19:25:19:14:21:21:24:1:13:26:13:20:25:8:24:23:22:20:7:18:28:21:28:15:27:24:28:20:28:18:25:28:21:23:27:26:27:19:26:27:20:20:19:12:28:22:27:23:28:7:28:23:27:26:28:24:16:21:9:23:21:23:26:20:28:28:25:19:23:24:29:31:25:4:31:29:6:27:2:31:29:23:28:10:12:29:9:31:24:26:28:26:27:22:28:31:17:29:26:19:5:14:17:28:29:31:27:31:28:27:23:29:25:29:27:31:31:26:26:23:29:20:27:32:32:23:29:32:13:23:33:32:29:32:33:25:29:33:31:33:19:4:33:29:31:32:23:32:32:26:22:29:29:26:15:23:33:17:12:26:10:25:31:23:31:31:10:19:11:28:26:1:8
91708,27,33,0,380,0:0:1:0:1:0:0:1:0:1:2:2:1:1:0:2:1:1:2:2:3:3:0:4:2:0:3:0:2:2:0:3:2:1:1:0:3:4:3:2:2:4:4:4:4:1:5:4:3:7:5:1:3:0:7:1:5:3:1:5:4:6:6:6:6:6:3:5:3:7:4:5:5:7:7:7:5:0:7:5:2:4:3:4:7:5:1:2:6:2:3:5:3:4:7:6:6:7:8:7:0:6:8:4:1:7:1:8:6:4:6:8:4:4:9:5:9:1:6:8:9:3:3:6:9:9:5:3:7:4:1:9:7:8:3:3:6:2:2:3:8:4:6:7:10:5:2:2:5:6:9:2:0:3:9:10:9:0:7:2:9:2:10:5:8:10:2:4:5:3:4:0:0:7:7:2:4:10:6:8:7:7:1:7:2:4:6:10:8:5:1:14:13:14:13:5:13:8:1:0:1:6:12:1:6:11:8:12:14:14:11:4:11:9:11:11:12:9:13:11:0:4:9:8:0:12:14:8:11:14:5:5:0:9:4:13:2:8:6:9:12:12:12:4:6:3:3:12:10:9:14:12:12:8:0:14:12:13:11:0:3:2:11:0:5:14:16:14:2:3:5:12:5:14:10:6:9:0:4:16:8:13:16:9:10:10:13:2:14:16:16:11:11:3:2:7:8:3:3:3:13:13:0:4:14:1:13:11:12:16:16:4:10:15:15:4:15:9:8:4:13:6:4:16:15:13:12:8:1:6:0:10:12:7:1:1:1:12:3:10:4:6:13:10:15:11:16:13:0:15:10:7:7:13:0:15:18:15:10:13:17:9:10:17:14:17:13:11:8:11:11:12:11:9:15:12:17:11:16:17:6:12:7:17:11:13:2:14:15:18:14:18:18:17:14:3:18:13:4:18:6:0:13:13:3:18:4:16:14:2:10:15:13:14:11:16:11:18:16:18:15:15:15:17:2:12:5:18:14:16:18:13:5:1:8:3:18:7:18:6:15:12:9:16:12:12:18:19:18:14:12:10:6:10:5:9:17:16:3:17:14:15:10:5:6:11:5:2:6:0:16:16:15:18:13:2:9:6:9:7:8:17:1:12:7:16:19:19:8:18:10:15:1:17:15:9:17:9:12:16:18:6:6:9:19:19:7:13:19:12:12:1:18:14:13:17:18:7:6:9:4:11:16:17:17:10:15:18:9:0:22:18:14:18:16:22:7:22:7:15:11:17:18:14:2:8:19:18:8:16:17:10:18:15:22:18:10:14:5:0:0:2:8:22:7:19:0:22:16:9:11:11:19:17:15:22:1:13:18:15:20:8:5:18:5:3:9:18:5:20:11:13:9:18:13:18:16:22:9:11:7:19:10:19:6:0:17:20:13:20:19:7:19:15:6:22:19:22:14:16:20:8:20:19:22:5:10:21:22:3:10:24:20:20:1:4:19:16:17:15:24:24:20:12:24:0:21:22:24:21:24:22:14:15:20:7:24:22:21:20:17:21:16:8:4:20:24:19:21:4:8:21:11:20:0:3:21:12:20:12:19:8:12:3:21:24:21:21:19:24:1:27:22:8:21:11:21:16:24:21:24:20:12:22:4:9:27:10:22:22:27:27:24:7:15:10:11:21:27:22:24:8:17:24:27:20:11:17:0:27:27:21:21:8:19:13:6:11:20:22:14:13:19:19:15:20:25:5:21:22:13:19:19:27:17:25:14:19:18:21:15:20:9:21:27:25:22:25:11:3:25:24:27:18:19:25:21:25:9:20:27:2:8:18:12:25:11:24:24:20:7:18:10:25:26:27:16:9:26:2:13:6:27:15:4:20:26:26:26:12:21:25:11:23:26:21:20:21:19:17:23:5:2:20:22:26:19:14:10:15:26:23:23:27:14:23:26:17:27:14:26:19:26:0:21:10:23:25:27:22:28:23:23:16:27:25:25:5:24:28:26:25:26:0:9:23:27:27:19:26:22:27:21:23:28:22:23:24:9:23:13:25:24:16:16:9:27:0:26:22:27:4:11:24:28:5:29:28:10:31:4:31:31:11:28:1:31:21:28:23:22:29:29:28:31:27:14:25:25:28:26:23:29:17:28:26:26:26:29:24:31:8:24:28:20:24:29:29:31:28:5:27:31:28:23:31:20:17:23:14:33:33:32:29:28:33:14:20:33:29:32:28:32:23:26:33:32:32:21:24:29:21:19:23:32:31:33:13:25:27:32:29:33:3:26:17:32:31:16:26:27:32:21:29:28:33:14:23:32:31
91954,27,33,0,379,0:0:1:0:1:0:0:1:0:1:2:2:1:1:0:2:1:1:2:2:3:3:0:4:2:0:3:0:2:2:0:3:2:1:1:0:3:4:3:2:1:4:4:4:4:1:5:4:3:7:5:1:3:0:7:1:5:3:1:5:4:6:6:6:6:6:3:5:3:7:4:5:5:7:7:7:5:0:7:5:2:4:3:4:7:5:1:2:6:2:3:5:3:4:7:6:6:7:8:7:0:6:8:4:1:7:1:8:6:4:6:8:4:4:9:5:9:1:6:8:9:3:3:6:9:9:5:3:7:4:1:9:7:8:3:3:6:2:2:3:8:4:6:7:10:5:2:2:5:6:9:2:0:3:9:10:9:0:7:2:9:2:10:5:8:10:2:4:5:3:4:0:0:8:7:2:4:10:6:8:7:7:1:7:2:4:6:10:8:5:1:14:13:14:13:5:13:8:1:0:1:6:12:1:6:11:8:12:14:14:11:4:11:9:2:11:12:9:13:11:0:4:9:8:0:12:13:8:11:14:5:5:1:9:4:12:2:8:6:9:12:12:12:4:10:3:3:12:10:9:14:12:12:8:0:14:12:13:11:0:3:2:11:0:5:14:16:14:14:3:5:12:5:14:10:6:9:0:4:16:8:13:16:9:10:10:13:2:7:16:9:11:11:3:0:7:8:3:3:3:13:13:0:4:16:1:13:11:12:16:16:4:10:15:15:4:15:9:8:4:13:6:4:16:15:13:12:8:1:6:0:10:12:7:1:1:16:12:3:10:8:6:13:10:15:11:16:13:16:15:4:7:7:13:0:15:18:15:10:13:17:15:10:17:2:17:13:11:8:11:11:12:11:15:15:14:17:11:16:17:6:12:7:17:11:13:2:14:15:18:15:18:18:17:14:3:18:13:4:18:6:0:13:17:3:18:4:16:14:2:10:15:13:18:11:16:11:18:16:18:15:15:15:17:2:12:5:18:14:16:18:13:5:1:8:3:18:7:18:6:15:12:9:16:12:12:18:19:18:14:12:10:6:10:5:9:17:16:3:17:14:15:19:5:6:11:5:9:7:0:16:16:15:18:13:19:9:8:9:7:8:17:1:12:7:16:19:19:8:18:10:15:14:17:15:9:17:9:12:16:18:6:6:9:19:19:18:13:19:12:12:1:18:14:13:17:18:7:6:9:4:11:2:17:17:10:15:18:9:0:22:18:14:18:16:22:7:22:7:15:11:17:18:14:10:11:7:6:8:16:17:11:18:19:22:18:0:14:5:0:0:2:8:22:9:19:0:19:16:5:11:11:19:17:15:22:1:13:18:1:20:8:5:18:5:3:9:18:5:20:11:13:9:18:13:18:16:22:9:11:2:19:10:19:6:0:17:20:13:20:19:7:19:15:15:22:19:22:14:17:20:8:20:19:22:5:10:21:22:3:10:24:20:20:1:4:19:16:17:7:24:24:21:12:24:0:12:22:24:20:24:22:14:15:20:7:0:22:10:20:17:21:16:3:4:20:24:19:15:4:16:21:16:20:0:3:21:13:20:12:19:8:12:3:21:24:21:21:19:24:1:19:22:8:21:11:21:16:24:21:24:20:12:22:4:9:27:10:22:22:1:27:27:7:15:10:11:8:27:22:24:8:17:24:27:20:10:17:0:27:27:21:21:8:19:24:6:17:20:22:14:13:19:19:15:20:25:25:21:22:13:19:19:27:21:25:14:19:18:21:15:20:9:11:27:25:22:25:11:3:25:12:27:18:18:5:19:25:9:20:27:17:8:18:12:25:11:24:6:20:14:18:10:25:26:27:16:9:26:2:13:6:27:15:12:20:26:26:26:12:21:25:11:23:26:21:20:20:15:23:23:5:26:24:22:22:19:17:10:26:26:23:23:27:16:23:26:17:17:15:1:23:26:25:21:10:23:25:27:22:23:23:24:16:27:4:25:5:24:4:26:25:26:0:9:23:27:14:19:26:27:27:21:23:24:21:23:24:9:23:13:16:11:16:7:9:27:23:26:22:12:4:11:21:23:14:29:28:29:25:4:31:31:11:24:24:31:21:28:23:2:28:28:28:29:27:14:25:31:28:27:29:24:26:13:26:26:26:29:24:31:8:1:28:20:24:29:29:26:28:31:25:24:28:29:31:20:26:23:28:33:33:32:29:28:26:14:20:32:29:25:28:32:31:27:33:17:32:21:17:29:31:32:23:21:31:26:31:32:33:32:29:18:29:33:17:32:31:10:26:20:32:25:22:28:23:17:23:1:27
93804,28,33,0,378,0:0:1:0:1:0:0:1:0:1:2:2:1:1:0:2:1:1:2:2:3:3:0:4:2:0:3:0:2:2:0:3:2:1:1:0:3:4:3:2:1:4:4:4:4:1:5:4:3:7:5:1:3:0:5:1:5:3:1:5:4:6:6:6:4:6:3:5:3:7:4:5:5:7:6:7:5:7:7:5:2:4:4:4:7:5:1:2:6:2:3:6:3:4:7:1:6:3:8:7:0:6:8:4:1:4:1:8:6:4:6:8:4:4:9:5:9:1:6:8:9:3:3:6:9:9:5:3:7:4:1:9:7:8:4:3:6:2:2:5:8:4:6:7:10:5:2:2:5:6:9:2:0:3:9:0:9:0:7:2:9:2:10:5:3:10:2:4:5:3:4:0:0:8:7:2:10:10:6:8:5:1:4:7:4:4:6:10:8:5:1:14:13:14:12:5:1:8:1:6:14:6:2:1:6:11:8:12:14:14:11:4:11:9:2:11:10:9:13:11:1:4:8:8:0:12:13:8:11:7:5:5:0:9:4:12:13:8:10:9:12:12:14:4:6:3:3:12:10:9:14:12:12:8:0:14:12:16:11:0:3:2:11:0:5:14:16:14:2:3:6:12:5:14:10:6:13:0:4:12:8:13:10:9:10:10:13:2:14:14:9:11:11:3:0:7:8:3:3:8:13:13:0:4:16:1:13:7:4:16:16:11:7:15:15:4:15:9:8:4:16:6:4:16:15:13:12:8:14:6:14:11:5:7:16:1:2:12:3:14:8:6:3:10:15:11:16:13:0:15:4:11:14:6:8:15:18:11:10:13:17:1:10:17:14:17:13:11:8:11:11:12:11:9:2:14:17:11:16:17:6:12:7:17:11:6:2:14:15:18:15:17:10:17:14:3:14:16:14:18:6:0:13:16:3:18:17:16:14:2:9:15:13:13:11:16:12:17:18:18:15:15:15:17:2:12:5:18:14:16:18:13:5:1:8:3:18:7:19:6:15:12:9:16:12:12:18:19:18:14:12:9:3:10:5:9:17:19:10:19:14:15:19:13:6:11:5:2:10:0:4:16:15:18:13:2:13:6:9:14:8:17:1:12:7:15:11:19:8:18:10:15:1:17:15:10:15:9:12:16:18:6:6:9:19:14:12:13:3:12:12:1:18:17:13:12:18:7:6:9:4:14:11:17:17:10:15:18:9:0:22:18:14:18:16:15:7:22:7:7:11:17:18:12:10:8:7:18:22:12:13:11:14:13:22:18:8:3:6:4:15:2:8:18:9:19:0:15:3:9:17:11:22:17:14:22:7:13:18:1:5:8:5:10:5:3:9:15:5:15:19:16:9:18:13:18:16:22:9:11:7:19:10:19:6:7:17:15:13:17:19:6:19:17:7:22:19:22:7:17:0:8:13:21:22:20:10:21:22:3:19:24:20:24:12:17:19:11:17:7:24:24:24:12:24:0:12:22:24:21:19:7:21:20:20:7:24:9:21:2:0:21:10:3:4:16:17:19:3:4:16:15:16:18:24:18:21:18:20:24:19:8:22:27:21:24:21:21:13:24:20:27:22:8:14:18:21:20:24:21:10:20:15:22:19:9:27:14:22:22:1:15:21:19:15:10:11:8:20:24:22:24:15:12:21:10:10:27:0:27:6:21:21:20:27:16:16:17:27:19:19:13:27:20:15:20:27:5:21:15:13:19:24:27:17:12:16:25:16:20:22:0:9:21:21:20:22:25:11:3:12:24:27:13:18:5:19:25:9:19:9:19:8:22:22:25:27:27:24:24:24:24:13:25:25:17:16:9:26:25:16:23:27:15:23:26:22:26:26:19:21:25:11:13:22:21:9:20:26:23:23:5:20:26:21:26:19:15:10:20:27:2:20:27:14:22:26:17:7:14:1:23:23:22:26:23:26:26:25:22:22:23:26:23:20:14:25:5:24:13:20:23:26:0:19:26:27:27:25:27:27:27:21:23:26:21:23:19:26:25:24:25:24:16:16:14:21:0:0:22:12:4:7:11:20:5:22:29:29:25:17:31:22:23:29:27:28:21:28:31:26:18:25:29:26:29:28:17:26:28:25:23:24:26:2:27:0:5:28:16:28:29:1:24:25:31:29:28:31:29:28:9:28:31:28:21:16:11:28:28:11:32:33:29:31:33:21:33:33:33:25:20:32:1:23:33:28:20:32:17:28:28:11:32:31:24:23:31:23:32:7:28:31:33:33:18:0:18:29:29:27:33:21:27:26:31:32:31:16:23
94446,28,33,0,377,0:0:1:0:1:0:0:1:0:1:2:2:1:1:0:2:1:1:2:2:3:3:0:4:2:0:3:0:2:2:0:3:2:1:1:0:3:4:3:2:1:4:4:4:4:1:5:4:3:7:5:1:3:0:5:1:5:3:1:5:4:6:6:6:4:6:3:5:3:7:4:5:5:7:6:7:5:7:7:5:2:4:4:4:7:5:1:2:6:2:3:6:0:4:2:1:0:3:8:7:0:6:8:4:1:4:1:8:6:4:6:8:4:4:9:5:9:1:6:8:9:2:3:6:9:9:5:0:7:4:1:9:7:8:4:3:6:2:2:5:8:4:6:7:10:5:2:2:5:6:9:2:0:3:9:0:9:0:7:2:8:2:10:5:3:10:2:4:5:3:4:0:0:8:7:2:10:10:6:8:5:4:1:7:4:4:6:10:8:5:1:14:13:14:12:5:1:8:1:6:14:6:2:1:6:11:8:12:14:14:11:4:11:9:2:11:10:9:13:14:1:4:8:0:0:12:13:8:11:7:5:5:0:9:13:12:13:8:6:9:12:12:14:4:6:3:3:12:10:9:14:12:12:8:0:14:12:16:11:7:3:2:11:0:13:14:16:14:2:14:11:12:5:14:10:6:13:0:4:12:8:13:10:9:10:10:13:2:14:0:9:11:11:3:5:7:8:5:3:8:13:13:0:4:16:1:13:11:4:16:16:4:7:15:15:4:15:9:8:4:16:6:4:16:15:13:12:8:14:6:0:10:5:7:16:1:1:12:3:14:8:6:3:10:15:11:16:13:0:15:4:11:7:6:0:15:18:11:10:13:17:9:10:17:14:17:13:11:8:11:11:12:10:9:18:14:17:11:16:17:6:12:7:17:11:6:2:14:15:18:15:17:10:17:16:3:18:16:14:18:6:0:13:9:3:18:17:16:14:2:9:15:13:18:11:16:12:17:15:18:15:15:15:17:2:12:5:18:14:16:18:13:5:1:8:3:18:7:19:6:15:12:9:16:12:12:18:19:18:14:19:9:9:10:5:9:17:19:3:13:14:15:19:13:6:11:5:2:10:18:16:16:15:18:13:3:13:6:16:14:8:17:1:12:7:15:11:19:8:18:19:15:1:17:15:10:15:9:12:16:18:6:9:9:9:14:12:15:3:12:12:1:18:14:13:12:18:19:6:9:4:19:16:17:17:10:15:18:9:16:22:18:14:18:16:22:7:22:7:7:9:17:18:12:10:8:7:6:22:12:17:11:22:13:0:18:8:18:6:4:15:2:8:22:7:19:0:19:16:9:17:11:22:17:14:22:7:13:11:1:5:8:5:10:5:3:9:18:5:15:2:16:9:18:16:13:16:22:9:11:7:18:10:19:22:0:17:15:13:17:19:6:19:17:7:22:19:22:7:17:0:13:13:21:22:12:10:21:22:3:24:24:20:24:12:19:19:11:17:18:24:24:24:12:24:0:21:13:24:20:19:7:14:20:20:7:24:9:21:2:17:22:22:3:4:16:17:19:15:4:7:15:22:24:24:18:21:24:27:24:19:8:22:16:21:24:21:21:19:19:20:27:27:8:14:11:21:20:27:21:10:20:15:22:20:9:27:14:12:22:27:15:21:19:15:10:21:8:20:24:10:8:15:24:21:10:10:17:0:27:24:21:24:20:13:16:16:17:24:21:19:13:20:20:15:12:27:5:21:15:13:12:16:27:27:22:16:25:20:4:20:0:5:21:21:22:22:25:11:3:9:25:27:18:16:5:21:25:27:19:9:2:20:18:22:25:27:8:24:24:14:20:13:25:25:17:16:26:26:25:16:23:27:15:23:26:22:25:22:12:21:25:11:23:17:21:9:20:16:23:23:13:20:2:21:26:19:10:10:1:27:15:20:27:7:27:26:17:7:4:23:16:23:22:20:23:20:26:25:22:20:23:26:27:19:14:25:5:24:11:3:23:26:0:9:26:27:27:25:27:12:25:21:23:19:21:11:19:26:25:19:25:24:16:20:17:9:5:23:20:27:4:7:11:19:5:22:18:27:25:17:31:23:11:26:31:18:21:28:31:26:12:25:19:26:26:28:31:23:28:27:23:31:26:2:31:28:7:28:26:28:23:20:24:18:20:23:28:31:10:28:27:25:27:20:31:10:26:26:28:33:32:32:25:33:33:29:14:31:33:28:29:32:29:23:31:23:31:21:32:29:29:27:32:29:18:31:21:24:16:31:2:26:33:17:33:27:32:24:17:32:28:32:33:33:5:32:32:28:29
128245,38,33,0,376,0:0:1:0:1:0:0:1:0:1:2:2:1:1:0:2:1:1:2:2:3:3:0:4:2:0:3:0:2:2:0:3:2:1:1:0:3:2:3:2:1:4:4:4:4:1:5:1:3:7:5:1:3:0:5:1:5:3:1:5:4:6:6:3:4:6:7:5:3:7:4:5:5:7:6:7:5:0:7:5:2:4:4:4:4:5:1:1:6:2:3:5:0:4:2:1:0:3:8:7:0:6:8:2:1:4:1:9:6:4:9:8:4:4:9:6:8:1:6:3:9:3:5:5:7:9:5:0:7:4:1:9:7:8:4:7:6:3:2:6:7:4:2:7:2:5:11:2:5:6:9:1:0:3:9:5:9:5:7:2:9:8:11:6:7:8:2:4:1:8:4:0:0:6:7:9:4:3:6:2:7:9:1:7:4:6:11:8:8:5:13:7:11:14:14:5:1:8:12:13:1:6:12:1:14:7:7:12:3:7:11:4:11:9:2:10:10:9:13:14:11:4:9:14:0:12:14:8:9:14:11:6:0:6:13:12:0:8:8:9:7:9:14:8:13:13:11:11:12:13:16:10:12:10:0:7:14:12:16:0:12:16:2:0:12:7:16:14:2:3:6:4:5:16:3:6:9:10:16:12:0:12:16:9:9:10:8:2:7:11:10:3:4:3:0:10:3:10:0:8:13:13:15:4:9:1:15:11:4:13:16:4:15:3:15:4:15:9:8:4:16:11:13:16:13:11:15:8:14:6:16:3:10:10:16:1:1:16:3:13:7:16:3:14:12:8:12:3:0:7:4:12:16:6:9:10:15:0:10:16:17:1:10:16:14:11:13:7:8:18:10:10:13:14:14:12:9:9:8:13:6:13:16:18:13:1:10:13:10:15:9:11:15:14:16:3:13:17:6:18:3:0:3:5:13:15:17:15:14:16:7:16:6:11:18:2:13:11:18:18:15:18:15:18:14:17:19:17:10:19:18:13:19:1:4:3:14:7:4:10:16:4:19:17:12:9:18:19:6:11:12:12:3:11:19:19:17:8:17:6:14:17:0:6:13:10:13:2:8:0:4:16:15:2:18:11:9:6:6:12:8:8:1:17:7:16:19:18:8:6:12:12:8:5:10:9:14:19:18:15:2:6:6:10:9:14:2:19:17:12:2:1:14:15:12:9:18:13:13:9:18:15:17:18:17:19:14:18:17:19:0:16:18:22:16:15:18:18:22:7:19:12:16:11:0:11:7:18:19:18:19:11:12:18:10:22:5:18:6:0:10:2:3:16:1:7:10:6:22:19:12:7:19:2:18:11:22:22:11:1:19:8:16:22:5:3:22:10:22:18:5:22:9:19:13:13:17:4:15:8:2:17:15:13:17:0:16:22:12:13:19:6:15:12:8:14:15:8:19:14:17:19:10:14:17:17:22:17:20:21:5:6:14:4:1:17:21:3:22:22:21:17:10:5:18:19:20:7:24:19:21:15:17:9:24:20:21:10:12:16:0:22:5:15:24:21:20:21:20:18:19:20:21:20:20:21:22:13:27:17:24:24:27:17:27:18:19:22:0:21:1:24:3:18:27:22:22:13:20:5:24:10:16:2:5:20:14:27:16:5:6:22:15:24:24:17:24:20:24:24:27:19:13:27:14:19:17:22:24:2:17:27:27:21:8:15:27:17:24:5:12:8:21:16:20:12:21:22:27:3:11:22:21:22:2:21:27:21:15:24:27:19:20:11:17:24:20:24:15:4:9:27:20:18:18:5:27:22:12:11:3:17:27:13:27:24:6:24:20:6:11:0:21:25:23:26:3:18:19:26:25:26:23:5:4:26:11:25:9:26:26:20:23:21:23:20:10:26:21:26:25:27:25:21:20:21:24:24:27:1:11:20:17:20:26:25:8:11:18:15:23:26:21:14:10:7:14:27:24:25:23:27:24:20:26:14:15:7:24:23:20:26:2:15:24:17:26:26:20:16:27:26:26:11:12:2:4:16:27:21:20:24:24:15:20:22:9:25:15:25:26:12:12:25:25:22:7:23:26:28:23:31:0:31:23:28:13:19:1:28:31:15:26:31:31:28:31:28:11:8:25:31:25:28:1:28:11:23:23:31:25:13:25:21:31:27:31:4:26:14:22:24:31:15:28:27:28:26:31:1:29:5:23:33:28:29:32:23:18:32:10:29:2:28:32:32:29:32:29:27:27:29:16:29:33:32:32:29:26:26:33:32:31:28:32:25:33:32:0:23:25:29:16:31:8:21:9:18:1:25
130748,39,33,0,375,0:0:1:0:1:0:0:1:0:1:2:2:1:1:0:2:1:1:2:2:3:3:0:4:2:0:3:0:2:2:0:3:2:1:1:0:3:2:3:2:1:4:2:4:4:1:5:4:3:7:5:1:3:0:5:1:5:3:1:5:4:6:6:3:4:6:7:5:3:7:4:5:5:7:6:7:5:0:7:5:2:4:4:4:4:5:1:1:6:2:3:5:3:4:2:1:0:3:8:7:0:6:8:2:1:4:1:9:6:4:9:8:4:4:9:6:8:1:6:3:9:2:5:5:9:9:5:0:7:4:1:9:8:7:4:7:0:3:2:6:7:4:2:9:2:5:2:2:5:6:9:1:3:3:9:5:9:5:7:7:9:2:10:6:7:8:2:4:1:8:4:0:0:6:7:9:4:3:6:2:7:9:1:7:4:3:11:8:8:5:13:7:11:14:14:5:1:10:12:13:1:6:12:1:8:7:7:12:3:7:11:4:11:10:2:13:10:9:13:14:0:4:9:10:0:12:14:8:9:7:11:6:0:12:11:12:0:8:8:9:7:5:14:4:14:13:11:11:12:13:16:10:12:10:0:10:0:13:16:0:3:16:2:0:12:7:16:14:14:3:6:16:5:16:3:6:11:10:16:12:0:12:9:9:9:11:8:2:7:11:10:10:4:10:0:12:3:10:5:8:15:13:15:4:9:1:15:11:4:4:16:4:15:12:15:7:15:9:8:4:2:7:4:14:13:11:15:8:14:6:10:8:15:16:16:1:1:12:3:13:10:16:3:14:12:8:12:10:0:7:4:11:16:6:9:13:15:0:10:16:17:1:14:16:14:11:13:7:8:18:13:12:13:14:14:12:18:10:8:13:6:17:16:18:11:1:2:17:8:15:9:11:15:8:16:3:13:17:6:15:3:3:3:5:13:15:17:17:14:16:7:9:6:2:18:2:13:10:18:18:13:18:17:18:14:7:19:17:10:19:18:13:2:1:4:3:14:7:4:10:16:4:19:17:9:11:18:19:17:11:16:6:5:11:19:19:17:17:17:6:14:15:0:6:13:14:13:9:2:19:15:17:19:18:18:11:15:6:6:14:8:11:1:17:7:16:19:18:8:6:6:12:8:5:10:9:14:13:18:15:19:6:6:10:9:14:2:19:12:12:2:1:14:2:12:12:18:18:13:9:18:14:3:18:17:19:14:18:9:19:19:16:18:22:5:11:18:18:22:7:15:16:16:11:15:11:12:18:19:12:19:14:22:8:14:10:15:18:6:0:0:12:3:7:1:7:10:6:3:14:17:7:19:2:12:11:1:17:11:1:5:8:16:22:5:6:22:10:22:18:12:0:9:11:13:13:17:4:13:8:2:9:15:13:22:0:19:19:17:13:2:6:17:13:8:11:8:8:19:14:12:15:12:14:17:17:22:17:20:21:5:6:14:4:1:17:20:3:22:22:21:17:11:5:18:0:19:9:13:20:21:19:17:6:16:20:6:10:8:16:19:11:16:15:21:11:20:20:11:18:22:15:13:16:20:6:22:13:9:17:24:24:27:17:9:18:19:22:12:21:1:24:21:9:27:22:22:13:22:18:17:10:16:21:5:27:14:27:22:21:6:10:19:19:24:17:24:20:22:24:20:21:24:0:14:21:10:18:24:4:20:27:15:10:9:15:22:14:24:12:22:21:21:16:20:12:27:21:20:3:11:22:20:21:18:17:27:20:24:24:27:21:20:11:18:24:12:27:10:11:3:15:20:18:10:5:19:7:27:24:3:17:27:13:21:24:27:14:27:6:27:16:27:24:25:23:27:23:22:20:25:22:23:5:4:26:27:25:26:12:25:20:3:16:19:20:25:21:12:20:27:27:5:21:20:7:12:18:8:22:26:14:11:19:8:21:26:16:18:15:19:24:22:23:23:26:14:27:24:24:25:25:24:25:27:14:24:7:24:23:3:24:20:21:25:17:23:25:25:16:20:24:27:26:18:14:23:27:26:23:20:27:24:20:26:26:18:20:15:9:27:23:19:6:13:26:22:26:21:19:31:10:31:31:21:2:13:25:1:25:26:10:28:28:2:20:25:28:28:24:25:28:31:27:26:23:0:26:23:24:23:23:31:28:0:28:28:23:25:15:24:28:26:31:25:27:15:25:23:16:32:29:33:32:29:32:14:31:18:31:23:32:2:19:28:29:32:31:10:28:28:15:33:29:25:32:13:32:15:29:33:32:29:32:22:32:31:33:0:21:29:33:21:33:26:29:23:7:31:23
133119,40,33,0,374,0:0:1:0:1:0:0:1:0:1:2:2:1:1:0:2:1:1:2:2:3:3:0:4:2:0:3:0:2:2:0:3:2:1:1:0:3:2:3:2:1:4:4:4:4:1:5:1:3:7:5:1:3:0:5:1:5:3:1:5:4:6:6:3:4:6:7:5:3:7:4:5:5:7:6:7:5:0:7:5:2:4:4:4:4:5:1:1:6:2:3:5:0:4:2:1:0:3:8:7:0:6:8:2:1:4:1:9:6:4:9:8:4:4:9:6:8:1:6:3:9:2:5:5:9:9:5:0:7:4:1:9:8:7:4:7:0:3:3:6:7:4:2:9:2:5:2:2:5:6:9:1:3:3:9:5:9:5:7:7:9:2:13:6:7:8:2:4:1:8:4:0:0:6:7:9:0:3:6:2:7:9:1:7:2:3:11:8:8:5:13:7:11:13:14:5:1:10:12:0:1:13:12:1:8:7:7:12:3:7:11:4:11:2:14:10:0:9:13:14:0:4:9:10:0:12:14:8:12:7:11:6:11:6:11:12:14:8:6:9:7:5:14:10:6:11:11:11:8:13:16:10:12:12:0:7:0:13:10:0:3:16:2:0:12:7:9:14:14:3:6:16:5:16:3:6:12:10:16:14:0:11:9:9:9:11:7:2:7:11:10:10:10:13:0:14:3:10:5:8:15:10:15:4:9:1:15:4:4:4:16:4:15:12:15:4:12:9:8:4:2:7:4:15:13:5:15:8:8:14:10:8:6:16:16:1:1:12:11:13:10:13:3:14:12:14:12:10:14:12:4:11:7:11:9:13:15:0:10:16:17:1:14:3:14:11:13:7:15:18:13:14:13:15:15:12:18:10:8:13:6:3:16:12:11:1:14:13:8:15:9:16:15:8:16:3:13:17:6:17:3:3:3:5:11:15:13:17:10:8:7:4:6:11:11:2:18:10:18:10:18:14:17:18:14:7:19:17:10:19:18:13:2:19:4:3:18:7:4:2:16:4:19:12:9:5:18:19:17:11:16:12:5:11:19:19:17:9:6:14:14:15:0:13:15:8:13:9:3:19:14:17:13:18:6:8:9:6:13:14:8:4:1:17:7:16:19:18:8:6:6:12:8:5:10:9:14:19:18:15:19:6:6:10:9:6:2:19:12:12:2:1:16:2:12:15:18:6:13:5:18:8:0:18:17:19:10:18:9:19:19:16:18:15:17:13:18:18:11:7:19:16:16:11:15:11:12:18:19:12:19:8:12:18:10:10:11:18:11:4:0:2:3:7:1:13:12:6:3:5:4:5:19:10:18:11:1:18:11:1:5:8:16:17:5:6:22:10:22:18:5:0:22:11:10:16:17:4:15:8:2:9:15:13:17:0:11:19:17:14:12:22:22:12:8:16:15:8:19:14:17:15:12:14:17:17:22:17:20:21:5:16:22:4:1:17:21:3:17:9:21:21:16:5:18:0:7:9:20:20:21:19:22:13:16:17:1:9:12:2:22:19:16:15:21:11:21:22:20:18:19:14:13:10:8:22:17:13:9:17:24:24:27:17:9:18:19:22:0:21:1:24:24:18:27:9:22:20:20:18:21:10:10:2:5:27:21:27:2:27:24:12:24:19:21:17:24:20:22:24:18:19:20:0:12:19:10:6:24:24:20:24:5:24:9:19:22:14:24:27:22:8:21:24:20:22:27:21:20:3:11:19:20:15:14:17:27:20:24:20:27:27:20:11:22:24:27:27:10:4:9:15:20:18:21:24:19:7:21:13:22:17:27:11:27:24:21:14:6:10:19:3:8:26:23:14:15:18:23:25:25:23:20:5:26:22:26:5:22:26:14:17:3:16:23:20:25:25:21:26:27:14:23:25:20:13:21:20:27:9:26:21:17:25:8:21:23:3:18:11:1:27:21:24:25:25:14:15:26:24:16:22:15:17:26:14:26:7:23:23:9:23:20:25:25:23:26:25:25:16:21:23:27:11:20:22:25:27:25:12:25:14:19:23:27:21:24:23:15:17:24:20:9:23:21:21:22:21:26:20:31:26:24:11:21:2:20:31:28:28:21:28:28:24:28:25:31:22:27:9:23:13:21:20:1:23:23:7:31:31:31:19:26:28:25:25:25:28:25:28:31:28:28:28:26:20:25:13:28:28:33:33:33:22:29:23:33:32:31:23:28:21:23:19:33:32:6:20:10:32:28:26:16:26:22:27:33:24:29:31:10:33:31:28:14:32:27:33:0:26:31:29:33:28:31:32:32:31:1:29
145006,43,33,0,373,0:0:1:0:1:0:0:1:0:1:2:2:1:1:0:2:1:1:2:2:3:3:0:4:2:0:3:0:2:2:0:3:2:1:1:0:3:2:3:2:1:4:4:4:4:1:5:1:3:7:6:1:3:2:5:1:5:3:1:5:4:6:6:3:4:6:7:5:3:7:4:5:5:6:6:7:5:0:7:5:2:1:4:4:4:5:1:3:6:2:3:5:0:4:2:1:0:3:8:7:0:6:8:2:1:4:1:9:6:4:6:8:4:4:9:6:8:1:6:3:1:3:5:5:3:9:5:0:9:4:1:8:7:3:4:7:0:3:3:6:7:4:9:7:2:5:2:2:8:6:9:1:3:3:9:5:9:5:7:2:9:2:13:8:3:9:2:4:1:8:1:0:0:8:7:9:4:3:6:2:7:4:1:3:4:6:11:11:8:5:1:7:11:13:14:5:1:10:12:1:1:6:12:12:2:7:14:4:3:7:11:4:11:10:12:10:0:9:13:14:1:4:14:14:0:9:14:4:11:7:10:6:1:6:4:12:14:12:10:1:7:5:14:4:2:11:11:11:8:13:16:6:12:14:0:7:0:9:10:0:12:16:2:0:12:7:12:7:2:3:5:16:5:8:3:6:12:0:4:12:13:12:11:9:9:11:13:2:7:8:7:3:12:10:0:9:3:16:0:10:15:13:15:4:9:12:12:15:4:13:16:4:15:13:8:6:12:9:8:4:11:7:15:15:13:15:15:8:8:10:10:8:14:15:14:1:5:12:3:11:10:16:11:14:12:14:5:3:0:14:2:11:11:8:0:6:15:0:10:16:17:1:14:3:14:11:13:7:15:18:11:14:17:15:14:9:18:10:8:13:6:17:7:18:11:1:2:13:8:12:9:18:15:14:18:17:13:13:6:17:4:17:5:10:16:15:13:17:10:16:7:4:11:2:18:3:18:11:10:14:18:18:17:18:14:11:19:17:18:2:18:13:19:14:8:16:16:15:4:10:16:18:19:12:9:5:18:15:13:3:16:12:5:11:0:19:17:9:17:14:14:7:18:13:15:11:19:9:13:16:13:4:15:18:10:11:9:16:13:8:8:4:1:17:10:6:19:16:8:18:6:12:8:17:10:9:14:19:18:10:12:6:6:9:17:6:2:19:12:12:2:7:7:11:10:12:18:3:9:12:14:15:0:17:19:8:2:18:9:19:2:3:18:15:17:13:18:18:16:7:15:15:13:11:0:7:10:10:12:12:19:8:12:18:13:16:5:18:11:0:14:18:3:11:11:17:11:6:13:9:19:5:10:15:18:11:1:16:11:5:6:12:16:17:5:4:17:11:22:18:5:13:22:11:13:16:15:4:15:8:2:7:10:13:22:22:17:13:17:14:19:6:7:9:7:8:8:14:16:14:0:9:19:14:14:7:22:17:24:16:5:24:6:19:1:16:20:24:17:22:22:14:1:5:24:22:14:9:3:19:19:19:22:9:22:19:1:9:12:12:10:20:18:15:4:22:6:17:13:20:20:19:16:17:14:13:19:11:9:20:21:24:10:17:22:16:27:22:8:21:20:22:21:21:16:9:6:2:20:18:21:21:27:5:24:19:15:17:15:5:1:12:27:16:16:17:15:22:20:21:27:15:6:10:14:22:19:18:24:24:24:15:4:22:17:16:8:2:20:12:22:8:21:10:22:22:24:24:21:19:11:20:22:27:21:17:27:19:21:19:27:22:22:21:27:27:12:24:24:6:17:15:21:18:21:18:16:24:22:6:3:18:11:24:5:16:21:21:24:27:19:10:19:26:26:21:23:18:19:26:23:20:6:5:23:21:26:5:24:20:27:20:23:27:15:22:14:23:26:21:21:14:3:0:23:26:26:24:8:27:9:21:20:23:27:23:17:24:24:22:24:10:15:0:23:20:27:26:27:26:16:27:26:23:23:7:26:8:11:20:3:25:24:15:4:23:23:26:24:17:26:24:21:20:25:27:20:8:10:17:20:25:19:2:19:21:17:26:25:24:27:20:25:23:25:20:28:25:20:25:15:28:10:23:26:25:21:28:25:28:25:16:31:20:31:24:27:25:27:6:12:26:28:27:28:31:10:7:28:23:31:28:20:26:31:23:20:8:31:31:27:24:25:21:14:21:31:20:22:23:32:26:31:32:29:29:4:29:31:28:31:28:28:28:33:21:28:32:33:29:20:32:29:33:23:26:32:33:29:29:10:28:32:31:17:26:24:13:33:32:28:33:25:24:6:28:33:33:22:13
151234,45,33,0,372,0:0:1:0:1:0:0:1:0:1:2:2:1:1:0:2:1:1:2:2:3:3:0:4:2:0:3:0:2:2:0:3:2:1:1:0:3:2:3:2:1:4:4:4:4:1:5:1:3:7:6:2:3:2:5:1:5:3:1:5:4:6:6:3:4:6:7:5:3:7:4:5:5:6:6:7:5:0:7:5:7:1:4:4:4:5:1:3:6:2:3:5:0:4:2:1:0:3:8:7:0:6:8:2:1:4:1:9:6:4:6:8:4:9:9:6:8:1:6:3:1:3:5:6:3:9:5:0:9:4:1:8:7:3:4:7:6:0:3:6:7:4:9:7:2:5:2:2:5:6:9:1:3:3:9:7:9:3:7:2:9:2:10:8:7:9:2:4:1:8:1:0:0:6:7:9:4:3:6:2:7:4:1:3:4:6:2:11:8:5:1:7:11:14:13:5:1:10:12:0:1:6:12:12:13:14:14:4:3:7:11:4:11:9:12:6:5:8:13:14:1:4:2:9:0:12:14:4:11:14:8:6:8:6:13:12:10:12:10:1:5:5:14:4:6:11:11:10:8:10:14:6:12:14:0:7:0:9:10:0:3:11:2:0:12:7:9:7:2:3:6:5:14:8:3:6:9:0:4:12:13:12:11:9:9:11:14:12:7:8:7:10:5:10:9:14:3:10:0:8:12:13:15:4:9:12:12:15:4:12:16:4:15:13:12:6:12:9:8:4:2:16:15:15:13:15:15:8:8:6:16:3:12:16:14:15:5:12:3:15:10:10:11:14:7:14:13:3:0:7:2:7:11:8:11:15:15:0:10:16:17:1:14:3:14:16:13:7:13:16:11:14:9:15:2:9:17:16:8:13:6:17:16:17:11:1:15:13:8:14:9:15:10:13:18:17:14:13:6:13:4:0:16:8:14:11:13:9:13:16:17:4:3:2:18:14:13:17:10:12:15:12:18:18:14:11:19:5:14:14:16:5:19:14:19:7:14:15:14:10:11:10:19:12:9:5:18:15:17:15:16:9:5:11:0:15:17:9:16:15:14:7:0:13:15:8:18:9:13:18:10:7:18:18:13:11:19:16:13:15:8:4:1:12:2:14:19:16:18:18:6:13:8:11:10:11:13:19:18:10:12:14:6:9:9:6:11:11:3:12:2:7:6:10:10:12:17:13:13:12:19:15:0:18:19:8:2:18:14:19:2:3:18:4:16:13:18:7:10:7:15:10:12:7:19:7:14:10:12:12:19:8:7:18:13:16:18:19:13:4:0:18:17:16:1:7:12:12:14:9:10:19:10:18:18:11:1:17:16:5:22:12:16:17:11:3:17:11:5:18:8:0:18:19:16:16:22:4:15:8:2:9:10:13:6:0:17:4:22:8:2:17:7:17:8:8:22:8:15:13:11:19:19:15:19:7:10:20:19:24:13:18:24:4:1:24:20:8:20:9:22:24:22:5:24:22:19:8:7:20:19:19:17:24:22:10:1:19:10:12:13:24:18:17:18:22:6:24:11:20:22:19:13:22:1:11:22:0:19:24:24:19:5:2:14:22:21:15:0:16:20:27:20:10:21:9:6:16:20:18:21:21:16:5:22:22:27:17:2:18:1:10:17:19:16:11:27:3:20:3:21:24:6:11:17:10:13:17:19:27:21:27:12:27:22:15:27:20:22:20:24:8:15:27:20:19:27:24:19:3:11:20:21:20:0:11:27:20:27:21:27:0:27:21:21:27:21:24:10:22:9:24:27:8:2:18:21:21:12:16:22:18:21:21:5:27:6:17:17:6:17:17:22:27:20:23:7:18:17:19:26:21:11:9:24:23:17:11:23:26:21:1:13:23:26:20:26:27:22:19:11:3:3:9:14:9:20:18:11:1:9:24:15:26:21:17:26:16:5:21:1:26:21:13:24:27:20:11:27:13:23:17:17:24:27:25:12:8:25:23:3:27:20:16:21:24:23:19:24:20:25:25:25:16:18:27:20:27:25:25:20:16:10:12:27:23:27:11:26:26:23:8:25:11:25:28:14:23:28:25:23:26:17:26:31:24:11:31:25:18:26:20:28:25:28:28:25:25:21:22:17:16:23:31:26:31:0:5:26:18:25:10:23:28:26:31:28:28:25:22:13:20:31:23:10:7:22:26:23:22:31:32:32:29:25:32:28:29:29:31:27:29:33:31:31:33:15:27:20:23:26:23:25:33:21:29:32:33:32:21:20:29:26:33:31:24:29:32:33:31:25:32:32:28:25:29:20:29:1:31
157955,47,32,0,371,0:0:1:0:1:0:0:1:0:1:2:2:1:1:0:2:1:1:2:2:3:3:0:4:2:0:3:0:2:2:0:3:2:1:1:0:3:2:3:2:1:4:4:4:4:1:5:4:3:7:6:1:3:0:5:5:5:3:1:5:4:6:6:3:4:6:7:5:3:7:4:5:5:6:6:7:5:0:7:5:7:1:4:4:4:5:1:3:6:2:3:5:0:4:2:1:0:3:8:7:0:6:8:2:1:4:1:9:6:4:6:8:4:4:9:6:2:1:6:3:9:2:5:6:3:9:5:0:9:4:1:8:8:3:4:7:6:2:3:5:7:4:6:7:10:5:2:2:10:6:9:1:3:3:9:5:9:3:7:2:9:10:10:8:7:9:2:4:1:8:1:0:0:6:7:9:4:3:6:2:7:4:1:3:2:6:2:8:8:5:1:7:11:14:13:5:1:10:6:1:7:11:12:1:13:14:14:4:3:7:11:4:5:8:12:10:0:9:13:14:1:4:2:9:0:12:14:8:11:14:14:6:0:6:4:12:10:12:8:1:12:13:14:4:14:12:11:11:8:10:14:6:12:10:0:7:0:9:10:0:3:13:2:0:12:6:12:7:2:3:5:13:14:8:3:6:9:0:12:12:10:12:11:9:9:11:14:2:7:14:7:6:5:10:0:9:3:10:0:8:12:13:15:4:9:12:12:15:4:12:16:4:15:13:8:6:12:9:8:4:2:7:15:15:13:11:15:8:8:6:16:8:11:8:14:15:5:12:3:15:9:10:12:14:7:14:13:3:0:7:2:7:11:11:11:15:15:0:10:16:13:1:14:3:5:11:13:7:8:16:15:14:9:15:2:9:17:16:8:13:1:17:16:18:11:1:6:13:8:17:10:17:15:13:13:17:17:13:6:10:4:3:16:10:14:15:16:13:13:8:15:6:3:2:18:10:18:11:8:12:18:12:12:18:14:17:19:5:14:14:16:19:19:14:8:7:14:15:14:10:11:10:17:12:9:5:18:15:18:15:16:9:5:11:0:15:13:9:6:17:3:18:8:5:14:11:18:2:13:12:10:7:12:16:14:11:19:16:19:14:8:4:1:12:19:6:16:16:8:16:6:15:8:11:10:9:13:19:18:10:12:14:14:9:13:11:19:19:17:19:17:7:14:2:12:12:19:3:13:12:14:14:17:18:17:8:19:18:19:19:0:3:6:4:16:13:18:13:10:7:15:15:12:7:19:7:5:10:19:12:5:16:7:18:19:13:5:19:3:11:0:18:3:7:11:7:12:12:7:9:10:10:17:15:18:11:1:16:17:5:5:8:16:17:11:3:17:13:5:11:8:0:18:17:22:4:22:22:15:8:2:9:10:13:6:19:17:19:19:14:9:16:7:22:13:11:8:8:15:1:0:15:12:14:19:7:2:20:10:19:13:20:6:20:1:24:16:3:20:20:22:22:1:10:15:0:7:8:24:22:20:15:18:9:8:20:17:9:10:12:19:8:18:17:22:22:6:17:13:18:22:15:17:16:1:11:18:0:9:24:21:16:27:17:21:16:22:18:0:21:27:14:14:10:21:21:18:24:20:2:17:27:19:22:4:17:15:17:11:27:1:12:7:22:16:22:15:22:22:21:20:24:6:0:22:19:10:12:19:19:21:20:12:19:22:12:16:6:17:22:21:8:22:27:24:15:17:24:19:3:24:14:27:9:20:17:24:20:15:27:18:20:24:21:17:27:16:27:10:22:3:16:1:24:19:15:5:11:20:10:24:18:22:21:27:6:27:24:22:6:16:16:19:16:26:26:27:23:15:21:26:24:6:9:7:19:11:11:23:10:16:20:26:27:22:20:11:26:22:23:14:21:13:9:22:9:16:13:8:1:27:24:15:22:21:23:22:23:26:22:22:2:20:2:22:21:25:25:23:26:26:9:20:11:23:24:6:5:25:17:3:26:25:25:26:23:25:17:23:11:20:21:21:4:25:23:23:26:25:26:21:21:18:12:21:10:26:0:25:25:21:27:9:23:19:25:14:23:24:31:26:24:21:23:25:24:22:2:31:24:31:16:31:9:25:31:22:31:18:27:12:19:27:31:26:25:28:27:24:23:25:11:21:25:31:28:26:25:28:20:28:27:28:23:31:23:16:21:15:24:27:28:31:22:31:29:26:32:26:24:21:24:32:29:29:26:28:27:32:24:15:25:26:32:28:32:32:29:28:29:29:15:18:0:27:32:29:12:20:21:31:32:32:28:29:29:24:32:28:25
163900,49,32,0,370,0:0:1:0:1:0:0:1:0:1:2:2:1:1:0:2:1:1:2:2:3:3:0:4:2:0:3:0:2:2:0:3:2:1:1:0:3:4:3:2:1:4:4:4:4:1:5:4:3:7:6:1:3:0:5:1:5:3:1:5:4:6:6:3:4:6:7:5:3:7:4:5:5:7:6:7:5:0:7:5:7:1:3:4:4:5:1:4:6:2:3:5:3:4:2:1:0:3:8:7:0:6:8:2:1:4:1:9:6:4:9:8:4:9:9:6:8:1:6:3:9:3:5:6:3:9:5:0:9:4:1:6:8:3:4:7:6:3:2:6:7:8:6:7:10:5:2:10:10:6:9:1:0:3:9:0:9:3:7:2:9:2:10:8:7:9:2:7:1:8:1:0:0:6:7:9:4:3:6:2:7:4:1:6:8:6:2:8:8:5:1:14:11:14:13:5:1:10:6:0:7:11:2:1:10:11:14:4:3:7:11:4:5:8:12:13:10:9:13:14:1:4:11:10:0:9:14:8:7:14:14:11:1:6:4:12:10:12:8:1:12:13:7:4:11:11:11:5:8:10:14:6:12:10:0:7:0:9:10:0:3:11:2:0:12:14:9:7:2:3:5:5:5:8:3:6:9:8:12:12:10:12:11:9:9:11:14:2:7:14:7:6:12:10:9:9:3:10:0:8:12:13:15:14:9:12:12:15:4:12:16:4:15:13:8:6:12:9:8:4:2:7:14:15:13:11:15:8:8:6:16:8:11:11:14:1:5:12:3:15:9:10:16:14:7:11:5:15:0:7:8:7:7:4:8:14:15:0:10:16:4:1:18:3:5:11:13:7:13:16:15:14:9:15:2:9:14:16:8:13:9:3:15:18:11:1:2:9:14:11:10:16:15:13:13:16:14:13:6:10:4:13:18:10:9:18:18:13:5:18:15:6:3:10:18:14:14:10:7:12:15:12:12:17:14:17:19:17:6:19:16:19:5:14:8:7:14:15:15:10:16:10:19:12:19:9:18:15:17:18:16:16:5:11:19:15:13:9:6:6:18:11:18:5:14:11:18:9:14:18:17:7:12:2:19:18:19:16:9:8:8:4:1:12:2:6:16:16:8:16:6:19:8:11:10:0:13:17:19:10:12:10:14:9:13:11:2:19:3:19:2:4:7:12:12:1:19:16:13:12:14:15:16:18:15:8:2:18:9:19:15:3:18:4:9:13:4:13:11:7:15:15:12:15:11:17:5:10:19:7:5:16:7:13:14:12:18:17:3:4:0:18:3:11:11:7:12:12:7:14:10:19:6:2:13:11:2:16:16:5:5:12:16:17:5:3:17:13:5:14:0:14:22:10:17:4:22:18:17:22:11:13:19:22:6:0:17:19:17:14:16:18:17:11:6:12:22:11:14:11:0:19:20:13:19:7:10:17:13:19:20:24:6:18:1:17:22:3:6:9:24:24:1:10:15:0:7:8:15:22:15:19:18:11:8:7:20:11:10:12:0:8:5:8:17:20:24:1:22:22:20:15:13:22:20:3:24:17:12:24:16:16:5:2:21:16:22:20:20:16:27:13:10:10:14:12:18:21:20:2:8:27:19:9:20:16:27:24:11:20:1:12:7:22:24:14:14:22:5:21:15:24:6:0:20:19:24:20:19:19:22:18:12:22:22:14:16:17:20:20:20:24:27:21:21:21:17:21:19:3:24:27:20:9:18:16:27:13:11:20:27:0:24:21:16:27:16:16:12:18:21:24:1:18:2:15:5:7:24:16:18:18:27:21:24:6:15:21:20:20:22:17:16:21:26:23:23:20:15:26:26:21:6:18:7:18:23:11:20:23:26:1:27:27:26:21:11:23:17:23:23:23:26:0:22:24:15:21:8:4:20:23:10:24:24:19:27:3:18:5:15:10:3:13:23:27:17:25:23:25:11:20:25:21:23:25:25:5:25:26:24:16:25:27:23:23:13:22:20:16:8:25:23:26:20:26:26:27:19:27:24:18:18:12:26:24:22:26:11:25:24:17:24:24:19:31:28:21:31:15:17:31:22:26:25:31:31:20:31:28:20:21:22:9:25:14:31:31:31:27:17:28:24:23:2:27:2:5:21:31:26:19:26:28:31:31:23:4:28:24:6:27:7:28:28:26:23:21:27:23:27:29:29:32:28:29:24:22:22:32:29:28:28:27:32:23:15:21:23:31:15:32:28:27:25:26:22:32:32:31:28:7:32:29:20:28:26:12:0:22:31:32:27:32:31:29:31:28:26:20
169556,50,32,0,369,0:0:1:0:1:0:0:1:0:1:2:2:1:1:0:4:1:1:2:2:3:3:0:3:2:0:3:0:2:2:0:3:2:1:1:4:3:2:3:2:1:4:4:4:4:1:5:1:3:7:6:1:3:2:5:5:5:3:2:5:4:6:6:6:4:6:7:5:3:7:4:5:5:7:6:7:5:0:7:5:7:1:3:4:4:5:1:4:6:2:3:5:3:4:2:1:0:3:8:7:0:4:8:2:1:4:1:9:6:4:9:8:4:4:9:6:8:1:6:3:9:3:5:6:3:9:5:0:9:6:1:6:8:3:4:3:6:0:2:6:7:8:6:7:10:5:10:10:10:6:9:1:0:3:9:0:9:3:7:2:9:10:10:8:8:9:2:7:1:7:4:0:0:7:7:9:4:3:6:2:7:9:9:7:10:6:2:8:8:5:1:14:0:14:13:5:1:10:7:0:1:11:12:1:13:14:14:4:3:0:11:4:5:8:14:13:10:9:13:14:10:4:11:8:0:9:14:6:7:14:14:11:1:6:4:12:10:12:8:1:5:13:7:7:11:11:11:5:11:10:14:6:12:10:0:7:0:9:10:0:3:11:4:0:12:7:7:14:2:3:6:5:5:12:8:4:12:8:12:12:10:12:11:9:9:11:8:2:7:8:10:6:12:3:9:5:3:10:3:8:12:13:15:14:9:16:12:10:11:12:16:4:12:13:8:4:12:13:8:4:2:11:9:16:13:11:15:8:8:7:16:16:5:11:14:1:1:7:3:13:9:4:16:14:7:11:5:10:0:7:8:9:7:11:0:14:15:0:10:16:14:1:18:3:5:11:11:7:13:16:15:14:9:15:2:9:14:16:8:13:1:3:15:18:11:1:2:9:8:11:10:13:15:15:13:3:14:13:6:13:6:3:16:10:3:18:18:13:13:18:9:8:16:10:18:14:9:6:8:13:15:12:12:17:17:10:19:17:6:19:16:19:19:14:8:3:14:15:15:10:16:10:19:12:9:5:18:15:17:18:16:16:5:11:0:15:16:9:17:6:18:11:18:5:14:18:18:9:8:18:17:7:17:2:13:3:17:18:9:14:8:4:1:12:2:6:16:16:8:16:6:19:1:11:10:11:13:17:19:10:12:17:14:2:13:17:2:19:3:2:2:1:6:18:4:1:19:3:13:5:19:19:3:18:15:19:2:6:18:19:2:17:18:4:16:13:18:12:11:11:15:15:12:7:11:17:5:6:12:7:5:16:17:13:5:12:5:3:11:4:18:2:17:17:11:14:6:12:7:10:4:10:16:17:13:11:2:16:16:22:22:19:16:11:19:3:17:13:5:8:0:14:22:10:17:22:22:6:17:22:2:9:19:22:13:19:17:19:22:14:15:18:4:17:10:12:8:22:14:11:0:19:20:15:19:7:10:17:22:19:13:17:6:18:1:17:16:10:18:9:13:13:10:5:1:20:22:13:22:17:15:11:18:11:18:7:17:9:10:12:0:8:12:8:18:20:6:1:15:14:22:19:19:16:20:15:22:0:12:15:21:16:5:2:21:21:24:20:0:16:21:19:27:24:17:7:20:17:20:5:8:10:19:2:21:4:27:13:2:27:27:8:19:7:27:18:14:3:27:21:21:27:20:0:20:10:13:20:15:22:17:21:20:10:20:14:16:17:27:20:27:10:27:19:22:21:24:27:21:11:24:27:20:9:0:16:22:27:14:20:24:20:24:24:16:21:16:27:12:4:9:16:1:21:2:15:22:7:24:20:14:17:24:20:20:19:9:6:11:20:15:24:19:11:26:22:26:21:27:24:13:23:6:18:7:20:26:11:26:10:22:24:14:24:27:18:27:26:23:20:23:5:26:27:22:24:23:18:11:1:9:23:14:18:8:23:23:20:18:22:15:10:15:4:20:21:18:26:22:25:25:24:11:22:14:21:26:23:25:26:13:19:20:0:21:14:25:12:26:16:7:11:25:21:26:2:26:21:24:12:25:18:16:5:22:5:17:0:4:26:25:4:27:23:21:12:23:21:21:21:20:23:28:21:24:28:31:23:12:31:31:28:28:9:31:25:25:3:28:24:25:28:21:31:28:22:0:5:26:28:31:10:23:28:27:17:31:4:22:22:13:25:25:31:26:20:19:15:8:21:29:23:32:29:31:29:26:26:29:23:19:26:2:24:22:31:32:22:20:17:26:26:29:27:32:31:32:32:32:20:28:28:27:3:32:29:31:32:25:11:8:32:31:18:28:25:25:27:29:29
171081,51,32,0,368,0:0:1:0:1:0:0:1:0:1:2:2:1:1:0:4:1:1:2:2:3:3:0:3:2:0:3:0:2:2:0:3:2:1:1:0:3:2:3:2:1:4:4:4:4:1:5:1:3:7:6:1:3:2:7:1:5:3:2:5:4:6:6:6:4:6:7:5:3:7:4:5:5:7:6:7:5:0:7:5:7:1:3:4:4:5:1:4:6:2:3:5:0:4:2:1:0:3:8:7:0:4:8:2:1:7:1:9:6:4:9:8:4:4:9:6:8:1:6:3:9:3:5:6:3:9:5:3:9:6:1:6:8:3:4:3:8:3:2:6:7:8:6:7:10:5:2:10:10:6:9:1:0:5:9:5:9:3:7:2:9:10:10:8:2:9:2:7:1:8:4:0:0:7:7:9:4:3:4:2:7:9:1:7:10:6:2:8:8:5:1:14:11:14:13:5:1:10:6:14:1:11:10:1:13:14:14:4:3:0:11:4:5:8:12:13:10:9:7:14:1:4:11:8:0:9:7:12:7:14:14:11:1:6:4:6:10:12:8:1:7:13:7:7:11:11:11:5:11:10:14:6:12:10:0:7:0:9:10:0:3:2:4:0:12:7:7:14:2:3:6:5:5:12:8:4:12:8:12:2:10:12:11:9:9:11:14:2:7:8:13:6:13:3:0:14:3:10:0:8:12:13:15:14:9:6:12:10:11:12:16:4:12:13:12:4:12:13:8:4:2:11:9:15:13:11:15:8:8:7:16:8:5:7:14:1:4:7:3:13:9:4:16:14:7:11:5:10:0:7:8:9:11:11:0:15:15:0:10:16:14:1:18:3:5:11:11:7:13:15:6:14:9:15:2:9:14:16:8:13:1:3:15:18:11:1:2:12:8:11:10:15:15:13:13:3:14:13:6:13:6:3:18:10:3:15:4:13:13:18:9:8:16:10:18:14:14:10:8:13:15:15:12:17:17:10:19:17:14:19:16:19:17:14:8:3:14:15:15:10:16:10:19:7:15:9:18:15:17:18:4:16:5:11:16:15:16:9:17:6:18:19:19:5:14:18:18:9:8:16:17:19:17:16:13:3:11:18:12:15:8:4:1:12:2:6:16:16:8:18:6:19:14:11:10:11:13:17:19:10:12:17:14:2:13:17:2:19:3:19:2:11:6:13:4:1:19:3:13:5:3:15:15:18:15:19:2:18:18:19:2:17:18:15:9:13:18:12:11:11:15:15:12:18:11:17:5:6:12:18:5:16:12:16:5:12:5:3:11:0:0:2:17:17:11:14:6:12:18:11:4:19:6:18:17:11:2:16:6:5:22:12:16:11:19:3:17:13:5:8:0:14:16:10:17:22:22:6:17:9:7:13:10:22:13:0:17:19:22:14:9:18:4:17:10:12:8:22:14:11:0:19:20:15:19:7:10:17:20:19:13:17:6:4:18:17:16:22:11:9:13:13:22:5:1:20:20:13:22:13:15:11:18:11:18:12:1:9:10:16:0:8:12:8:18:20:6:1:12:14:20:19:19:22:19:15:17:22:19:17:27:16:5:2:21:21:20:20:0:27:21:19:27:27:20:7:27:22:20:10:21:10:19:2:21:4:27:13:2:21:27:16:13:22:27:18:14:3:21:3:21:15:6:0:20:10:13:21:15:22:14:16:12:10:22:14:16:17:10:20:27:20:27:19:24:22:24:27:24:11:24:27:20:9:16:16:24:24:14:21:24:21:24:24:20:18:24:20:12:27:9:16:22:21:2:15:5:20:10:16:24:21:6:20:20:19:27:21:11:24:24:27:21:11:26:12:26:22:23:12:13:23:22:18:4:20:24:26:21:23:21:24:14:24:27:17:27:26:15:8:27:11:21:26:26:9:21:19:11:26:24:23:10:18:8:13:23:12:27:22:1:10:9:4:20:24:24:26:22:13:25:24:11:22:14:20:21:5:21:23:25:24:23:25:5:26:27:12:26:25:21:11:5:17:23:2:26:25:23:26:25:27:27:23:17:5:25:16:27:23:20:4:9:25:25:19:23:28:23:25:20:17:21:31:26:28:25:17:26:31:3:22:28:28:25:28:19:28:20:27:20:28:25:25:25:0:23:28:26:28:31:31:23:24:22:25:27:23:25:22:24:25:17:31:31:28:19:16:24:22:29:29:32:27:28:28:19:23:28:21:31:32:31:24:27:9:26:19:29:29:15:26:28:29:29:26:29:0:29:20:31:20:32:32:32:31:18:12:27:14:32:31:31:31:25:28:11:29:15:32
184640,55,32,0,367,0:0:1:0:1:3:0:1:0:1:2:2:1:1:0:4:1:1:2:2:3:3:0:3:3:0:3:0:2:2:0:3:2:1:1:4:3:4:3:2:1:4:4:4:4:1:5:1:3:7:6:1:3:2:7:1:5:3:2:5:4:6:6:6:4:6:7:5:3:7:4:5:5:7:6:7:5:0:7:1:7:1:5:4:4:0:1:4:6:7:3:5:0:4:2:1:0:3:8:7:0:4:8:2:1:7:1:9:6:4:9:8:4:1:9:6:8:1:6:3:9:3:5:6:3:9:5:0:9:6:1:6:8:3:4:3:4:3:2:6:7:8:6:7:10:5:2:2:10:6:9:1:0:2:9:0:9:3:7:2:9:8:10:8:2:9:2:7:1:0:1:0:0:7:7:2:10:3:4:2:7:9:1:7:2:10:2:8:7:5:1:12:0:14:13:8:1:10:10:1:1:11:10:1:11:14:14:4:3:0:11:2:5:8:12:13:11:9:13:14:0:4:11:3:6:9:14:6:14:13:14:11:1:6:4:6:10:11:10:1:7:11:7:7:11:9:11:5:11:10:14:6:12:10:0:7:0:9:10:0:12:2:4:0:12:7:14:7:2:14:6:5:5:12:8:6:9:8:12:2:10:11:11:9:9:11:7:2:7:4:7:6:13:3:0:5:3:10:0:8:15:13:15:14:9:12:10:5:13:6:16:4:9:13:8:4:12:13:16:7:2:16:12:2:13:5:12:8:8:6:16:8:10:7:15:1:1:8:3:13:9:8:16:15:8:11:5:10:15:2:8:9:7:11:11:7:15:0:10:18:14:1:18:3:5:16:11:7:13:16:6:11:0:12:2:16:14:18:14:13:5:3:15:14:16:1:5:8:8:11:18:13:10:15:13:14:4:13:6:13:6:3:16:3:3:16:4:13:12:14:8:7:16:16:12:15:12:10:8:13:15:16:12:17:11:17:0:17:14:19:10:5:19:14:4:3:10:15:18:18:16:10:3:10:15:9:17:19:17:12:4:18:18:11:0:13:16:9:15:17:7:15:19:19:17:11:18:12:8:18:17:9:5:18:13:8:11:14:19:15:8:4:17:12:8:6:4:12:11:10:6:19:16:11:17:11:13:17:17:12:4:3:17:2:18:17:12:19:19:19:8:3:9:13:4:2:17:16:13:18:15:14:15:15:16:18:19:6:10:19:15:3:18:15:9:18:7:13:10:11:15:16:18:7:11:15:14:15:12:17:5:16:19:0:14:13:5:3:11:0:0:2:3:18:11:14:6:12:19:14:19:5:10:15:18:11:1:16:18:22:22:19:16:5:11:18:17:10:11:18:0:14:12:10:17:19:5:13:15:9:2:10:13:4:13:0:22:19:17:15:15:17:22:22:10:9:22:8:5:5:17:19:20:15:8:7:2:17:19:19:13:17:6:4:1:3:18:22:11:16:13:20:22:5:20:0:12:13:3:20:15:19:19:11:22:7:17:10:10:20:0:12:12:8:14:18:6:22:22:9:19:12:13:16:16:20:22:16:9:17:27:16:5:27:20:21:19:21:0:18:11:4:27:21:20:9:20:17:12:10:8:10:19:2:17:12:27:13:2:27:22:20:21:7:9:17:27:3:5:3:11:16:21:18:17:21:21:17:21:27:27:21:12:27:16:21:16:17:27:20:27:21:22:27:24:14:17:27:20:3:21:24:13:20:0:22:21:13:22:24:20:21:14:24:20:27:27:19:10:27:9:1:22:15:22:15:24:17:9:22:20:17:24:17:21:6:6:6:16:16:10:21:22:24:26:26:23:23:23:12:21:21:6:21:24:14:16:20:23:26:20:22:27:24:26:17:24:14:23:26:20:3:23:18:26:2:27:27:26:24:16:12:19:19:7:23:26:27:16:7:1:14:9:0:26:22:25:20:14:24:11:23:18:23:23:24:19:22:25:23:25:25:22:24:25:23:20:10:9:22:24:21:27:26:27:23:23:15:21:25:25:20:20:5:15:22:18:26:4:23:21:22:25:21:18:19:28:27:23:25:25:28:28:18:17:21:26:15:27:28:13:10:20:6:28:28:19:22:23:21:26:13:25:23:2:24:16:28:28:20:25:28:20:25:26:25:20:27:20:28:24:27:14:27:28:23:26:21:25:21:31:32:9:29:28:23:25:28:29:31:31:24:32:32:6:27:23:22:24:17:24:32:25:29:23:32:31:29:22:25:32:31:29:29:26:31:31:31:18:29:26:21:20:28:25:26:18:32:32:14
213152,63,31,0,366,0:0:1:0:1:0:0:1:0:1:2:2:1:1:0:4:1:1:2:2:3:3:0:3:2:0:3:0:2:2:0:4:2:3:1:4:3:2:3:2:1:4:2:4:4:1:5:1:3:7:6:1:3:2:7:1:5:3:2:5:4:6:6:6:4:1:7:5:3:7:4:5:6:7:6:7:5:0:7:1:7:1:5:4:4:5:1:4:6:2:3:2:0:4:2:1:0:3:8:7:0:4:8:2:1:7:1:9:6:4:9:8:4:1:9:6:8:1:6:3:9:3:5:6:9:9:7:0:9:6:1:9:5:3:4:3:5:4:2:6:7:8:6:7:10:5:2:2:5:6:9:1:0:3:9:0:9:3:7:2:5:8:10:5:7:9:2:7:1:5:1:0:0:7:7:6:10:3:4:10:7:9:8:2:2:6:2:8:7:12:1:0:0:14:13:5:1:10:7:1:1:11:10:1:14:14:7:4:8:0:11:2:7:10:12:4:10:9:6:14:0:14:13:10:13:12:14:8:7:14:11:6:6:3:4:5:0:11:6:1:12:5:14:7:2:12:3:10:11:10:14:11:12:11:0:7:0:9:10:7:5:2:4:0:12:7:9:7:12:14:6:12:5:12:8:4:9:8:9:11:10:11:2:9:9:11:8:3:14:0:13:6:13:3:0:5:3:3:0:8:15:13:0:3:9:6:10:5:5:12:16:4:9:13:8:6:16:9:8:11:16:16:15:6:13:11:4:11:8:6:9:8:16:5:14:1:1:15:16:15:10:10:16:14:13:8:5:10:13:2:11:15:7:6:0:7:8:9:10:18:14:1:8:16:5:11:11:18:13:15:18:11:0:14:11:5:7:18:16:14:5:18:15:14:16:10:11:8:11:12:4:4:3:15:16:14:18:15:5:13:15:13:3:3:3:16:12:9:4:5:11:6:16:10:18:7:10:14:11:18:17:15:13:9:11:15:0:13:16:17:6:17:18:3:5:3:12:15:14:14:16:10:12:7:10:19:6:12:6:10:18:9:3:11:0:5:9:2:3:6:8:13:17:19:13:16:18:9:13:0:13:16:12:18:10:11:17:19:9:14:8:10:1:12:11:6:4:12:14:6:16:17:16:13:11:9:11:17:17:19:16:19:19:8:12:18:2:16:11:13:14:8:6:15:12:12:17:15:19:3:18:18:15:11:7:18:17:6:13:13:2:17:18:4:9:11:11:19:16:14:14:4:14:7:2:15:14:10:15:7:12:16:19:16:11:18:17:17:13:16:0:13:14:15:1:14:12:19:7:11:5:10:14:1:19:15:7:16:6:22:19:22:16:17:11:19:4:16:11:11:2:13:7:6:17:3:5:6:19:5:7:19:13:4:22:0:15:10:17:12:15:10:22:16:5:12:18:8:18:15:12:14:20:20:8:15:16:17:19:15:8:14:9:4:1:22:20:16:20:5:10:22:15:17:1:20:12:13:4:18:20:15:22:20:8:7:1:22:22:12:0:8:15:3:20:14:13:20:3:9:7:18:13:16:15:19:13:16:20:10:21:15:5:2:18:15:17:21:0:17:2:4:27:21:13:19:19:18:20:10:8:10:19:2:20:21:27:19:15:5:27:8:14:18:20:18:16:13:27:20:10:15:27:22:12:17:22:21:15:21:20:8:12:22:20:18:16:22:20:2:20:10:21:18:24:12:20:22:27:6:17:17:20:9:0:22:17:0:21:24:19:21:22:24:12:24:22:27:12:19:19:15:14:19:24:14:9:7:12:18:20:17:21:17:21:27:27:22:24:16:24:3:16:24:24:21:23:26:24:26:23:13:24:27:8:23:23:23:23:19:23:1:26:26:27:20:12:21:23:21:23:11:26:24:22:9:20:8:21:1:27:27:21:27:7:23:8:26:21:19:1:23:24:23:21:24:27:20:23:21:26:8:26:23:23:19:27:24:25:23:25:15:21:21:24:21:26:23:20:27:11:25:22:26:25:27:26:24:19:13:15:12:20:12:23:25:16:21:27:23:15:24:25:17:25:27:17:27:21:22:13:28:28:25:18:28:28:25:22:6:26:18:26:4:23:21:5:14:23:19:25:26:24:23:26:25:0:25:10:19:28:28:26:3:25:28:23:9:25:2:25:24:26:25:23:21:28:21:28:28:26:32:31:27:31:11:27:25:31:26:32:31:21:27:32:31:32:32:21:21:7:32:22:31:32:32:28:19:32:28:8:28:27:3:32:31:18:32:2:10:15:32:25:22:26:26:25:16:32:28
236590,69,31,0,365,0:0:1:0:4:0:0:1:0:1:2:2:1:1:0:4:1:1:2:2:3:3:0:3:2:0:3:0:2:2:0:2:2:3:1:4:3:2:3:2:1:4:2:4:3:1:5:1:3:7:6:1:3:0:7:1:5:3:2:5:4:6:6:6:5:1:7:5:3:7:6:5:6:2:6:7:5:0:7:3:7:1:5:4:5:5:1:4:6:2:3:6:0:4:2:1:7:6:8:7:0:4:8:2:1:7:1:9:6:4:9:8:4:4:9:6:8:1:6:5:9:3:5:6:9:9:7:6:9:6:1:9:8:3:4:3:3:5:2:1:7:4:6:7:10:5:10:2:10:2:9:1:0:3:2:3:9:3:7:7:5:2:10:8:3:9:2:7:5:7:1:0:0:7:7:7:10:3:6:2:7:9:1:7:2:6:6:8:8:12:1:0:14:14:13:5:1:10:10:10:2:6:10:1:6:14:7:4:9:0:10:11:14:13:14:10:12:9:4:14:1:4:13:8:14:12:14:8:7:14:14:12:1:3:8:5:0:11:8:1:7:5:10:13:6:12:11:11:11:10:0:11:12:8:0:7:0:9:10:7:12:6:4:0:12:7:7:11:14:14:6:8:5:12:7:2:9:9:9:11:13:11:5:8:9:12:14:3:7:4:13:9:5:3:2:5:3:3:3:8:5:13:0:3:16:6:16:5:6:15:16:8:9:13:8:4:16:9:16:4:16:11:15:8:13:12:4:11:8:7:5:16:16:15:9:1:1:15:15:10:10:4:16:5:13:14:3:10:12:7:10:16:7:11:8:11:8:16:7:10:14:7:8:12:16:10:1:15:15:15:6:11:14:1:13:5:13:7:16:9:5:18:15:11:16:1:6:8:12:15:13:18:3:8:7:14:18:15:6:13:6:15:3:3:8:18:9:16:4:13:0:13:16:14:13:7:12:9:3:5:17:19:15:9:19:18:0:13:8:10:10:17:14:18:5:19:12:15:17:10:15:13:12:17:15:13:0:12:13:14:17:19:3:18:0:9:9:16:8:6:0:18:0:15:19:16:18:18:14:0:13:16:19:2:13:18:9:19:9:11:13:4:17:12:11:6:4:19:8:14:16:14:16:13:19:9:15:19:17:10:12:3:6:17:12:19:11:16:14:13:15:8:0:17:7:12:17:2:19:12:18:17:13:11:17:10:14:6:10:18:0:3:18:4:9:11:11:19:16:14:14:4:18:7:2:15:6:17:16:14:16:19:11:0:10:3:0:5:15:0:11:13:2:17:19:14:10:18:7:4:10:6:16:9:12:15:1:16:22:22:18:10:16:17:14:3:22:10:22:8:2:13:12:10:16:17:12:6:15:2:18:6:22:12:16:6:15:22:22:18:18:15:22:8:8:8:15:18:7:16:4:10:14:3:10:13:20:19:20:15:19:1:6:4:1:4:20:16:13:22:22:22:20:20:5:0:3:16:18:19:19:19:17:13:22:11:19:9:6:20:5:11:13:5:14:11:13:22:12:2:13:11:10:22:4:22:22:20:20:19:18:15:13:15:27:19:9:11:0:21:22:27:13:21:15:17:27:27:20:12:18:21:17:21:10:4:11:17:13:27:22:16:7:2:21:1:16:20:19:20:9:17:20:20:8:17:22:18:17:21:18:8:12:21:22:27:21:19:17:27:11:21:24:27:5:22:24:27:15:21:24:27:15:24:20:21:27:24:18:18:19:19:21:15:19:20:21:24:10:18:24:20:4:18:27:14:9:7:9:6:3:19:8:13:27:24:22:21:2:27:27:22:16:26:21:17:24:16:27:23:20:21:20:5:26:21:26:17:26:23:24:1:21:17:15:20:24:26:23:23:20:11:27:24:24:27:27:24:2:17:9:20:22:26:17:24:8:24:5:7:1:26:18:26:19:26:19:23:1:23:26:27:20:26:27:27:26:22:23:20:23:26:24:17:4:24:4:14:14:18:24:17:5:22:4:26:27:24:23:23:5:22:20:26:26:12:20:22:21:19:26:20:24:21:27:18:19:28:26:24:21:25:23:21:1:21:26:26:12:12:28:10:14:28:18:28:17:14:25:8:15:25:20:28:28:25:22:25:10:28:24:13:1:8:27:11:21:23:12:25:25:20:21:21:24:24:23:25:23:23:31:31:32:25:15:32:23:23:32:19:1:28:2:23:25:28:27:25:27:0:7:28:21:31:16:31:23:25:31:32:28:7:32:20:32:26:28:32:2:19:31:25:28:28:23:31:25:31:28:31
240050,70,31,0,364,0:0:1:0:4:0:0:1:0:1:2:2:1:1:0:4:1:1:2:2:3:3:0:3:2:0:3:0:2:2:3:2:2:3:1:4:3:2:2:2:1:4:2:4:3:1:5:1:3:7:6:1:3:0:7:1:5:3:2:5:4:6:6:6:4:1:7:5:6:7:6:5:5:2:6:7:5:0:7:1:2:1:5:4:4:5:1:4:6:2:3:6:0:4:2:1:0:6:8:7:0:4:8:2:1:7:1:9:6:4:9:2:4:4:9:6:8:1:6:5:9:3:5:6:9:9:7:6:7:6:1:9:8:3:4:3:3:5:9:8:7:4:6:7:10:5:10:2:10:2:9:1:0:3:2:3:9:3:7:7:5:2:10:8:3:9:2:7:5:7:1:0:0:7:7:2:10:3:4:2:7:9:1:7:8:6:6:8:8:12:1:0:14:13:13:5:1:10:10:13:2:6:10:1:6:14:7:4:9:0:10:2:14:13:12:10:12:9:4:14:8:4:13:8:4:12:7:8:7:14:10:12:1:3:4:5:0:8:8:1:7:5:10:6:2:12:10:10:11:10:0:11:12:8:0:7:0:9:10:7:12:6:4:0:12:7:7:11:4:14:6:8:5:12:7:2:9:9:9:11:13:11:5:8:9:12:14:3:7:4:13:9:5:3:0:5:3:3:3:14:15:13:0:3:16:6:16:5:6:15:16:4:12:13:8:4:6:9:8:4:16:11:15:8:2:12:4:11:8:7:5:16:10:15:9:1:4:15:15:10:12:15:16:14:13:6:3:10:12:7:10:11:13:11:8:13:8:16:18:10:14:13:8:12:16:10:13:15:15:15:6:11:0:1:16:5:9:7:16:9:5:18:15:11:16:18:2:8:12:15:16:12:3:8:7:14:12:15:6:9:6:15:18:3:3:16:9:5:4:13:0:13:18:14:13:7:12:6:18:5:17:15:15:9:11:11:0:13:8:10:10:13:8:11:13:15:12:15:17:2:15:10:9:7:15:11:14:17:17:14:12:19:3:11:0:5:9:19:17:6:0:18:0:15:13:16:18:4:14:11:13:16:17:2:11:19:9:13:15:13:13:4:9:12:11:6:19:19:19:14:16:0:16:13:19:9:15:19:17:10:14:3:14:18:19:19:11:16:14:11:17:1:6:17:7:9:16:2:17:3:10:10:17:11:17:10:14:6:10:3:4:3:19:4:19:11:11:12:16:14:14:4:14:7:19:15:14:17:15:14:16:16:11:0:10:3:0:5:15:6:11:16:2:17:12:14:10:18:14:11:9:2:14:17:1:11:1:16:22:22:18:10:16:17:14:3:19:10:22:16:2:13:12:2:16:3:12:6:6:18:17:6:22:12:16:6:15:22:22:11:18:15:19:18:13:8:19:18:7:17:12:10:11:3:10:2:22:19:20:15:18:12:6:4:1:4:20:3:11:18:19:22:20:20:5:0:3:16:20:19:18:17:6:20:22:13:1:9:11:22:5:9:20:11:14:11:22:19:12:13:18:15:10:22:4:3:9:16:13:17:27:15:15:15:27:13:12:2:0:21:22:5:0:21:15:19:27:15:19:12:21:18:17:2:10:4:11:19:16:27:22:12:7:19:21:1:16:12:21:22:27:17:20:12:8:18:20:27:17:17:19:19:20:8:20:12:17:19:21:2:19:15:21:27:5:22:24:27:15:27:24:24:27:21:9:21:17:24:18:18:24:21:22:15:19:20:22:24:22:9:24:10:21:18:3:14:9:17:24:21:22:2:8:13:27:24:27:15:16:22:20:10:24:18:24:23:24:8:23:24:20:27:11:13:23:17:23:20:26:24:24:1:27:22:13:20:22:27:23:5:16:11:27:26:24:16:11:8:22:1:7:19:27:20:21:11:11:27:17:18:1:23:26:0:19:18:24:26:1:16:17:10:26:21:27:26:26:21:23:20:18:26:24:26:16:12:22:14:20:18:26:19:21:5:23:2:27:23:21:9:5:21:22:23:19:0:20:27:8:24:24:23:26:13:27:18:28:22:26:25:26:23:25:20:1:25:25:20:25:6:24:25:25:25:25:28:26:3:26:8:27:27:20:13:25:23:28:28:28:25:5:12:1:26:27:23:9:23:25:25:12:25:26:23:22:24:23:24:1:23:31:16:31:32:31:28:20:32:25:26:25:28:28:32:32:16:17:32:21:21:7:28:23:31:16:28:31:31:32:26:18:28:20:12:32:31:28:31:24:21:31:28:31:31:20:31:23:28:32:23
241682,70,31,0,363,0:0:1:0:1:0:0:1:0:1:2:2:1:1:0:4:1:1:2:2:3:3:1:3:2:0:3:0:2:2:3:2:2:3:1:4:3:2:2:2:1:4:2:4:3:1:5:1:3:7:6:1:3:0:7:1:5:3:2:5:4:6:6:6:5:1:7:5:3:7:6:5:5:2:6:7:5:0:7:1:2:1:5:4:4:5:1:4:6:2:3:6:0:4:6:1:7:6:8:7:0:4:8:2:1:7:1:9:6:4:9:2:4:4:9:6:8:1:6:5:9:2:5:6:9:9:7:6:7:6:1:8:8:3:4:3:3:5:2:8:7:4:6:8:10:5:10:2:10:2:9:1:0:3:2:3:9:3:7:7:5:2:10:8:0:9:2:7:5:7:1:0:0:7:7:7:10:3:4:10:7:9:1:7:2:6:10:8:8:12:1:0:14:13:13:5:1:10:10:13:2:6:10:1:6:14:7:14:9:0:10:4:14:13:12:12:12:9:4:14:1:4:13:8:13:12:7:8:7:14:10:12:0:0:8:13:0:8:8:1:7:5:10:6:6:12:10:10:11:13:0:11:12:8:0:7:0:9:10:7:12:6:4:0:12:7:7:11:14:14:6:8:5:12:7:2:9:9:9:11:8:11:5:8:9:12:14:3:7:4:14:9:5:3:2:5:3:3:3:14:15:13:0:3:16:6:16:5:5:15:2:4:12:13:8:7:16:9:8:4:16:15:15:8:2:12:4:11:8:7:5:16:10:5:9:12:1:11:15:10:5:4:16:14:0:6:3:10:12:7:10:11:7:13:8:11:18:16:7:10:14:12:8:12:16:16:13:15:15:15:6:11:0:1:11:5:9:7:16:9:5:18:15:11:13:18:2:8:12:15:11:12:3:8:7:14:12:15:18:9:6:15:18:3:3:16:9:5:4:13:10:13:18:14:13:3:12:9:3:5:17:15:15:9:8:10:0:13:16:10:10:13:14:11:13:15:12:15:17:11:15:10:9:7:15:11:14:17:17:18:12:12:3:11:0:5:9:2:17:6:14:18:0:15:13:16:7:4:14:11:13:9:17:2:11:8:17:16:15:14:13:4:9:19:11:6:19:19:8:14:16:0:16:13:19:9:15:8:17:10:14:3:14:17:19:19:11:18:14:11:15:4:6:17:7:9:16:2:17:3:13:17:17:11:17:10:14:6:10:3:4:3:19:4:19:11:11:12:16:14:11:4:14:7:2:15:0:18:15:14:5:16:11:19:14:3:0:5:15:6:0:16:2:17:12:14:10:19:14:11:10:6:16:1:11:11:1:16:22:22:18:8:18:17:6:3:19:10:19:8:2:13:12:10:16:17:16:6:15:18:17:6:22:12:16:0:15:22:22:11:17:15:22:22:18:9:19:18:7:16:4:18:11:3:10:2:22:19:20:15:18:12:6:4:1:4:20:3:11:19:19:22:20:20:5:0:3:15:4:12:19:17:17:16:22:13:1:9:6:20:5:8:20:11:14:11:22:22:12:2:11:15:10:22:8:3:9:16:19:17:18:4:15:3:27:19:12:2:21:21:22:27:13:21:27:21:27:15:21:22:21:18:13:2:4:4:11:19:17:14:22:12:7:19:21:1:16:12:21:20:27:21:20:20:8:18:22:27:17:10:20:20:7:8:20:27:17:13:21:2:18:15:24:27:24:18:1:27:24:27:27:24:15:21:9:21:21:24:18:18:24:18:22:15:19:18:22:24:22:19:24:20:21:24:3:17:9:17:24:20:22:19:4:10:17:13:6:8:2:22:27:22:20:26:23:26:23:21:23:24:17:13:14:13:5:26:23:20:26:24:24:1:18:22:26:5:24:27:23:5:27:11:27:20:24:16:20:8:22:27:21:19:22:24:19:11:11:27:5:18:27:17:17:20:23:26:19:26:1:13:17:16:26:16:27:15:12:22:18:23:19:26:26:26:4:12:17:14:20:20:24:18:5:26:26:23:27:15:19:27:20:24:22:23:19:0:19:23:26:9:21:14:24:13:23:26:28:26:26:28:14:25:28:25:23:25:26:22:28:25:24:15:14:25:23:26:25:25:26:22:14:23:25:28:28:21:27:22:20:25:25:25:21:26:25:25:25:28:28:24:28:26:28:25:22:24:27:20:17:12:28:32:8:32:23:26:24:21:25:23:19:31:2:13:32:25:27:31:16:0:7:28:28:19:17:27:13:22:21:20:31:13:28:12:21:16:28:32:6:32:25:18:28:15:31:31:23:21:32:27
257917,74,31,0,362,0:0:1:0:1:0:0:1:0:1:2:2:1:1:0:4:1:1:2:2:3:3:1:1:2:0:3:0:2:2:3:4:2:1:1:4:3:4:3:2:1:4:2:4:4:1:5:1:3:7:6:1:3:0:6:1:5:3:2:5:4:6:6:6:4:6:7:5:6:7:6:5:5:2:6:7:5:0:7:1:4:1:5:4:4:5:1:3:6:2:3:6:0:4:2:1:7:6:8:7:0:4:8:2:1:7:1:9:6:4:9:0:4:1:9:6:8:1:6:5:9:3:5:6:9:9:7:6:7:6:5:8:8:3:4:3:3:4:9:8:7:4:6:8:10:3:10:2:10:2:9:1:0:3:2:3:9:3:7:7:5:2:10:8:0:8:2:7:5:7:1:10:0:7:7:5:10:3:4:2:7:9:9:7:2:6:6:8:8:12:1:0:14:0:13:5:1:10:9:13:1:6:10:1:6:10:7:14:9:0:10:2:5:13:12:10:12:9:13:14:0:4:13:8:13:12:7:8:7:5:14:12:1:9:8:3:9:8:6:13:5:12:10:10:2:12:10:14:8:13:10:7:12:14:4:7:8:9:10:7:12:6:11:0:12:7:7:11:4:14:11:8:5:12:10:2:12:9:9:11:0:11:2:8:9:6:14:3:11:8:13:6:5:3:1:14:3:3:7:8:5:13:0:3:16:6:11:5:10:15:16:16:12:13:8:9:14:9:8:11:16:15:15:12:13:12:4:12:8:7:15:7:10:5:9:1:1:7:15:10:12:15:16:11:11:6:3:10:2:7:8:11:12:13:8:12:18:16:7:10:14:12:8:12:16:16:13:11:13:15:6:3:0:12:13:5:9:7:16:14:5:3:14:5:16:4:6:8:12:15:9:12:3:8:7:14:12:15:6:9:4:15:3:13:18:0:13:5:4:18:12:9:13:11:13:7:12:6:8:11:17:15:15:11:18:11:11:13:17:18:16:13:17:3:4:2:12:15:17:2:18:10:15:7:15:9:13:14:13:12:4:12:3:18:10:5:15:16:17:6:14:18:0:15:13:8:7:2:14:13:11:16:5:18:11:8:8:16:16:8:13:4:12:19:14:6:19:4:8:14:19:0:0:12:19:13:15:19:17:10:18:11:18:12:9:19:18:16:14:11:15:1:0:16:7:15:16:0:18:9:10:17:16:11:17:2:14:6:17:3:2:11:14:18:19:18:11:10:16:14:6:17:14:7:19:5:0:16:16:14:5:16:11:11:14:3:0:17:15:10:0:13:2:18:19:14:14:19:16:12:10:15:11:9:11:15:1:17:19:3:18:8:16:14:14:3:19:18:12:16:2:13:12:2:7:14:16:4:18:18:16:16:18:4:13:15:15:11:9:11:9:17:4:19:5:8:19:13:10:5:12:9:11:3:17:15:22:19:11:15:22:20:6:4:20:18:9:11:13:22:20:0:20:19:0:0:3:17:20:19:19:19:17:13:12:7:20:22:22:19:11:22:17:19:17:22:15:12:14:13:18:20:16:16:8:22:11:16:15:20:21:15:13:17:19:20:21:20:17:20:27:27:10:21:15:19:17:13:20:12:19:16:17:2:20:22:11:21:18:21:27:19:10:21:27:18:16:20:20:20:14:20:19:21:14:17:15:22:3:4:20:9:20:17:27:13:16:22:21:2:9:15:24:27:17:17:8:24:15:27:18:27:22:27:24:22:24:8:21:27:11:21:22:21:19:27:16:20:19:19:19:10:18:14:16:0:20:7:17:22:11:2:15:10:24:27:6:15:21:0:17:24:18:23:26:24:21:20:23:16:20:17:18:13:7:17:26:26:26:14:11:20:18:21:23:22:26:26:17:26:24:11:5:21:18:16:14:27:14:1:27:20:24:2:8:24:23:10:5:7:21:24:20:26:21:23:24:17:1:16:24:10:23:27:24:23:23:23:6:26:20:22:12:18:5:21:27:21:20:15:22:23:13:26:17:2:14:27:19:20:3:16:22:5:19:24:16:27:23:18:27:4:14:26:26:17:28:14:26:25:5:26:25:20:23:9:26:28:23:6:21:16:25:27:23:23:24:24:21:23:24:28:25:10:26:25:27:23:25:24:5:25:1:6:20:27:26:16:26:27:21:25:28:28:28:28:16:28:5:25:32:22:20:26:31:25:25:32:25:23:23:31:21:32:23:31:31:32:28:31:28:32:28:4:24:28:32:21:31:24:31:31:32:32:25:26:23:31:32:25:25:32:31:18:7:31:25:26:24:24
282102,81,31,0,361,0:0:1:0:1:0:0:1:0:1:2:2:3:1:0:4:1:1:2:2:3:3:1:1:2:0:3:0:2:2:0:2:4:1:1:4:3:4:2:2:2:4:2:4:4:1:5:1:3:0:6:1:3:0:6:1:5:3:2:5:1:6:6:6:1:6:7:5:6:7:6:5:5:2:6:7:5:0:7:1:2:1:5:4:4:5:1:3:6:2:3:6:0:4:6:1:7:6:8:7:0:3:8:2:1:7:1:9:6:4:3:2:4:4:9:6:8:1:6:5:9:2:5:6:3:9:7:6:6:6:0:9:8:3:4:3:3:4:2:5:1:4:6:8:10:5:10:2:10:2:9:1:0:3:2:3:5:3:7:7:5:0:10:8:3:10:2:4:5:7:7:10:0:8:7:5:4:3:4:2:7:7:3:7:9:10:6:8:8:12:1:0:14:0:4:5:1:10:9:1:1:6:10:1:6:10:7:4:9:8:10:2:5:13:12:12:12:9:4:5:0:4:13:8:13:0:7:3:4:5:10:12:6:8:9:3:0:8:6:9:5:12:10:12:10:12:1:5:14:13:8:7:12:14:3:0:0:9:10:7:12:13:11:5:12:7:7:11:4:14:6:8:5:9:9:2:9:9:14:11:8:14:7:9:9:6:14:3:11:4:13:6:10:9:2:14:3:4:0:8:5:13:0:3:16:6:11:5:8:15:16:16:12:13:8:7:14:13:8:11:11:15:15:9:13:12:14:11:8:7:15:7:8:7:3:1:2:7:13:10:10:15:16:11:11:6:3:10:13:11:8:11:7:6:15:8:2:9:7:10:16:13:8:12:18:14:12:11:15:15:14:11:0:15:18:5:9:14:16:14:18:16:14:5:16:6:6:9:12:12:9:15:10:8:7:14:18:16:10:2:18:18:1:13:15:0:13:16:13:8:0:11:14:8:13:7:9:10:15:16:17:17:11:9:8:11:11:13:17:18:16:18:2:3:5:15:12:17:18:0:15:10:15:7:9:14:11:12:13:17:4:12:6:17:0:5:18:16:17:14:14:12:0:15:13:8:7:2:6:13:6:16:17:16:8:14:8:16:9:16:13:4:12:12:17:6:4:19:8:14:15:0:17:10:17:12:13:9:17:18:14:6:18:17:9:19:3:16:19:11:2:4:0:17:7:5:18:9:15:17:10:0:13:11:19:10:14:18:17:3:2:9:17:19:9:18:11:10:16:5:6:18:14:19:2:5:13:16:11:14:16:16:11:11:10:15:18:19:18:16:17:11:15:19:1:9:14:17:7:19:10:6:16:10:16:18:1:16:19:3:15:8:16:14:8:18:19:10:19:18:18:13:12:18:7:15:16:4:9:2:4:18:19:12:18:4:19:3:12:11:17:7:19:16:13:8:8:13:18:12:12:9:11:15:10:2:1:3:11:10:20:22:15:7:3:1:20:22:13:18:10:0:20:19:1:12:15:19:22:22:22:18:3:22:19:7:22:10:13:9:20:8:20:17:22:22:13:15:4:13:20:18:22:20:22:19:9:9:21:20:15:20:13:14:19:16:21:17:14:21:22:5:21:27:15:21:15:13:21:20:21:19:18:2:13:6:17:27:21:22:22:16:8:27:22:1:27:12:21:21:18:20:27:14:3:10:21:3:20:2:14:27:21:17:20:12:21:13:22:13:9:3:17:17:22:22:27:24:7:21:27:24:22:24:11:20:24:15:14:16:11:27:13:22:21:21:14:27:19:21:21:21:27:14:13:0:19:24:27:19:24:7:4:19:18:24:0:15:11:14:20:24:21:24:24:27:22:11:24:27:21:24:22:13:4:26:17:26:26:14:24:24:26:8:10:14:19:24:15:17:16:27:3:22:21:26:14:8:10:1:27:21:0:22:1:17:4:24:5:11:17:27:2:4:27:24:24:24:23:16:27:19:27:12:15:24:12:19:6:23:22:10:22:1:24:26:21:20:19:19:23:26:5:20:23:23:17:18:23:19:20:26:26:18:18:16:7:21:20:21:21:23:26:21:9:12:20:14:27:24:23:23:25:25:28:21:6:28:20:25:2:22:25:16:28:18:25:18:28:28:26:28:26:23:28:25:11:25:28:18:5:27:26:23:20:21:3:28:20:20:28:25:28:28:20:0:25:27:25:24:32:20:20:13:32:32:32:31:28:25:25:32:2:19:26:10:31:25:23:5:7:23:25:22:15:11:13:0:25:31:28:26:32:31:26:25:24:11:2:24:20:28:32:25:25:25:28:32:25:31
284919,82,31,0,360,0:0:1:0:1:0:0:1:0:1:2:2:3:1:0:4:1:1:2:2:3:3:1:1:2:0:3:0:2:2:3:2:4:1:1:4:3:2:2:2:2:4:2:4:3:1:5:1:3:0:5:1:3:0:6:1:5:3:2:5:4:6:6:6:5:6:7:5:6:7:6:5:5:2:6:7:5:0:7:1:7:1:5:4:4:5:1:3:6:2:3:6:0:4:6:1:7:6:8:7:0:3:8:2:1:7:1:9:6:4:3:2:4:1:9:6:8:1:6:5:9:2:5:6:3:9:7:3:6:7:9:9:8:3:4:3:3:4:2:8:1:4:6:9:10:5:10:2:10:2:9:1:0:3:2:3:5:3:7:7:5:2:10:8:9:10:2:7:5:7:7:10:5:8:7:5:0:3:4:10:7:7:1:7:2:10:6:8:8:12:1:0:14:0:4:5:10:13:9:1:1:6:10:1:6:4:7:3:14:8:10:2:5:13:12:12:12:9:4:5:1:4:13:9:13:0:7:3:4:5:10:12:14:8:9:3:0:8:6:9:5:12:10:12:8:12:1:5:11:13:8:7:12:14:0:11:0:9:10:7:12:2:11:0:12:7:7:4:4:14:11:8:5:9:13:2:14:9:14:11:8:14:7:9:9:11:14:3:11:10:13:6:10:14:2:14:3:4:0:7:5:13:0:3:9:6:11:10:6:15:16:16:12:13:8:15:15:13:8:11:11:11:15:9:16:7:6:11:8:7:15:16:8:7:3:1:1:7:13:10:10:15:16:3:11:6:3:13:13:7:8:11:14:16:9:12:2:18:7:14:16:13:8:12:15:14:12:11:11:15:6:11:0:15:18:5:14:14:16:14:18:16:14:5:16:1:6:9:12:12:9:15:3:8:16:14:11:16:10:2:6:18:1:13:8:0:13:10:15:8:0:16:14:15:13:7:15:6:9:5:17:17:11:17:8:11:11:13:17:10:16:18:15:3:13:14:12:17:18:0:15:10:15:7:15:8:6:12:11:17:14:12:6:17:13:5:18:9:17:14:0:18:0:15:14:4:7:2:6:13:16:16:17:16:8:14:8:13:15:8:13:4:12:12:17:6:4:19:8:14:15:0:17:10:17:12:13:9:17:18:10:6:17:12:12:19:3:16:17:11:2:4:0:16:7:5:16:0:15:17:19:5:18:11:19:10:16:0:17:3:2:9:17:19:9:18:11:12:16:5:6:18:14:19:2:19:13:16:3:14:19:16:9:18:4:13:18:19:15:3:17:13:2:17:12:14:10:17:16:18:18:11:16:17:16:18:1:16:16:3:15:10:14:4:8:4:19:16:19:18:18:13:12:2:19:15:16:4:9:19:4:18:19:12:4:4:19:3:12:19:17:8:19:16:13:8:8:13:18:12:12:9:11:15:8:2:11:3:11:10:11:22:15:10:1:16:11:22:13:9:20:0:9:19:1:12:15:19:22:22:22:18:3:15:22:7:10:10:6:9:5:8:20:17:17:22:13:20:14:13:13:14:22:16:9:20:19:16:21:20:15:20:13:27:19:20:27:17:14:20:22:10:14:13:19:21:17:13:21:16:20:16:12:2:22:6:21:27:21:18:21:18:27:2:22:1:27:20:21:20:27:20:27:14:19:14:20:27:19:21:14:27:27:21:18:17:13:27:27:5:1:3:17:24:22:22:4:22:22:20:27:24:24:11:11:20:24:27:14:24:2:10:13:22:27:14:14:20:19:18:24:20:1:14:13:8:15:24:9:27:20:2:4:19:24:27:0:1:11:8:19:7:21:16:26:27:22:26:19:24:15:19:19:13:15:17:17:21:10:21:18:1:26:8:10:24:21:26:22:17:16:6:26:22:24:26:26:18:14:1:27:20:21:20:20:26:26:24:5:7:26:17:20:4:21:7:27:18:27:16:21:26:27:12:6:24:12:19:6:26:22:27:22:1:5:18:21:14:9:27:8:26:22:22:22:17:12:24:20:5:5:24:20:26:18:15:21:24:26:14:17:19:1:11:24:17:18:23:28:28:24:28:25:25:22:28:28:22:28:6:23:23:22:28:22:27:25:7:28:19:26:25:23:21:28:25:26:26:26:24:5:8:22:20:25:21:0:10:25:15:28:24:28:26:23:19:25:27:21:1:23:23:31:23:28:31:24:25:20:25:21:32:25:31:31:28:32:32:31:5:7:28:31:31:32:23:28:32:31:20:32:28:17:23:32:24:21:32:31:23:25:28:31:32:18:23:32:21:25:4
311897,89,31,0,359,0:0:1:0:1:0:0:1:0:1:2:2:1:1:0:4:1:1:2:2:3:3:1:1:2:0:3:0:2:2:3:2:2:1:1:4:3:2:2:2:2:4:2:4:3:1:5:1:3:0:6:1:3:0:6:1:5:3:2:5:1:6:6:6:5:6:7:5:6:7:6:5:5:2:6:7:5:0:2:1:2:1:5:4:4:5:7:3:3:5:3:6:0:4:6:1:7:6:8:7:0:8:8:2:1:7:1:9:6:4:3:2:4:1:9:6:8:1:6:5:9:3:5:6:3:9:7:3:6:6:9:8:8:3:4:0:3:5:2:8:1:4:6:9:10:5:4:2:10:2:9:1:0:3:2:0:5:3:7:7:0:2:10:8:9:10:10:4:5:7:7:6:5:7:7:2:0:3:4:2:7:7:1:7:2:10:6:8:8:12:1:12:14:0:4:12:1:13:9:1:1:8:13:1:6:4:12:4:14:8:10:2:5:13:12:13:12:9:1:0:1:12:13:8:6:0:5:3:4:8:14:6:6:0:4:3:14:8:12:9:12:10:10:12:2:12:1:10:11:13:8:7:14:14:0:11:0:9:10:9:12:2:11:0:12:7:11:11:4:3:6:5:5:9:13:4:14:9:14:10:8:11:5:8:9:11:7:12:9:10:13:14:5:14:2:10:3:3:12:7:5:13:9:3:9:6:11:5:6:15:16:16:14:13:8:15:14:13:12:11:11:11:2:12:16:7:6:13:8:10:14:7:10:7:3:1:1:7:13:10:10:8:16:9:12:8:3:13:13:7:14:9:7:16:8:15:2:18:7:4:16:13:8:10:15:14:18:18:15:15:6:3:0:15:15:5:9:14:16:14:18:3:14:14:16:1:6:8:10:9:13:14:3:8:7:14:7:18:10:13:6:11:1:13:8:0:4:5:15:8:9:16:13:18:13:7:15:6:8:5:17:12:11:9:8:16:11:13:7:10:16:17:17:8:7:12:18:17:18:14:15:10:14:7:7:8:6:12:13:17:4:15:6:14:0:17:12:2:8:9:14:4:0:2:16:4:6:12:3:9:16:4:17:10:8:14:15:13:12:8:13:4:9:15:17:6:17:19:8:14:10:0:17:10:17:12:17:9:11:15:10:14:17:2:12:19:14:17:17:11:2:4:0:17:7:19:16:9:17:12:19:0:19:16:17:10:14:6:17:3:2:9:14:19:16:10:16:15:19:5:6:4:12:19:0:15:0:7:17:9:19:18:4:15:4:10:0:19:16:10:18:16:8:10:1:16:14:17:7:4:11:11:16:9:16:18:14:16:16:3:15:15:16:4:6:4:19:10:19:19:11:13:9:19:19:15:16:9:9:2:17:18:19:15:18:8:19:3:13:19:17:18:15:17:15:14:16:19:13:18:12:0:11:8:8:11:11:20:18:14:20:20:15:18:4:17:20:10:20:9:17:20:20:3:1:12:15:18:19:20:18:18:3:13:19:7:12:11:6:20:5:19:17:20:20:11:13:15:18:13:13:19:19:12:11:3:19:16:11:18:8:21:22:16:22:16:27:20:22:21:22:5:22:27:21:21:15:9:20:22:16:22:16:10:21:6:17:20:16:22:12:27:22:2:27:1:17:20:27:5:22:12:27:22:12:27:17:13:17:11:6:20:15:20:13:17:22:13:27:4:1:18:27:19:24:24:4:27:11:22:4:27:18:16:14:15:24:13:5:24:10:12:13:14:24:22:21:19:19:21:21:1:10:24:27:5:15:7:21:18:3:2:24:24:22:1:20:1:21:14:15:7:21:16:27:24:3:11:19:18:21:26:15:22:7:24:24:26:26:26:15:21:10:21:21:26:17:24:11:16:21:20:24:22:27:22:14:4:24:19:12:13:12:26:17:22:26:27:5:17:26:24:21:10:14:24:26:22:21:20:24:19:27:20:24:24:15:21:18:19:9:27:26:14:5:20:21:15:24:16:8:21:18:26:0:27:12:20:22:26:20:21:27:9:8:7:18:24:22:22:21:9:5:27:22:26:23:21:0:22:25:23:28:28:10:27:24:28:17:28:26:18:24:28:18:11:25:25:16:21:28:28:26:23:24:25:14:23:26:27:28:8:1:25:28:25:23:21:25:21:20:27:20:23:26:26:28:24:24:23:28:23:31:23:31:8:24:32:23:32:13:31:2:25:15:19:32:32:17:31:24:32:31:31:18:25:25:22:31:26:31:27:32:25:26:31:32:25:20:25:21:23:31:28:25:31:13:31:12:10
318056,91,31,0,358,0:0:1:0:1:0:0:1:0:1:2:2:1:1:0:4:1:3:2:2:3:3:1:1:2:0:3:0:2:2:3:2:2:1:1:4:3:2:2:2:2:4:2:4:3:1:5:1:3:0:6:1:3:0:6:1:5:3:2:5:1:6:6:6:5:6:7:5:6:7:6:5:5:2:6:7:5:0:2:1:2:1:5:4:4:5:1:3:3:5:3:6:0:4:6:1:7:6:8:7:0:3:8:2:1:7:1:9:6:4:5:2:4:1:9:6:8:1:6:5:9:3:5:6:9:9:7:3:6:6:9:8:8:3:4:0:3:4:2:8:1:4:6:9:10:5:4:2:10:2:9:1:0:3:2:0:5:3:7:7:5:2:10:8:0:10:10:7:5:7:7:6:0:7:7:2:0:3:4:2:7:7:1:7:2:2:6:8:8:12:1:10:14:0:4:12:1:13:9:1:1:8:13:12:6:10:12:3:14:8:10:2:5:13:12:13:12:9:4:0:1:12:13:13:10:0:7:3:4:5:14:6:6:0:4:3:14:8:12:5:12:10:10:13:2:12:1:5:11:13:8:7:14:13:0:11:0:9:10:7:12:2:9:0:12:7:11:11:7:12:6:5:11:9:13:4:14:9:12:11:8:11:5:11:13:11:7:9:10:11:10:14:11:14:2:10:13:4:12:7:5:13:9:3:9:6:11:5:5:15:16:16:14:3:8:15:14:9:12:11:16:11:2:9:16:7:6:13:8:7:14:7:10:7:3:1:1:7:13:10:10:15:16:9:13:8:3:13:11:7:3:16:7:16:8:15:2:18:7:4:18:13:8:12:15:14:18:18:13:15:12:3:0:15:13:5:4:14:16:14:18:16:14:14:16:1:6:8:10:15:14:14:3:8:7:3:7:18:10:13:12:18:1:13:10:0:4:18:12:8:0:16:14:10:13:7:15:6:8:5:17:17:11:9:8:16:0:13:7:10:16:5:17:8:7:12:18:17:18:11:5:11:17:7:15:8:3:12:18:17:4:15:6:14:0:5:15:2:8:9:14:16:18:12:16:4:6:15:3:9:16:4:11:10:8:8:8:4:15:12:13:4:9:15:14:16:17:17:8:14:16:0:3:13:17:12:9:9:11:15:10:14:17:2:11:16:14:17:17:13:2:4:0:17:7:5:18:9:15:11:13:9:0:16:17:13:14:6:17:3:2:9:14:15:9:18:16:3:16:12:6:17:12:19:0:15:15:7:14:9:14:18:4:16:4:11:11:5:8:10:9:16:2:19:1:16:3:11:7:19:16:6:16:17:8:18:1:16:16:3:15:15:16:4:6:4:19:10:19:19:11:13:14:2:7:18:18:9:9:10:18:18:19:15:4:8:4:17:9:19:16:16:18:17:14:8:15:19:13:18:0:0:17:3:8:2:11:20:18:14:20:20:6:17:1:1:20:10:13:10:20:20:20:20:1:12:15:5:14:17:17:19:19:13:19:17:10:11:6:19:5:15:17:20:10:2:6:15:12:13:13:17:5:7:9:3:19:15:27:15:8:21:10:16:19:16:12:21:22:27:22:5:22:13:15:17:15:4:10:15:27:22:18:12:21:6:14:20:22:27:27:27:21:2:21:1:20:21:21:19:22:17:21:20:3:16:27:13:17:11:21:9:15:22:13:19:19:4:21:2:1:4:24:22:24:19:4:27:19:22:4:27:20:21:20:20:20:17:22:16:20:22:22:22:20:19:21:24:17:27:27:1:21:10:7:27:15:12:14:6:3:2:24:24:10:12:19:24:17:24:24:7:14:16:26:26:22:11:19:18:26:22:19:22:7:19:24:26:26:21:21:21:20:22:24:5:19:1:26:13:26:24:10:27:10:19:14:27:24:17:22:17:22:26:18:24:26:27:26:16:24:18:26:12:27:20:20:15:19:19:22:13:26:16:21:15:15:21:27:19:9:20:12:22:21:18:21:15:15:16:8:11:5:26:20:12:10:19:27:26:5:21:14:18:8:17:20:0:22:27:21:27:5:10:18:17:24:28:22:14:27:24:26:25:3:28:23:23:20:28:28:23:28:24:28:20:25:25:26:28:18:28:24:23:26:23:26:11:26:26:23:28:1:25:25:23:22:23:25:12:13:27:25:23:28:28:23:22:23:23:32:25:32:31:31:18:32:23:28:32:28:32:28:32:32:24:25:25:25:0:32:24:32:31:31:31:31:22:25:26:25:32:24:25:28:23:21:26:27:25:26:31:20:31:31:25:28:31:32:12
329816,94,31,0,357,0:0:1:0:1:0:0:1:0:1:2:2:1:1:0:4:1:1:2:2:3:3:1:1:2:0:3:0:2:2:3:2:2:1:1:4:3:2:2:2:2:4:2:4:4:1:5:1:3:0:6:1:3:0:6:1:5:4:2:5:1:6:6:6:4:6:7:5:6:7:6:5:5:2:6:7:5:0:2:3:2:1:5:4:4:5:1:3:3:5:3:6:0:4:6:1:7:6:8:7:0:8:8:2:1:7:1:9:6:4:5:2:4:1:9:6:8:1:6:5:9:3:5:6:9:9:7:3:6:6:0:8:8:3:4:0:3:4:2:5:1:4:6:9:10:5:4:2:10:2:9:1:0:5:2:0:5:3:7:7:9:2:10:8:3:4:3:4:5:7:1:6:6:7:7:2:4:3:4:2:7:9:1:7:8:2:6:8:10:12:1:0:14:0:4:12:1:13:9:1:1:6:13:1:6:10:13:3:14:8:10:2:5:13:12:12:12:9:4:13:1:10:13:8:13:0:7:3:4:7:14:6:5:0:4:3:0:9:12:9:5:10:10:4:2:12:1:5:11:13:8:7:12:13:0:7:0:9:13:7:12:2:11:0:12:7:11:4:4:3:6:5:11:12:13:2:14:9:12:11:8:11:10:11:9:11:7:9:10:11:10:6:11:14:1:8:13:4:0:7:5:12:9:3:9:6:11:5:6:15:16:16:14:3:8:15:14:9:11:11:11:11:2:9:16:10:6:7:10:7:15:3:10:7:3:1:1:12:13:11:10:15:16:3:0:8:3:13:8:7:8:16:7:16:8:14:2:18:7:4:18:13:8:12:18:5:18:18:10:12:14:11:15:18:14:5:4:16:16:12:5:18:14:14:16:6:2:8:10:15:0:14:18:8:7:3:7:12:10:13:6:0:14:10:15:18:4:11:15:8:9:3:14:15:15:7:15:6:15:8:14:12:11:9:8:18:11:13:7:14:16:5:7:18:7:9:18:7:14:14:15:11:18:12:15:8:6:17:18:17:12:12:6:14:0:5:15:2:8:9:14:18:0:2:3:14:11:2:3:9:16:4:12:0:14:3:7:17:8:16:13:4:9:17:11:6:17:17:8:14:15:0:3:13:17:12:13:9:11:18:10:6:14:0:12:17:14:18:17:13:3:4:15:17:7:5:18:9:12:9:14:0:3:16:17:13:14:14:9:3:2:9:14:15:16:10:16:12:13:16:6:4:12:17:8:17:17:7:16:9:14:17:4:11:17:11:14:15:17:18:15:16:2:10:1:16:9:13:4:14:16:8:10:18:8:12:1:8:16:10:18:11:19:4:6:4:19:15:5:13:11:13:14:2:7:18:16:9:9:10:18:8:15:15:19:8:4:18:11:19:16:16:15:19:0:19:8:19:13:19:12:15:17:8:8:2:19:11:18:14:20:20:15:17:1:1:20:16:13:19:20:19:9:20:1:5:15:5:17:17:18:18:14:8:19:7:9:19:6:12:5:19:10:17:10:13:19:20:14:16:13:19:5:17:19:3:19:16:27:20:8:22:22:16:27:22:21:20:21:27:19:5:21:22:15:18:15:22:20:18:27:15:18:2:13:17:21:20:20:11:27:27:22:22:22:14:27:17:21:5:4:21:27:20:3:16:15:19:3:21:17:22:20:20:20:0:20:4:21:2:3:7:27:19:10:24:4:19:22:27:4:21:17:22:27:11:24:17:27:24:27:20:19:27:27:19:27:21:22:27:10:1:24:24:7:16:5:21:9:24:11:2:6:15:20:22:27:15:27:19:16:21:16:24:21:24:16:14:21:24:26:24:22:26:7:24:11:21:20:22:20:22:3:26:26:9:26:21:20:15:26:26:21:21:27:12:26:27:19:1:22:2:21:26:17:24:26:24:10:7:21:20:24:12:27:15:21:15:27:19:21:9:27:5:22:24:18:17:18:14:9:7:20:24:21:21:26:24:10:21:24:17:16:24:22:10:12:24:27:24:20:16:21:18:19:17:8:24:22:27:18:18:26:14:19:23:20:23:24:17:25:25:27:26:23:28:25:23:28:28:15:28:28:23:28:17:25:25:25:28:21:21:26:25:13:25:20:23:0:24:5:26:28:28:28:25:28:17:27:26:25:25:26:27:28:25:19:10:5:26:23:25:20:32:32:24:31:32:32:32:28:23:32:23:26:10:25:19:25:0:28:27:32:24:25:27:31:10:20:22:26:31:23:31:26:31:21:31:12:26:12:31:26:10:32:19:28:23:25:11
335530,95,31,0,356,0:0:1:0:1:0:1:1:0:1:2:2:1:1:0:4:1:1:2:2:3:3:1:1:2:0:3:0:2:2:3:2:2:1:1:4:3:2:2:2:2:4:2:4:4:1:5:1:3:7:6:1:3:0:6:1:5:4:2:5:1:6:6:6:4:6:7:5:6:7:6:5:5:2:6:7:5:0:2:1:2:1:5:4:4:5:1:3:6:2:3:6:0:4:6:1:7:6:8:7:0:8:8:2:1:7:1:9:6:4:5:2:4:1:9:6:8:1:6:5:9:3:5:6:9:9:7:3:6:6:0:8:8:3:4:0:3:4:2:9:7:4:6:9:10:5:4:2:10:2:9:1:0:3:2:0:5:3:7:7:5:2:10:8:7:4:3:4:5:7:1:6:6:7:7:2:0:3:4:2:7:9:1:7:8:9:6:8:10:12:1:0:14:0:4:12:1:13:9:1:1:6:13:14:6:10:13:4:14:8:10:2:5:13:12:12:12:9:4:13:1:10:13:8:3:0:7:3:4:8:14:12:6:0:4:3:9:9:12:1:5:10:10:4:2:12:1:5:13:13:8:7:12:13:3:7:0:9:13:7:12:2:11:0:12:7:10:4:4:3:6:8:11:12:13:2:14:9:12:11:8:11:5:11:9:11:7:9:10:11:10:6:14:14:2:5:13:4:0:7:5:13:9:3:9:6:16:5:6:15:16:16:14:3:8:15:14:9:12:11:16:11:2:9:16:10:6:7:10:7:15:3:10:7:3:1:1:12:13:11:11:15:15:3:0:10:3:13:8:7:11:10:7:16:8:15:2:18:7:4:18:13:8:12:15:5:18:18:10:12:14:3:0:15:13:5:4:16:16:12:5:18:14:14:16:6:6:8:10:15:13:14:3:8:7:14:7:18:10:13:6:0:14:10:15:5:4:8:15:8:9:3:14:10:15:3:15:6:15:8:14:12:11:9:8:18:11:13:7:14:16:5:7:3:7:9:18:7:14:11:15:11:14:7:15:8:6:12:18:5:12:12:6:14:0:5:12:2:8:9:15:12:0:2:5:15:11:2:3:9:16:4:12:12:8:16:8:13:8:8:13:4:9:12:14:6:17:14:10:14:15:0:3:13:17:12:13:11:11:15:10:14:14:2:9:17:14:9:17:13:2:4:0:17:7:5:16:0:12:9:11:0:3:16:17:13:14:0:9:3:2:18:14:17:16:10:16:12:15:10:6:4:15:17:8:18:17:7:3:9:14:17:4:18:17:11:14:15:11:18:18:16:2:10:11:16:16:13:7:14:11:16:16:12:13:18:1:8:16:3:18:11:19:4:6:4:19:15:5:13:11:18:19:2:17:18:9:9:9:10:7:8:15:15:19:8:4:18:12:11:16:16:19:17:5:15:8:13:7:19:17:0:17:19:12:7:19:20:18:14:17:16:15:17:1:1:20:16:13:19:20:20:9:20:1:5:15:5:17:17:18:18:11:15:17:19:9:11:6:15:10:15:10:20:20:16:19:20:17:16:13:19:5:17:20:10:19:16:27:18:8:21:11:16:15:16:21:20:21:27:22:5:16:22:15:18:8:22:20:18:22:15:18:14:13:6:0:20:16:27:27:27:8:22:22:1:27:20:17:22:4:11:21:15:3:14:21:13:3:27:22:22:20:27:20:17:20:13:5:20:3:11:27:20:24:24:24:27:22:27:4:21:20:24:27:27:24:21:16:21:27:27:19:11:8:19:24:21:24:14:20:1:1:14:7:0:12:21:9:17:27:18:22:21:19:22:0:15:20:19:20:21:22:24:21:26:19:27:21:24:15:19:17:20:7:26:26:22:26:10:19:22:0:26:20:21:26:11:20:5:26:24:3:27:27:26:19:16:21:26:22:12:21:27:11:26:26:26:10:20:18:26:9:0:26:24:12:24:22:17:19:21:27:5:24:26:12:24:6:10:9:7:26:14:5:21:24:24:10:21:24:18:22:5:18:10:12:24:27:20:20:24:27:18:19:15:8:11:19:27:26:17:1:27:19:23:19:15:10:22:25:23:26:10:25:25:23:23:23:28:25:28:28:22:18:17:28:19:21:23:21:26:25:23:13:0:21:25:10:9:5:26:20:24:23:16:25:23:27:25:25:26:25:28:19:10:23:28:27:26:31:21:31:10:10:32:21:17:25:25:28:28:20:31:23:22:22:31:21:23:23:24:28:16:1:28:31:27:31:27:28:31:32:25:32:18:31:25:32:25:23:25:23:28:22:28:13:21:23:25
363139,103,31,0,355,0:0:1:0:1:0:1:1:0:1:2:2:1:1:0:4:1:1:2:2:3:3:1:1:2:0:3:0:2:2:0:2:2:1:1:4:3:2:2:2:2:4:2:4:4:1:5:1:3:0:6:1:3:0:6:1:5:4:3:5:1:6:6:2:4:6:7:5:6:7:6:5:5:2:6:7:5:0:2:1:7:1:5:3:4:6:1:3:6:2:3:6:0:4:6:1:7:6:8:7:0:8:8:2:1:7:1:9:6:4:5:2:4:1:9:6:8:1:6:7:9:3:5:6:9:9:5:4:6:0:0:8:8:3:4:8:2:3:2:9:7:4:6:9:10:5:4:2:10:2:9:1:0:5:2:3:5:3:7:7:9:0:10:4:9:8:3:4:5:7:1:6:0:7:5:5:4:3:4:2:10:9:1:7:2:9:6:8:10:12:1:0:14:0:4:5:1:13:9:1:4:6:13:1:6:10:13:10:14:0:8:8:5:13:14:4:12:9:4:13:1:10:13:9:13:12:7:3:4:14:14:6:6:0:4:3:0:9:12:1:12:10:10:13:2:12:8:5:12:11:10:7:12:13:3:11:11:9:13:7:12:2:11:11:12:7:10:4:7:3:6:10:0:12:11:2:9:4:12:10:0:10:5:11:9:14:2:9:10:10:10:6:14:14:9:5:13:4:3:7:5:13:9:14:9:6:16:5:6:15:16:16:14:8:8:4:14:9:11:11:16:16:15:9:16:10:6:7:15:7:15:3:10:7:3:12:1:12:13:10:5:15:16:4:5:8:3:10:8:7:15:16:8:16:8:15:2:16:7:0:18:13:8:12:15:5:18:13:10:15:14:11:0:12:11:5:13:16:16:12:5:18:3:15:16:16:6:18:14:8:10:14:3:18:7:14:18:11:10:13:6:13:16:9:5:5:4:5:15:15:11:3:14:14:8:16:9:18:15:8:14:12:15:9:16:18:11:13:8:14:16:12:7:10:5:9:14:7:14:14:13:11:14:8:12:12:18:14:18:12:4:12:6:14:3:15:15:2:6:9:14:12:0:2:3:13:0:2:11:14:18:11:15:15:16:14:7:10:16:7:13:4:9:12:3:6:17:4:10:14:10:18:3:12:18:12:13:18:11:12:16:6:17:2:9:16:12:17:17:13:2:17:8:18:7:9:18:0:8:9:18:0:3:16:3:17:13:0:17:3:11:18:14:3:12:10:11:17:13:14:11:4:12:17:11:5:4:7:16:16:5:17:4:18:11:11:0:18:6:2:17:17:2:10:11:16:8:0:4:14:12:6:16:9:3:18:1:16:14:19:17:12:15:14:15:4:11:18:15:13:11:13:19:2:15:15:9:19:9:10:7:16:12:4:6:17:12:18:15:11:17:19:18:17:13:18:19:5:13:17:12:15:5:3:18:12:19:20:5:15:19:7:6:20:1:1:20:15:13:19:20:17:19:20:1:5:15:16:11:17:20:19:14:15:19:7:9:14:6:20:5:11:0:16:11:2:20:2:19:20:2:17:15:5:9:14:8:12:20:21:6:22:11:22:19:22:17:3:17:20:8:5:22:13:15:19:8:13:21:22:15:22:18:20:20:6:16:21:21:20:11:19:8:2:15:17:3:21:17:19:22:17:10:22:3:17:15:13:3:20:21:19:12:20:8:18:17:2:16:8:1:7:27:24:24:24:1:19:22:24:21:24:24:22:20:27:15:21:27:24:20:20:3:27:8:20:21:21:27:4:7:21:1:8:7:0:21:7:9:6:20:20:13:21:18:13:0:22:17:22:16:24:27:21:26:26:22:26:24:27:17:19:22:18:7:17:21:20:19:20:21:27:27:27:21:19:24:24:26:22:22:22:21:20:18:24:14:26:10:26:26:15:20:19:17:26:18:26:27:7:26:21:19:4:24:22:26:8:1:24:27:24:27:27:22:24:12:19:6:13:9:27:26:26:21:26:27:22:21:24:21:24:20:27:20:24:8:27:24:27:3:9:19:16:18:7:5:27:21:20:22:26:19:18:24:26:19:26:25:21:28:23:14:25:25:23:23:28:22:23:28:15:25:23:26:27:23:7:26:9:21:26:28:27:26:0:28:28:25:9:23:25:16:17:23:27:27:26:28:25:14:27:25:25:25:23:15:24:1:25:32:22:32:10:31:31:17:25:32:32:24:31:23:31:28:32:28:32:24:28:25:31:14:4:24:19:32:16:32:28:31:25:31:32:25:32:32:28:6:31:23:31:11:15:23:5:28:22:28:28
368970,104,30,0,354,0:0:1:0:1:0:1:1:0:1:2:2:1:1:0:4:1:1:2:2:3:3:1:3:2:0:3:0:2:2:0:2:2:1:1:4:3:2:2:2:2:4:2:4:4:1:5:1:3:0:6:1:3:0:6:1:5:4:3:5:1:6:6:2:4:6:7:5:6:7:3:5:5:2:6:7:5:0:7:1:3:1:4:3:4:5:1:3:6:2:3:5:0:4:6:1:7:6:8:7:8:8:8:2:1:7:1:9:6:4:2:2:4:1:9:6:8:1:6:7:9:3:5:6:3:9:5:4:6:0:0:8:8:3:3:0:2:4:3:9:7:4:6:9:10:5:4:2:10:2:8:1:0:5:2:3:5:3:7:7:9:2:10:4:9:8:2:4:5:7:1:6:0:8:5:5:4:3:4:4:10:9:1:7:2:9:6:8:10:12:1:0:14:0:4:5:1:13:8:1:4:6:13:1:6:10:13:4:14:0:8:8:5:13:12:4:12:9:4:13:8:10:13:9:13:12:7:3:4:14:14:6:6:0:4:3:0:9:6:1:5:10:10:13:2:0:10:5:11:11:10:7:12:13:3:11:11:9:10:7:12:2:11:11:12:7:10:4:7:3:6:5:11:12:11:2:9:4:12:10:0:14:10:11:9:6:2:9:10:10:10:6:14:14:10:5:13:6:5:7:5:13:9:14:9:15:11:5:6:15:16:16:14:8:8:4:14:9:11:11:16:16:12:9:16:12:6:7:8:7:15:15:10:15:3:1:1:12:13:10:8:16:16:3:13:8:7:10:8:7:15:16:8:16:8:15:2:0:7:0:18:13:8:12:15:5:18:13:10:15:6:11:0:12:13:5:13:16:16:12:8:18:3:15:16:1:6:18:14:18:13:11:3:18:18:14:7:11:10:13:6:7:16:16:5:10:4:5:10:15:9:10:3:10:18:7:9:18:15:8:14:12:15:9:18:18:11:13:8:14:16:7:7:3:5:9:15:7:14:14:13:11:18:7:8:8:11:15:18:12:15:12:6:14:3:14:12:2:6:9:14:12:0:2:3:13:0:2:11:9:15:11:15:15:18:8:18:13:18:11:13:4:9:12:3:6:17:4:10:14:10:18:3:12:18:12:13:9:11:18:16:11:14:2:9:16:12:17:11:13:2:4:8:15:7:7:14:0:12:17:17:0:16:18:3:13:14:6:17:14:11:18:14:14:9:15:11:12:16:14:11:4:12:17:11:5:4:7:16:9:5:16:4:18:18:17:0:18:6:16:17:13:2:10:11:16:15:13:9:14:17:8:10:9:3:18:1:16:18:19:17:12:16:14:15:14:11:16:5:13:11:13:19:17:17:15:9:19:9:10:7:8:15:12:6:17:12:13:15:7:17:19:19:17:14:18:15:13:13:16:12:0:17:3:10:5:11:20:10:15:20:7:9:20:1:1:20:15:13:19:20:17:9:16:1:5:15:16:20:17:20:19:11:18:19:7:1:19:18:20:5:17:0:16:11:20:13:2:8:20:2:14:10:5:20:15:19:15:20:21:6:10:11:2:3:6:21:22:17:20:19:5:0:16:21:21:8:19:20:22:15:10:12:2:20:6:0:22:18:19:19:17:8:2:21:1:16:21:20:19:20:17:0:22:3:17:22:13:3:20:22:19:12:22:12:20:11:2:22:2:14:11:21:18:24:24:21:19:7:24:4:16:19:22:22:19:21:8:19:22:24:20:19:24:15:20:22:21:19:27:7:15:20:27:7:27:27:17:21:27:19:2:13:11:27:21:22:6:20:19:12:21:9:27:26:27:18:26:24:24:27:26:22:19:7:24:24:20:26:14:22:27:12:27:19:9:24:26:17:22:14:3:17:20:20:27:14:8:15:1:9:15:21:21:17:24:27:13:21:14:26:24:17:27:26:26:26:27:27:9:24:24:20:24:6:24:15:19:6:21:9:7:26:26:5:26:21:22:26:27:24:18:22:16:26:26:26:22:21:24:3:21:19:26:24:7:20:11:19:12:7:18:26:24:24:17:23:18:24:21:21:21:28:22:26:21:25:28:12:28:25:28:23:28:27:23:28:23:27:25:28:23:21:28:24:23:26:28:26:28:5:22:16:25:27:20:21:20:19:25:22:21:18:23:25:27:23:27:1:21:25:25:9:31:25:31:16:25:22:26:28:0:23:31:31:10:31:16:24:21:14:31:10:25:1:23:31:23:27:25:8:3:27:25:28:24:31:31:6:27:23:31:11:23:23:22:26:31:20:24
378935,107,30,0,353,3:0:1:0:1:0:0:1:0:1:2:2:1:1:0:4:1:1:2:2:3:3:1:3:2:0:3:0:2:2:3:2:2:1:1:4:3:2:0:2:2:4:2:4:4:1:5:1:3:0:6:1:3:2:6:1:5:4:3:5:1:6:6:2:4:6:7:5:6:7:6:5:5:2:6:7:5:0:7:1:3:1:4:3:4:5:1:3:6:2:3:6:0:4:6:1:7:6:8:7:0:8:8:2:1:7:1:9:6:4:5:2:4:1:9:6:8:1:6:7:9:3:5:6:3:9:5:4:6:0:0:9:7:3:4:0:3:4:2:9:1:4:6:9:10:5:4:2:10:2:9:1:0:5:2:3:5:3:7:7:9:0:10:5:9:8:2:4:5:7:4:6:6:8:5:5:4:0:4:10:10:9:8:7:2:9:6:8:10:12:1:0:14:0:8:12:1:13:9:1:1:6:13:14:6:10:13:4:0:0:10:2:5:13:12:4:12:9:4:13:1:10:13:9:6:12:7:8:4:7:14:6:6:0:4:3:0:0:12:9:12:10:10:13:2:12:10:5:11:11:10:13:12:13:3:11:11:9:10:7:10:2:11:5:12:7:10:4:7:3:11:5:11:12:11:2:9:8:12:10:6:14:10:11:1:6:8:9:7:10:10:6:10:14:9:8:13:4:5:7:5:13:9:14:9:6:11:5:6:15:16:16:14:8:8:7:14:9:11:11:16:16:2:9:16:12:6:7:11:7:7:15:10:15:3:1:1:12:13:11:8:15:16:3:8:8:3:10:11:7:15:10:8:16:8:15:2:11:7:3:18:1:8:12:15:5:18:13:10:15:6:11:0:15:13:5:9:15:16:12:5:18:3:15:16:1:6:9:14:18:13:11:3:18:18:14:7:16:10:13:6:13:16:9:5:5:4:5:10:15:9:3:14:0:8:11:9:6:12:8:14:14:14:9:18:18:11:13:13:14:16:7:7:3:5:9:15:1:16:14:16:11:14:8:8:12:11:12:18:12:4:15:6:14:11:14:15:2:6:9:14:12:0:2:3:13:11:9:11:9:18:11:5:11:18:12:18:18:16:7:13:4:9:12:3:6:17:4:10:14:17:18:3:12:18:12:13:3:11:12:10:6:14:2:9:18:14:17:17:13:2:4:0:15:17:13:18:3:12:17:17:0:3:18:3:13:16:0:17:14:2:18:14:14:8:10:16:15:13:14:17:4:12:17:11:5:4:16:14:16:5:16:4:18:15:11:0:0:6:16:16:13:2:10:15:15:8:13:7:14:10:13:16:12:11:18:1:16:18:1:18:12:0:14:6:4:11:10:15:13:11:13:17:2:17:15:17:19:9:10:7:16:15:15:6:17:12:18:17:7:17:18:19:19:13:18:15:13:8:16:12:0:10:20:10:20:19:20:19:14:19:7:9:3:1:4:11:10:13:16:0:17:9:3:8:5:15:5:3:17:20:7:14:9:12:7:1:14:6:13:5:15:0:16:11:20:13:2:8:18:20:14:20:17:16:15:13:15:20:21:21:21:11:2:19:20:21:3:21:20:22:19:0:17:15:21:8:19:20:22:21:22:18:6:20:12:11:16:14:19:13:21:19:2:21:22:22:17:20:18:20:21:21:19:5:17:10:17:3:20:20:19:15:22:12:20:22:21:22:2:1:20:17:0:24:27:4:27:7:27:4:17:24:27:22:17:22:22:19:24:24:21:3:21:8:24:3:24:19:4:27:1:20:18:7:18:5:27:12:6:11:19:24:27:20:22:19:12:18:24:19:22:16:27:26:27:24:26:17:17:15:24:22:20:20:16:27:21:26:20:19:22:8:19:19:9:17:22:17:21:14:3:27:22:18:26:17:18:10:1:22:15:24:21:21:24:13:13:22:7:8:24:19:7:24:19:22:27:3:16:26:17:26:26:6:14:12:17:16:21:9:14:2:26:27:17:21:8:22:24:24:17:20:15:22:26:8:26:24:27:3:12:14:10:24:17:22:27:19:20:13:22:1:13:27:21:24:22:24:22:23:28:23:23:21:28:28:2:14:28:28:28:23:22:26:26:28:11:28:28:22:27:23:22:23:23:5:11:26:26:27:26:23:28:28:27:22:10:23:28:24:22:23:20:24:11:28:26:5:12:25:21:9:20:28:25:31:23:28:19:31:0:2:31:25:10:18:20:27:25:14:19:10:28:24:20:31:20:21:26:21:31:23:28:25:6:26:31:26:25:25:24:19:23:23:21:23:8:27:31
379383,107,30,0,352,3:0:1:0:1:0:0:1:0:1:2:2:1:1:0:4:1:1:2:2:3:3:1:3:2:0:3:0:2:2:3:2:2:1:1:4:3:2:0:2:2:4:2:4:4:1:5:1:3:0:6:1:3:2:6:1:5:4:3:5:1:6:6:2:4:6:7:5:6:7:6:5:5:2:6:7:5:0:7:1:3:1:4:3:4:5:1:3:6:2:3:6:0:4:6:1:7:6:8:7:0:8:8:2:1:7:1:9:6:4:5:2:4:1:9:6:8:1:6:7:9:3:5:6:3:9:5:4:6:0:0:9:7:3:4:0:3:4:2:9:1:4:6:9:10:5:4:2:10:2:9:1:0:5:2:3:5:3:7:7:9:2:10:5:9:8:2:4:0:7:4:6:6:8:5:5:4:0:4:2:10:9:8:7:2:9:6:8:10:12:1:0:14:0:8:12:1:13:9:1:1:6:13:14:6:10:13:4:0:0:10:4:12:13:12:4:12:9:4:13:1:10:13:9:6:12:7:8:4:7:14:6:6:0:4:3:0:0:12:9:12:10:10:8:2:12:10:5:11:11:10:13:12:13:3:11:11:9:10:7:10:2:11:5:12:7:10:4:7:3:11:5:11:12:11:2:9:8:12:10:6:14:10:11:1:6:8:9:7:10:10:6:10:14:9:8:13:4:14:7:5:13:9:14:9:6:11:5:6:15:16:16:14:8:8:4:14:9:11:14:16:16:2:9:16:12:6:7:11:7:7:15:10:10:3:1:1:12:13:11:8:15:16:3:8:8:3:10:11:7:15:10:8:16:8:15:2:8:7:3:18:1:8:12:15:5:18:13:10:15:6:11:0:15:13:5:9:15:16:12:5:18:3:15:16:1:6:9:14:18:0:11:3:18:18:14:7:16:10:13:6:7:16:9:5:5:4:5:10:15:9:3:13:16:8:7:9:6:15:8:14:14:14:9:18:7:11:13:13:14:16:7:7:10:5:9:15:1:16:14:16:11:14:8:8:12:11:12:18:12:4:11:6:14:11:14:15:2:6:9:14:3:0:2:3:13:0:9:11:18:18:16:15:11:18:12:7:18:8:7:13:4:9:12:3:6:17:4:10:14:17:18:3:12:18:12:13:3:11:12:10:6:14:2:9:18:14:17:17:13:2:4:0:15:17:13:18:3:12:17:17:11:3:18:3:13:16:0:17:14:2:18:14:14:9:10:16:15:13:14:17:4:15:17:11:5:4:16:18:0:5:16:4:18:10:11:18:0:16:16:16:13:2:10:15:15:8:16:7:14:10:6:16:12:11:18:1:16:18:1:18:12:0:14:6:4:11:10:15:13:11:13:17:2:17:15:9:8:14:10:7:7:15:15:6:17:12:13:17:8:16:18:12:18:14:18:15:13:8:16:12:0:10:20:10:14:19:20:19:14:19:7:6:3:1:4:11:20:13:9:19:17:9:3:8:5:15:5:11:17:20:18:14:9:12:7:1:14:6:13:5:15:11:16:11:19:13:18:8:13:20:14:20:18:16:20:13:15:20:15:21:21:11:2:19:20:21:3:17:20:22:5:0:17:15:21:8:19:22:22:21:22:18:6:13:12:11:21:14:19:19:21:20:2:21:22:22:0:20:5:20:21:21:19:5:17:10:17:3:20:20:19:15:22:12:20:22:21:21:2:3:20:13:0:24:27:4:27:11:27:4:17:19:27:21:17:24:22:19:24:24:21:3:21:18:19:3:24:17:18:7:1:20:27:21:0:5:27:12:6:11:20:24:20:20:22:19:12:27:24:15:18:21:27:26:27:26:19:17:17:22:24:22:20:24:24:27:21:26:20:19:22:8:15:19:22:17:22:17:9:27:3:27:19:18:27:17:22:10:1:22:15:20:19:16:24:13:27:22:7:8:24:27:7:24:19:22:27:3:26:26:24:26:26:17:24:21:17:26:21:9:14:21:26:27:17:22:8:22:18:20:19:20:26:22:26:8:26:24:13:5:19:14:15:15:17:22:27:22:20:13:22:1:13:27:23:24:19:24:22:23:2:23:10:21:28:28:19:14:6:28:28:27:28:26:22:27:11:16:26:22:21:23:28:26:24:5:23:26:28:5:26:20:21:28:23:28:10:23:28:24:26:26:3:23:20:28:24:5:12:28:27:9:13:28:16:31:23:28:21:31:0:25:16:31:10:18:20:25:25:26:25:25:28:25:31:31:31:21:23:8:27:11:31:23:6:25:26:6:28:25:31:19:23:22:21:5:28:20:31
395886,111,30,0,351,3:0:1:0:1:0:1:1:0:1:2:2:1:1:0:4:1:1:2:2:3:3:1:3:2:0:3:0:2:2:3:2:2:1:1:4:3:2:0:2:2:4:2:4:4:1:5:1:3:0:6:1:3:2:6:1:5:4:3:5:1:6:6:6:4:6:7:5:6:7:3:5:5:2:6:7:5:0:7:1:3:1:4:3:4:5:1:3:6:2:3:6:0:4:6:1:7:6:8:7:8:8:8:7:1:7:1:9:6:4:5:2:4:1:9:6:8:1:6:7:8:3:5:6:3:9:5:6:6:0:0:9:7:3:3:0:2:4:3:5:7:4:9:9:10:5:4:2:10:2:9:1:0:5:2:3:5:3:7:7:8:0:10:5:8:4:3:4:5:7:4:6:6:8:5:5:4:0:4:2:5:9:1:7:8:9:6:8:10:12:1:0:14:0:8:5:5:13:9:1:1:6:13:14:6:7:13:4:14:0:10:4:12:9:14:4:12:9:4:13:1:10:13:9:6:12:7:3:4:7:14:14:6:0:4:3:0:0:8:9:12:10:10:8:2:0:1:5:11:11:10:13:12:13:3:11:11:9:13:7:10:2:11:5:12:7:2:4:7:3:13:12:10:11:13:2:12:8:14:10:0:10:10:11:9:6:7:9:7:10:10:6:10:14:5:5:13:4:7:7:5:13:9:14:9:6:11:5:6:15:16:16:14:8:8:7:14:9:11:2:16:16:2:9:16:12:6:7:11:16:7:15:8:7:3:1:1:12:13:11:4:13:16:3:5:8:3:10:11:7:15:10:2:16:8:15:2:16:7:3:18:18:8:12:15:5:18:18:10:15:6:11:0:15:15:5:4:16:16:12:5:16:3:15:15:1:6:9:14:18:8:12:3:18:16:14:18:16:10:12:6:7:1:9:10:12:4:18:10:5:9:3:14:0:8:7:12:4:15:8:10:12:14:9:8:18:11:13:16:18:16:5:18:3:5:9:15:7:15:14:13:11:14:7:16:5:11:14:18:12:4:11:6:14:3:14:12:2:7:9:15:3:0:18:3:13:11:13:11:9:18:4:15:15:18:8:18:15:16:18:13:4:9:12:16:6:11:4:18:14:0:0:3:12:18:8:13:9:11:12:12:11:14:2:9:18:6:9:11:13:2:4:0:9:7:12:16:0:8:15:11:0:3:17:3:13:16:6:9:14:11:18:14:3:8:10:16:17:13:18:6:4:8:10:11:18:4:16:16:16:5:16:4:16:15:11:0:0:10:18:15:13:15:10:11:15:16:13:9:14:12:6:16:11:3:2:1:12:16:1:5:17:16:14:6:4:11:14:15:13:11:13:14:2:15:15:9:9:9:10:7:16:17:15:6:17:12:18:11:7:2:15:12:9:13:10:15:13:7:15:12:0:10:3:19:8:13:18:17:14:17:17:6:19:19:1:19:18:18:9:0:20:9:12:1:5:8:12:20:17:19:14:11:9:11:7:18:14:6:13:10:15:0:20:11:2:13:12:15:13:2:19:5:17:19:20:13:16:8:15:20:20:18:2:8:20:21:3:22:21:22:14:6:17:19:8:13:13:19:15:22:16:12:6:19:14:21:22:12:22:17:16:20:2:20:1:21:20:21:19:19:13:21:20:5:8:21:13:17:10:21:22:19:21:15:14:15:2:11:2:3:7:24:0:19:17:4:27:21:11:4:17:22:22:22:24:24:22:21:20:27:18:21:27:17:11:27:21:17:4:7:20:1:27:16:10:10:7:9:6:22:27:20:27:19:24:14:20:18:8:16:7:21:26:17:26:19:9:24:19:20:24:20:21:8:24:11:17:24:21:13:19:17:8:20:22:8:27:24:19:14:3:26:19:26:27:20:0:26:19:21:24:21:21:24:24:26:13:10:7:15:21:19:4:19:15:27:19:1:18:27:24:20:27:19:26:27:22:16:24:26:26:22:22:21:24:21:21:12:20:19:24:26:26:22:24:8:10:22:18:21:12:20:26:18:26:22:24:17:27:24:16:17:17:26:21:28:26:21:12:26:2:28:10:23:21:28:26:14:16:19:23:26:26:28:24:27:7:24:22:20:27:26:28:24:28:5:10:27:20:27:28:20:20:20:21:20:28:26:23:21:22:20:3:8:12:27:19:22:11:28:25:19:28:31:31:23:28:23:22:27:23:22:28:31:25:28:28:23:22:27:31:10:25:1:31:31:31:25:15:31:27:25:20:31:6:28:31:20:24:25:31:31:11:28:25:31:25:22:27
442296,123,30,0,350,0:0:1:0:1:0:1:1:0:1:2:2:1:1:0:4:1:1:2:2:3:3:1:3:2:0:3:0:2:2:3:2:2:1:3:4:3:2:2:1:2:4:2:7:4:1:5:4:3:0:6:1:3:2:6:1:5:4:3:5:1:6:6:6:4:6:7:5:6:3:7:5:5:2:6:7:5:0:7:1:3:1:5:4:4:5:1:3:6:2:7:6:0:7:6:1:7:6:8:7:8:8:8:7:1:4:1:9:6:4:2:4:4:4:9:6:8:1:6:7:8:3:1:6:3:0:5:6:6:6:0:9:7:3:3:0:2:3:3:5:7:4:9:9:10:5:8:2:10:2:9:1:0:5:2:3:5:3:7:7:9:2:10:5:0:4:2:7:0:7:4:6:7:8:5:5:4:0:8:4:5:9:10:7:8:9:6:8:4:12:1:0:14:0:8:5:1:14:13:3:1:6:13:1:6:7:13:4:0:0:10:4:5:9:3:12:4:9:7:13:1:10:13:4:6:12:10:8:4:7:13:14:6:8:4:3:0:0:5:9:7:10:14:6:2:0:3:5:13:11:10:8:8:13:14:11:11:9:13:7:10:2:11:5:12:7:2:4:4:3:13:5:11:11:8:2:9:9:12:8:0:10:9:11:9:6:14:6:7:10:10:6:5:14:2:5:13:4:5:7:5:0:9:10:11:6:11:5:1:14:16:8:12:8:8:2:14:11:11:11:2:16:12:9:16:10:6:10:11:10:7:10:10:7:3:8:1:7:13:11:4:13:6:10:13:10:3:3:11:13:6:10:8:4:10:14:2:0:7:3:18:1:16:6:8:5:18:13:10:15:6:11:0:18:13:5:3:16:15:12:5:16:15:15:11:6:6:9:14:18:8:11:3:18:13:15:18:7:16:9:6:15:16:14:5:5:4:18:18:15:0:3:12:11:18:11:8:6:12:16:18:9:12:9:8:14:11:16:16:14:16:5:18:13:5:3:12:7:18:12:16:11:18:9:9:5:15:11:18:12:16:14:9:2:11:9:12:2:16:8:0:12:0:2:12:14:12:13:11:9:6:16:5:18:11:12:3:15:15:8:13:4:9:12:16:6:15:4:13:10:0:0:1:10:14:12:13:15:11:8:3:11:14:2:9:18:3:14:3:13:14:4:0:15:7:12:11:0:18:9:3:11:2:11:3:17:16:0:9:15:11:14:14:12:17:10:16:10:16:18:15:10:12:7:17:17:13:16:15:0:5:1:4:16:15:16:11:0:11:18:13:13:12:18:0:15:6:13:0:14:10:12:17:16:18:2:1:16:15:1:5:17:16:18:6:8:18:18:15:13:8:12:9:2:16:14:17:17:9:5:7:10:12:12:17:11:3:16:17:7:16:16:1:18:13:10:17:13:13:17:9:14:4:3:20:7:5:8:2:15:10:16:19:4:1:1:20:19:16:15:9:13:14:16:1:14:17:20:19:17:20:5:11:14:19:17:18:9:6:15:19:15:15:15:20:8:19:20:12:19:2:19:5:5:20:3:17:14:18:22:22:7:20:21:14:12:17:16:9:20:22:12:19:18:20:19:16:22:21:17:22:22:21:6:16:12:19:12:17:19:21:16:16:2:15:17:14:12:7:20:4:13:19:11:20:16:22:13:18:15:22:17:17:21:22:8:19:22:11:2:3:11:27:0:27:12:10:22:27:21:12:11:27:27:21:22:27:22:21:21:10:18:17:10:21:19:20:24:4:20:15:12:27:24:7:24:5:7:9:8:24:17:24:20:19:8:21:24:16:18:12:14:24:17:26:22:24:21:19:27:26:19:19:24:24:15:24:2:26:20:17:26:24:24:27:3:26:26:14:13:14:3:24:2:21:22:27:8:27:1:24:22:22:27:8:26:26:27:20:14:27:24:24:4:21:24:22:20:18:24:19:19:21:26:20:27:24:27:18:26:22:27:10:17:17:1:24:27:20:21:20:27:4:22:19:21:19:21:15:12:7:17:15:10:22:10:26:20:22:26:20:26:1:27:20:14:28:19:24:7:22:18:3:23:28:23:27:17:21:16:28:22:19:22:21:26:23:26:27:28:26:15:8:21:19:26:28:28:28:19:22:17:27:23:18:23:23:4:26:23:23:21:28:20:26:12:17:15:23:24:24:11:28:27:28:26:16:25:31:23:21:25:31:1:25:31:21:25:25:25:25:25:19:23:31:31:24:25:25:26:28:3:0:27:25:6:31:31:18:22:31:18:17:31:31:27:31:31:19:23
452245,125,30,0,349,0:0:1:0:1:0:1:1:0:1:2:2:1:1:0:4:1:1:2:2:3:3:1:3:2:0:3:0:2:2:3:2:2:1:1:4:3:2:2:2:2:4:2:7:4:1:5:1:3:0:6:1:3:2:6:1:5:4:3:5:1:6:6:6:0:6:7:5:6:3:7:5:5:2:6:7:5:0:7:1:3:1:4:3:4:5:1:3:6:2:7:6:0:7:6:1:7:6:8:7:8:8:8:7:1:4:1:9:6:4:2:4:4:4:9:6:8:1:6:7:8:3:7:6:3:0:5:6:6:0:6:9:7:3:3:0:2:3:3:5:7:4:9:9:10:5:8:2:10:2:9:1:0:5:2:3:5:3:7:5:9:2:10:5:0:4:2:7:0:7:4:6:7:8:5:5:4:0:8:4:5:9:1:7:8:9:6:8:4:12:1:12:14:0:8:5:1:14:13:3:1:6:13:1:6:7:13:4:0:0:10:4:14:9:13:12:4:9:7:13:1:10:13:4:6:13:10:8:8:7:13:14:5:8:4:3:0:0:5:9:7:12:14:4:2:0:3:12:8:11:11:8:8:13:0:11:11:9:13:0:10:14:11:5:12:7:2:4:4:3:11:5:11:11:9:12:9:9:12:8:0:14:9:11:9:6:7:6:7:7:14:6:5:14:9:5:13:1:5:7:5:12:9:10:11:6:11:14:1:14:16:8:10:8:8:2:14:11:11:11:2:16:12:9:16:4:6:10:11:10:7:10:13:7:3:8:1:7:13:11:7:5:6:10:13:10:12:3:11:13:6:10:7:4:10:13:2:0:7:3:18:1:16:6:11:5:10:13:10:15:6:11:0:12:13:5:3:16:15:12:5:16:15:15:2:6:6:9:7:18:8:15:3:18:13:15:18:12:16:9:6:3:16:14:0:18:4:14:12:8:15:3:16:11:18:11:8:10:16:0:14:9:11:18:8:3:13:16:16:14:16:5:18:8:5:3:12:7:15:12:16:11:3:9:9:8:15:15:18:9:16:12:9:2:16:9:12:2:16:15:0:12:0:2:12:14:5:18:11:9:6:16:5:2:14:12:18:16:15:3:13:4:9:12:14:6:15:4:18:16:0:18:1:10:18:12:13:11:11:8:3:6:14:2:9:18:3:10:10:13:14:4:0:15:7:9:15:0:18:14:16:9:2:11:3:17:16:0:9:15:11:18:14:3:16:10:16:10:16:14:15:10:12:7:17:17:13:16:14:0:5:10:17:16:18:11:11:0:6:7:13:13:12:17:0:15:6:13:0:14:17:16:10:11:18:2:1:16:15:1:10:17:16:17:6:8:18:18:15:13:8:13:14:2:16:15:17:17:9:5:7:10:17:12:6:11:15:18:11:7:16:15:12:16:13:8:17:13:13:17:9:0:4:8:10:17:5:8:19:15:10:17:19:4:1:1:20:19:16:15:9:18:9:20:1:14:19:7:20:18:15:5:11:14:18:17:0:9:6:15:7:19:20:15:20:8:20:14:14:2:14:19:19:19:1:15:17:16:19:17:20:20:20:21:22:22:19:20:9:20:22:21:14:22:20:17:16:19:17:17:11:19:22:10:13:12:4:12:17:19:21:16:10:12:15:17:21:12:18:22:9:20:21:15:13:14:4:21:10:19:19:19:18:18:12:8:13:21:11:2:1:19:12:27:27:27:4:27:22:21:12:11:19:9:21:16:22:27:19:0:22:27:3:27:21:21:27:22:4:18:15:12:17:22:7:15:5:17:20:22:15:2:20:11:22:21:9:27:20:4:16:20:19:20:17:20:24:19:15:22:26:19:21:26:26:15:20:26:26:26:26:24:0:24:20:27:20:27:11:9:26:20:22:2:22:2:14:8:22:26:16:12:18:24:17:27:26:13:21:5:27:24:24:24:22:24:26:24:24:22:21:24:21:21:21:22:24:27:4:27:8:27:12:19:11:26:26:19:20:18:22:24:4:22:27:14:18:22:15:24:7:26:15:27:27:10:21:14:26:21:21:24:1:19:22:4:28:23:8:28:28:28:28:24:17:23:28:16:21:23:23:28:14:21:18:18:7:19:24:23:27:22:26:27:28:28:27:5:26:23:23:17:23:28:23:21:24:4:28:22:12:19:28:22:23:26:27:26:26:1:3:20:31:17:23:31:16:31:22:27:22:19:21:31:31:19:24:22:22:25:20:28:10:15:25:14:25:25:25:23:28:3:0:31:31:25:25:8:31:31:25:23:24:12:26:25:23:25:27:20
498966,137,30,0,348,0:0:1:0:1:0:1:1:0:1:2:2:1:1:0:4:1:1:2:2:3:3:1:3:2:0:4:0:2:2:3:2:2:1:3:4:3:2:2:1:2:4:2:7:4:0:5:1:3:0:6:1:3:1:6:1:5:4:2:5:1:6:6:6:0:6:7:5:6:3:6:5:5:2:6:7:5:3:7:1:0:1:4:3:4:5:6:3:3:2:3:6:0:7:6:7:7:6:8:7:8:8:8:7:1:4:1:9:6:4:9:4:4:4:9:6:8:1:6:7:8:3:7:7:3:0:5:6:6:4:0:9:7:3:3:0:2:3:3:5:7:4:9:9:10:5:8:2:10:2:9:1:3:3:9:3:5:3:7:5:9:2:10:5:0:4:2:7:0:4:1:6:7:1:5:5:4:0:8:4:5:9:1:2:4:9:6:8:4:12:1:12:14:0:8:5:1:13:8:14:4:6:13:1:6:7:13:4:0:0:10:4:14:2:13:13:4:9:7:13:1:10:13:4:10:13:10:0:8:7:13:12:6:9:10:3:0:8:5:5:7:10:14:13:14:12:3:5:8:13:11:8:8:4:0:11:11:9:13:0:12:3:11:13:12:7:10:11:7:3:11:5:11:12:9:2:14:9:12:8:0:14:2:8:9:6:14:6:7:12:2:9:14:14:1:10:13:5:5:7:16:12:9:3:12:6:11:5:1:14:16:4:9:10:8:2:14:9:11:10:2:16:12:11:16:4:6:10:11:10:7:10:13:14:3:13:1:7:13:11:12:16:6:11:16:8:3:11:12:13:6:16:7:4:10:13:8:0:7:3:11:1:15:12:14:5:10:13:10:15:6:10:0:1:15:4:3:16:15:15:5:15:15:15:14:16:6:18:10:12:0:15:9:11:18:10:18:15:15:9:6:3:10:14:0:5:12:18:12:11:11:8:16:14:18:7:6:6:14:18:14:8:12:18:11:11:13:16:5:14:15:5:2:8:1:3:13:7:14:2:16:11:3:9:16:0:15:12:11:9:7:12:9:11:16:9:12:2:8:15:12:12:0:2:15:14:0:12:12:9:18:7:13:14:18:12:18:15:1:15:13:8:4:18:16:6:14:6:18:11:0:18:1:10:14:4:13:11:18:8:18:2:14:2:9:18:3:16:10:2:14:1:0:18:7:9:15:0:3:18:10:15:16:11:3:16:8:6:10:16:15:2:18:3:15:10:8:18:16:14:14:12:16:7:17:17:18:14:16:0:11:15:17:15:18:18:11:0:12:7:15:1:12:9:18:17:2:10:0:9:4:16:16:9:11:9:1:15:16:2:13:13:15:17:6:8:11:18:5:16:8:13:5:2:16:14:17:9:9:3:4:11:2:10:6:8:3:17:17:13:17:14:17:17:15:10:18:15:13:15:4:0:10:8:12:10:5:12:2:16:20:1:6:20:1:7:20:10:19:15:18:19:17:6:1:5:17:13:3:17:11:11:14:18:18:17:20:9:6:2:5:14:14:18:19:13:12:14:17:1:2:20:5:5:9:15:17:18:20:17:20:22:13:22:22:17:9:4:19:10:19:5:22:18:22:7:15:20:19:19:17:2:13:6:19:4:19:14:16:20:20:20:17:22:17:4:19:22:7:4:5:15:17:20:11:11:20:15:11:19:20:9:17:20:17:15:15:20:14:2:18:9:21:27:27:19:27:12:17:21:7:27:21:27:21:20:27:27:14:22:27:21:11:22:15:19:20:27:4:22:22:21:21:21:16:21:5:20:21:20:22:20:3:21:27:13:19:21:10:27:16:17:20:27:24:8:24:4:27:26:24:24:18:19:4:22:26:24:21:14:24:17:22:22:26:5:27:21:24:17:22:3:18:27:18:26:21:19:26:19:24:12:20:19:21:24:8:15:13:14:22:19:24:4:27:15:27:24:1:5:20:19:22:24:26:21:26:21:14:20:8:26:12:24:26:17:27:21:24:19:19:19:21:17:8:14:18:20:27:10:20:22:20:11:12:17:22:5:19:12:22:10:11:21:27:27:20:23:24:7:28:2:3:28:19:27:23:28:12:6:17:13:28:23:24:14:28:26:24:23:19:24:28:16:24:28:5:11:24:28:19:28:23:3:23:26:19:24:28:19:23:8:26:23:15:26:16:23:28:1:23:21:31:22:25:31:26:28:31:15:23:11:21:26:19:25:9:17:31:21:20:16:10:31:24:13:31:31:25:31:31:3:25:19:25:27:23:24:22:25:25:25:28:31:23:28:28:23:21:25
504864,139,30,0,347,0:0:1:0:1:0:1:1:0:1:2:2:1:1:0:4:1:1:2:2:3:3:1:3:2:0:4:0:2:2:3:2:2:1:3:4:3:2:3:1:2:4:2:7:4:0:5:1:3:0:6:1:3:1:6:1:5:4:2:5:1:6:6:6:0:6:7:5:6:3:6:5:5:2:6:3:5:3:2:1:3:1:4:3:4:5:6:4:5:2:3:6:0:7:6:7:7:6:8:7:8:8:8:7:1:4:1:9:6:4:9:4:4:4:9:6:8:1:6:7:8:3:7:6:3:0:5:6:6:4:4:9:7:3:3:0:2:3:3:5:7:4:9:9:10:5:8:2:10:2:9:1:3:5:9:3:5:3:7:5:9:2:10:5:0:4:2:9:0:4:1:6:7:1:5:5:4:0:8:4:5:9:1:7:4:9:6:8:4:12:1:12:10:0:8:5:1:13:8:14:4:6:13:1:6:7:13:4:0:0:10:4:7:2:13:13:4:9:7:13:1:10:13:2:10:13:10:8:8:7:13:10:5:9:10:3:0:0:5:1:7:14:14:13:14:12:3:5:8:13:11:8:8:4:0:11:11:1:13:0:12:3:11:5:12:7:10:11:7:3:11:14:11:12:9:2:14:9:12:8:0:14:2:8:9:6:7:6:7:7:2:9:14:14:2:10:13:5:0:7:5:12:9:3:12:6:11:14:9:14:16:4:9:8:8:2:14:9:11:10:2:16:12:11:16:4:6:13:11:10:7:2:11:14:3:1:1:7:13:11:7:5:6:11:16:8:3:11:12:13:6:16:7:4:10:13:8:0:7:3:11:1:15:3:14:5:10:13:10:15:9:10:0:1:8:4:16:15:16:15:11:15:15:15:14:1:6:12:16:12:0:15:9:9:15:16:15:15:12:11:6:3:10:14:10:11:4:9:13:5:11:16:16:14:15:11:6:6:14:18:14:8:12:18:8:11:13:16:15:14:15:5:18:8:1:3:13:7:14:2:16:11:3:9:2:5:15:12:11:13:7:15:9:14:12:9:12:2:8:8:13:12:0:2:12:14:0:8:12:9:6:18:13:14:12:16:18:15:1:7:13:4:4:15:7:14:14:6:18:11:12:18:18:10:14:12:13:16:11:8:18:10:14:2:0:11:3:16:10:2:4:1:11:14:7:12:14:0:3:18:10:15:0:11:3:17:8:0:10:16:15:3:18:17:15:10:8:12:17:3:14:12:16:7:17:9:18:14:4:0:18:15:17:15:18:7:11:18:12:17:13:1:12:9:0:17:2:10:16:9:4:18:16:9:12:9:1:17:16:2:13:13:15:16:6:8:11:10:15:16:8:13:12:8:16:15:17:9:9:3:4:11:12:12:6:8:3:17:17:7:17:14:12:17:15:10:18:15:13:15:17:0:10:10:12:8:5:3:20:14:12:1:6:20:1:1:19:17:9:16:19:18:20:6:1:5:17:13:3:19:11:11:11:18:18:17:0:9:6:13:5:13:14:20:19:13:19:17:17:1:2:20:5:17:17:15:17:18:20:17:20:22:22:16:22:17:9:7:19:10:20:5:22:18:22:9:15:2:17:19:17:2:16:10:19:4:11:19:16:20:18:19:17:14:17:17:18:12:7:18:20:16:17:20:11:14:20:16:11:19:20:9:4:20:17:15:22:13:19:22:19:20:19:19:6:21:27:27:17:22:27:27:20:27:0:27:21:21:18:21:11:19:20:19:22:10:20:27:4:22:22:21:22:21:18:20:5:16:0:21:27:15:3:21:20:27:19:19:16:21:15:21:16:21:24:22:27:4:16:26:24:27:16:24:4:24:10:24:21:24:17:26:20:19:17:5:21:27:21:13:27:3:20:21:19:26:14:22:27:26:18:26:20:27:22:19:8:22:21:21:19:11:24:4:19:27:27:27:24:24:26:19:24:24:26:27:18:21:20:13:26:26:12:24:17:17:27:24:13:24:26:27:20:17:21:14:17:20:21:24:7:8:17:11:20:26:22:22:27:16:22:21:26:21:27:20:23:19:24:26:22:2:28:28:19:28:26:21:20:23:10:13:26:0:27:27:19:26:22:18:15:23:24:24:22:23:5:19:18:24:4:19:21:26:23:22:6:10:23:23:28:19:11:19:28:26:23:19:5:1:21:26:23:25:31:31:18:18:31:31:26:25:23:26:25:31:12:25:28:25:9:25:16:27:31:28:31:31:23:31:8:0:23:23:23:6:28:6:23:23:31:13:9:31:12:28:31:16:25:27
574410,157,30,0,346,0:0:1:0:3:3:0:1:0:1:2:2:1:1:0:0:1:1:2:2:3:3:1:3:2:0:4:0:2:2:4:2:2:1:3:4:3:2:3:1:2:4:2:7:4:0:5:1:3:3:6:1:3:1:6:1:5:4:2:5:1:6:6:6:6:6:7:5:6:3:6:5:5:2:6:3:5:3:7:1:3:1:5:3:4:0:6:4:5:2:3:5:3:7:6:7:7:3:8:7:9:8:8:7:1:4:1:9:6:4:5:4:4:4:2:6:8:1:6:7:8:3:7:5:8:0:5:6:2:4:4:9:7:3:9:0:4:3:3:1:7:4:6:9:2:5:8:10:10:2:9:1:0:5:2:3:5:7:7:7:9:2:10:8:0:4:2:9:0:4:1:9:5:1:5:5:4:0:8:4:7:9:1:3:8:9:6:8:4:12:1:12:14:0:8:5:1:13:13:14:2:6:13:1:6:7:13:4:0:3:10:2:5:2:13:9:9:4:7:7:14:10:9:9:6:13:5:8:0:7:10:12:6:0:8:13:12:0:5:1:5:10:14:13:6:12:3:14:8:13:11:8:8:13:14:11:3:1:9:7:13:6:11:8:12:0:2:11:7:3:11:14:11:11:8:3:14:4:12:8:7:10:5:8:9:14:7:6:7:8:2:9:14:0:2:10:13:13:14:7:5:12:9:3:12:6:12:14:1:14:16:4:16:10:13:11:14:16:11:11:2:16:2:12:16:10:16:6:11:10:8:11:10:10:4:13:1:7:13:12:5:4:6:11:10:10:3:3:12:7:16:16:7:4:9:13:13:12:13:3:10:1:15:3:12:5:10:13:8:15:15:10:0:1:15:4:16:9:16:15:5:15:15:15:14:6:2:4:16:11:0:16:9:11:15:16:15:15:12:9:6:15:10:3:0:9:12:5:12:7:10:8:15:13:15:14:8:11:14:18:7:8:18:18:7:18:13:16:2:14:16:7:18:9:1:2:11:7:13:2:5:10:3:7:9:16:15:12:11:12:7:12:16:14:3:18:12:14:18:8:15:12:0:12:16:0:0:8:16:9:16:18:18:15:11:15:14:11:1:15:13:4:4:12:7:6:14:18:4:11:18:18:1:10:18:4:8:18:16:8:14:6:14:18:9:11:3:14:7:9:4:1:5:18:12:12:14:3:15:18:18:15:0:10:17:17:15:15:9:17:15:3:18:15:16:11:15:12:17:10:5:15:16:14:6:5:9:14:4:0:11:15:13:10:11:10:3:0:6:15:18:18:12:18:18:17:16:18:0:13:4:17:5:9:12:2:1:12:16:15:10:16:15:16:6:8:11:12:18:13:10:13:18:2:5:3:5:16:5:0:15:10:3:10:6:8:8:14:11:17:17:14:11:17:13:18:18:5:13:15:18:3:10:8:9:8:16:20:19:19:19:20:19:20:1:12:11:20:9:17:19:11:19:16:19:5:17:7:3:20:14:14:9:19:19:17:0:9:6:18:7:19:14:16:10:19:13:19:13:1:19:20:7:20:15:7:17:5:18:20:17:22:11:20:17:17:22:0:22:12:20:12:22:19:17:22:22:19:20:22:19:19:13:2:1:4:22:15:16:18:13:13:19:12:16:4:22:8:9:11:20:13:6:12:11:19:19:22:3:20:19:13:4:19:13:10:22:7:14:17:15:8:12:18:20:27:21:27:20:21:7:22:27:19:17:14:27:22:14:17:11:27:27:2:20:21:17:21:27:4:22:27:20:17:15:0:5:22:21:6:27:17:2:4:10:21:6:20:2:19:15:22:17:22:21:26:26:26:6:17:9:19:16:22:11:26:26:16:27:0:26:21:20:26:17:14:26:21:10:19:15:7:26:19:21:22:17:4:21:9:22:11:27:21:12:20:18:21:22:19:14:11:20:21:16:26:21:20:1:9:26:21:17:12:24:21:21:27:24:16:12:14:22:14:5:26:24:24:27:21:26:27:24:26:26:8:24:20:22:6:22:26:17:27:18:17:5:0:26:22:22:18:15:17:26:28:11:26:26:23:11:28:11:17:26:28:28:27:26:20:28:12:11:28:28:19:28:10:27:28:21:27:23:26:7:1:24:28:28:23:9:23:24:8:23:15:23:24:24:23:23:20:24:21:10:28:26:4:13:21:23:24:22:28:31:31:25:31:23:12:17:27:28:31:31:23:31:28:19:18:24:31:21:26:1:20:31:25:31:23:19:21:13:14:27:25:31:24:22:31:23:31:31:25:25:24:25:22:20:13
796366,214,30,0,345,0:0:1:0:1:3:1:1:0:1:2:2:1:1:0:0:1:2:2:2:3:3:1:3:2:0:4:0:4:2:4:2:2:1:3:4:3:2:3:1:2:4:2:7:4:0:5:1:3:3:6:1:3:1:7:1:5:0:2:5:1:7:6:6:6:6:3:5:6:3:6:5:5:2:6:7:5:3:7:7:3:1:5:3:4:5:6:3:5:5:2:5:0:7:6:1:7:3:8:7:9:4:8:7:1:0:1:9:6:4:9:4:4:4:2:6:8:1:6:8:8:3:1:6:9:0:7:9:6:0:4:2:7:7:4:0:2:3:9:9:7:4:6:9:2:5:10:10:8:2:9:2:6:5:2:9:5:3:0:7:8:4:7:10:0:4:9:9:5:0:1:10:5:8:5:5:4:0:0:6:7:4:9:9:8:6:6:9:0:3:1:12:2:0:8:5:1:1:13:14:3:6:13:1:6:7:2:10:0:10:10:14:9:13:3:4:10:12:7:5:1:13:10:8:7:7:5:8:0:5:13:6:6:0:4:0:12:0:8:1:5:3:3:4:6:14:3:14:13:14:12:6:8:4:11:11:2:1:9:0:3:2:4:7:7:0:2:11:11:3:5:5:11:11:8:2:12:4:12:14:8:12:9:8:9:2:13:10:7:12:7:4:11:11:0:13:14:11:9:7:5:12:10:5:9:6:8:10:1:12:2:8:16:8:14:11:13:0:7:13:8:10:14:11:0:10:13:6:13:6:9:13:5:14:16:1:16:4:3:16:5:14:2:11:14:6:3:12:3:7:4:13:2:11:9:10:11:0:7:3:10:1:14:3:8:12:8:13:15:8:6:13:0:1:16:5:12:9:13:12:5:11:4:12:9:1:16:12:13:2:15:14:15:12:16:10:11:13:16:9:6:6:6:9:0:9:4:13:15:16:1:8:2:7:12:14:8:8:16:14:15:15:18:18:15:13:3:16:2:10:16:7:18:14:8:2:11:6:9:6:5:10:3:12:2:0:16:3:16:7:4:18:15:2:3:10:18:13:15:8:16:16:0:12:14:9:0:7:13:9:13:16:5:11:12:16:2:14:12:11:13:4:4:12:16:5:9:14:18:13:0:18:18:18:13:9:15:14:15:8:16:2:11:9:15:10:16:2:15:16:10:7:8:18:7:3:16:9:15:18:8:11:15:11:15:12:16:6:10:12:10:15:18:12:17:17:8:18:13:15:16:10:16:7:2:17:11:14:18:0:10:6:11:8:16:17:18:0:3:10:14:1:15:14:0:18:17:18:0:13:10:6:13:10:13:4:1:8:1:10:7:17:11:18:18:11:15:15:18:13:3:12:18:10:16:12:5:9:9:16:10:9:15:6:12:9:15:16:13:14:9:18:4:14:8:18:17:14:14:10:3:3:20:20:12:7:19:15:17:17:19:19:6:7:1:15:20:14:9:19:18:13:11:19:1:2:17:20:17:14:15:11:7:18:19:12:0:17:6:18:14:20:18:17:20:20:20:19:20:14:2:8:8:5:19:10:20:19:17:16:22:5:14:4:19:17:9:19:8:12:22:18:20:17:14:19:19:4:18:19:20:22:16:13:19:6:20:19:10:17:11:17:5:14:20:14:10:20:7:18:16:10:6:18:20:15:12:19:10:22:20:9:19:20:19:8:9:7:13:19:13:10:27:22:15:22:21:22:17:22:4:0:27:21:9:13:27:13:11:11:21:19:27:17:17:22:27:27:17:22:21:21:21:21:19:15:17:13:0:20:27:15:2:19:8:22:6:27:2:13:15:10:27:21:26:22:22:18:6:16:12:27:20:22:5:26:21:20:21:0:19:27:27:21:20:20:22:27:13:20:21:7:17:19:4:21:27:27:2:10:26:26:22:21:18:21:15:26:26:11:20:21:27:4:16:2:8:21:1:22:22:27:15:21:12:11:17:19:6:20:22:17:19:22:5:20:12:17:19:9:27:27:27:26:20:26:20:19:26:6:3:5:17:16:14:11:5:21:2:16:27:11:9:13:26:26:20:28:28:23:22:27:26:19:20:23:23:28:23:21:24:24:28:28:23:14:24:24:24:26:28:24:22:8:23:8:22:28:10:24:17:28:21:6:28:21:12:16:27:16:28:24:7:28:26:21:26:27:23:7:28:26:19:26:31:25:24:25:31:31:31:21:31:22:25:24:25:23:25:27:23:23:27:24:1:23:31:24:21:24:24:23:24:31:23:21:7:21:20:14:8:25:27:28:31:31:26:25:27:26
891478,239,30,0,344,0:0:1:0:1:3:1:1:0:1:4:2:1:1:1:0:1:1:2:2:3:3:1:3:2:0:4:0:4:2:4:1:2:1:3:4:3:2:3:1:2:4:2:7:4:0:5:1:3:3:6:1:4:1:7:1:5:0:2:5:1:0:6:6:6:6:3:5:6:3:7:5:5:2:6:7:5:3:7:1:3:4:5:3:4:0:6:4:5:5:2:5:0:7:6:7:7:3:8:7:9:4:8:3:1:0:1:9:8:4:9:4:4:8:2:6:8:5:6:8:8:3:1:6:9:0:7:9:7:0:0:2:7:7:9:8:2:3:9:9:7:4:6:8:2:5:10:10:10:2:10:1:6:5:2:9:5:3:10:7:8:4:7:4:0:4:9:9:5:0:1:10:5:8:5:5:4:0:0:6:7:4:9:7:4:6:6:13:9:3:1:12:2:0:8:5:1:10:13:14:4:6:10:6:6:7:2:10:0:3:10:14:9:13:3:8:12:12:7:8:1:5:2:13:7:8:9:4:9:5:14:6:6:0:4:0:4:0:4:1:5:3:3:8:9:14:3:5:4:14:7:6:8:4:0:11:8:1:9:10:3:2:1:8:13:12:2:11:11:3:11:5:11:12:11:2:12:4:12:14:8:10:9:8:9:5:14:11:7:7:10:12:12:6:11:8:11:6:5:13:5:4:11:14:9:6:13:10:1:12:2:14:14:14:14:7:14:0:7:13:8:2:13:11:13:10:13:7:9:6:12:11:5:14:8:1:4:4:3:13:14:13:2:11:4:1:8:11:3:13:4:11:2:7:13:13:11:0:7:3:15:1:11:3:12:10:0:13:8:16:6:8:0:1:16:10:2:9:13:15:10:6:16:12:10:1:6:13:13:2:8:14:15:11:16:4:7:16:12:9:6:15:16:3:9:16:11:5:13:5:10:14:2:14:16:11:12:8:1:5:15:10:13:18:15:13:3:16:16:11:16:7:18:14:5:3:6:6:14:6:5:7:15:12:2:3:7:11:16:12:10:12:11:2:3:10:15:10:15:8:16:14:0:12:15:9:0:10:0:5:13:16:5:11:18:14:2:9:1:14:13:4:10:18:16:5:9:6:11:15:12:11:1:15:10:0:15:8:8:8:18:2:6:8:0:18:2:2:15:13:10:9:18:11:7:3:16:3:15:18:6:9:11:15:17:17:16:6:9:17:18:15:12:15:17:17:16:17:4:3:14:15:12:13:2:10:5:16:12:0:16:8:12:8:15:12:11:16:6:9:0:12:12:10:0:17:17:0:11:10:10:13:14:9:14:4:1:18:15:10:17:13:16:12:17:11:18:12:5:13:3:17:18:10:17:13:13:9:18:9:2:7:12:6:13:0:11:13:13:17:9:16:1:15:12:12:18:5:11:11:3:3:20:17:17:12:8:12:17:17:15:19:18:7:11:1:19:14:18:10:19:12:11:19:1:20:11:10:14:19:19:17:9:12:20:20:0:14:6:8:18:20:19:9:3:20:19:20:16:8:2:17:5:16:20:15:18:13:22:19:22:11:12:6:22:22:9:16:19:12:22:22:20:14:17:18:17:4:20:19:13:14:20:19:3:20:17:19:19:10:20:18:16:14:16:0:10:17:18:12:7:10:0:14:17:14:6:14:19:19:6:9:15:19:20:8:9:10:14:18:18:8:27:18:20:27:21:18:21:2:21:13:22:27:22:13:21:27:22:22:5:11:20:19:27:22:27:20:10:27:27:27:19:16:19:11:5:3:19:22:21:22:2:22:22:4:6:19:2:21:17:19:16:27:27:26:26:26:21:20:26:16:27:16:18:21:21:2:26:0:26:26:22:26:15:18:8:21:1:19:9:20:21:26:4:21:15:26:2:1:26:20:20:20:27:8:4:18:19:5:11:21:26:27:26:16:21:21:27:22:17:20:15:26:21:17:20:27:22:20:27:4:27:26:5:11:26:17:20:22:27:21:6:22:21:22:26:22:21:27:22:26:14:20:20:8:18:18:15:14:26:26:15:19:26:14:28:18:26:27:23:23:24:19:22:23:28:20:28:24:17:27:28:24:28:24:23:27:2:28:15:26:28:28:21:8:22:24:22:24:4:15:21:28:17:11:21:26:24:28:28:23:7:21:15:20:28:23:11:22:27:28:31:25:25:31:19:31:25:31:24:25:23:19:13:23:12:28:23:23:21:24:24:24:1:24:31:3:21:25:19:19:0:17:25:31:0:25:24:23:23:23:21:24:23:31:0:25:4:7
897607,241,30,0,343,0:0:1:0:1:3:1:1:0:1:4:2:1:1:1:0:1:2:2:2:3:3:1:3:2:0:4:0:4:2:4:1:2:1:3:4:3:2:2:1:2:4:2:7:4:0:5:1:3:3:6:1:4:1:7:1:5:0:2:5:1:0:6:6:6:6:3:5:6:3:6:5:5:2:6:3:5:3:7:1:3:7:5:3:4:0:6:4:5:5:2:5:0:7:6:7:7:3:8:7:9:4:8:3:1:0:1:9:8:7:8:4:4:8:2:6:8:5:6:8:8:2:1:6:9:0:7:9:7:0:4:2:7:7:4:8:2:4:9:9:8:4:6:9:2:5:10:10:10:2:9:1:6:5:2:9:9:3:10:7:8:4:7:10:0:4:9:9:5:0:1:10:5:1:5:5:4:0:0:6:7:4:9:7:4:6:6:9:9:3:1:12:2:0:8:5:1:10:13:14:4:6:10:6:6:7:2:10:0:3:10:14:9:13:3:8:12:12:7:8:1:5:8:13:7:8:9:0:9:14:14:6:6:0:4:0:4:12:5:1:0:3:3:8:9:10:3:5:4:14:7:13:8:4:0:11:8:1:9:10:3:2:1:8:13:14:2:11:11:3:11:5:11:12:11:2:12:4:12:14:12:10:9:8:9:5:14:7:7:7:10:12:5:6:11:8:11:6:3:13:5:4:11:14:9:6:13:10:1:12:2:14:14:14:14:7:12:0:7:13:8:13:13:11:0:10:13:6:9:6:7:7:11:14:13:1:4:4:3:13:14:13:2:11:4:1:8:4:3:13:4:11:2:7:9:0:11:0:7:3:15:1:11:3:12:10:0:13:8:16:6:8:0:15:16:10:2:9:13:12:10:6:16:16:10:1:6:13:13:14:12:16:15:11:7:4:7:16:12:9:6:15:6:3:0:9:11:5:11:5:10:8:2:14:16:14:8:15:14:13:15:10:18:18:11:13:3:16:16:11:16:15:11:9:7:3:6:6:14:6:5:14:15:12:2:3:7:11:16:12:10:18:11:2:3:10:18:10:18:15:16:16:0:15:18:15:0:10:0:9:13:16:5:11:2:14:7:9:1:16:18:4:10:18:16:5:9:6:11:15:12:11:1:15:10:0:15:3:16:8:18:2:6:8:0:11:2:10:15:13:10:9:18:11:7:3:13:3:11:18:8:9:11:13:17:17:16:16:9:17:18:12:18:14:16:17:16:17:4:3:14:15:12:13:2:10:5:16:12:0:16:8:18:8:15:15:11:16:3:7:0:12:11:10:0:18:17:0:11:10:10:13:14:16:14:4:1:18:2:10:17:14:12:12:17:12:18:12:5:13:3:17:18:10:16:13:9:9:18:9:2:7:17:4:13:0:15:13:13:17:9:16:4:15:12:12:15:15:11:17:18:3:20:15:17:12:8:12:15:17:15:19:20:7:11:1:19:17:9:10:19:12:11:19:1:17:11:10:14:19:19:15:7:12:20:20:17:9:20:18:18:20:15:9:18:20:14:18:16:8:2:12:5:16:20:10:16:13:22:19:22:11:12:4:22:22:9:16:19:12:22:22:20:14:17:20:17:4:20:16:20:14:20:19:3:6:20:19:19:10:20:18:7:11:16:0:10:4:18:12:17:10:20:14:18:15:6:13:19:19:18:9:20:20:18:8:19:10:15:20:1:7:21:21:21:27:15:18:20:2:17:13:22:17:22:13:21:21:11:27:9:11:16:19:17:20:27:21:15:27:21:27:19:16:19:11:5:3:27:22:27:22:2:22:22:20:6:19:4:15:18:3:20:14:15:19:11:16:8:21:27:19:27:16:18:17:15:20:22:0:26:20:19:21:20:18:20:27:21:3:12:15:20:26:4:27:26:17:17:20:26:21:20:15:19:8:18:26:27:5:11:21:27:4:21:22:21:17:1:22:26:21:17:21:20:22:26:15:6:20:12:4:27:22:9:26:0:26:26:9:19:22:19:21:27:22:20:22:21:13:27:26:17:21:20:17:5:19:14:14:14:21:21:19:21:17:22:28:22:28:18:28:24:19:19:24:24:26:12:7:28:27:27:7:28:28:24:27:24:24:26:21:28:27:28:24:22:5:8:27:21:28:28:28:14:11:8:12:28:16:13:27:28:19:26:24:26:24:26:22:27:25:23:24:22:23:31:26:31:23:25:23:23:25:25:31:23:28:16:23:28:26:22:25:22:31:31:23:25:14:25:23:0:26:23:31:24:31:2:25:31:31:25:26:31:24:24:24:28:28
981086,263,29,0,342,0:0:1:1:1:3:1:1:0:1:4:2:1:1:1:0:1:2:2:2:3:3:1:3:2:0:4:0:4:2:0:1:2:1:3:4:3:2:3:1:2:4:2:7:4:0:5:1:3:3:6:7:4:1:7:1:5:0:2:5:1:6:6:6:6:6:3:5:6:4:0:5:5:2:6:3:5:7:7:1:3:1:5:3:4:0:6:4:5:5:2:5:0:0:6:7:7:3:6:7:9:4:8:3:7:8:1:9:6:7:5:4:4:1:2:6:8:5:6:8:1:3:1:6:9:0:7:7:6:0:4:2:8:3:4:8:2:4:4:9:7:10:6:9:9:5:10:10:10:2:9:1:6:5:2:9:9:3:10:7:8:4:7:4:0:4:9:4:7:0:1:10:5:8:8:5:8:0:0:6:7:3:9:7:8:9:6:8:9:12:1:12:2:0:8:5:1:0:13:10:4:6:4:6:6:4:2:10:14:3:10:14:5:13:3:4:12:12:7:5:1:13:8:13:7:10:5:8:9:10:8:6:6:8:4:0:4:0:5:1:12:10:3:14:9:10:3:13:4:14:7:13:14:4:0:11:2:1:6:0:10:2:14:8:13:12:2:11:11:12:11:5:11:12:14:8:12:4:12:14:8:13:9:8:9:8:0:11:9:7:10:8:7:9:11:13:4:8:5:10:5:4:10:5:9:6:14:10:1:12:2:14:14:14:8:7:14:0:8:13:11:14:13:11:0:4:13:7:12:6:7:7:5:11:0:1:4:4:3:13:10:13:2:11:4:6:5:12:3:8:3:11:2:6:9:0:11:16:7:3:15:1:16:3:12:8:15:13:10:16:13:11:0:1:16:10:2:9:13:15:5:15:16:11:2:1:6:13:13:2:14:8:15:11:7:4:2:16:12:9:6:5:16:3:9:16:15:8:11:9:1:14:2:8:16:11:14:12:13:13:11:16:14:18:18:18:3:13:2:11:16:15:15:9:7:3:11:6:12:6:7:14:18:12:2:0:7:11:14:18:10:15:11:2:3:11:12:10:18:14:16:3:16:12:15:16:18:2:13:5:6:16:18:12:2:7:9:9:1:7:8:4:10:18:7:5:9:15:18:18:16:11:14:15:13:0:15:15:16:12:12:6:7:8:0:18:2:15:15:13:10:9:16:16:7:3:13:3:15:18:6:12:11:13:11:3:17:16:10:17:18:12:18:18:17:17:16:17:4:3:5:7:17:13:2:5:12:16:15:16:14:16:12:16:15:12:11:0:6:1:16:14:15:18:0:18:12:14:18:0:9:6:17:11:13:8:4:18:2:10:17:13:15:11:17:12:14:12:5:13:3:17:13:15:16:15:9:15:18:9:18:7:12:6:15:0:11:13:13:16:16:15:1:15:17:12:17:5:18:17:3:10:17:19:8:8:8:12:19:17:19:19:17:17:20:1:19:10:9:13:19:13:11:18:1:5:20:16:15:15:7:16:20:19:15:20:9:7:6:18:14:15:19:9:18:14:20:19:20:5:2:20:17:5:17:10:16:18:22:19:14:12:22:14:22:20:9:16:19:19:22:5:20:22:8:18:16:12:20:20:19:20:17:22:3:20:16:10:20:7:17:12:7:19:15:14:10:6:18:19:22:17:20:14:22:8:15:14:19:10:6:9:12:13:20:19:9:2:15:20:12:22:27:18:21:27:19:21:21:14:15:13:17:20:10:13:11:21:27:20:22:27:22:21:20:17:22:20:12:12:17:17:19:27:16:27:9:3:0:15:17:22:22:20:20:13:6:6:2:21:12:10:17:15:26:27:26:26:21:27:19:20:17:26:21:22:26:2:26:0:21:27:26:27:22:22:16:11:14:6:22:22:27:18:21:16:26:11:27:21:26:14:27:14:6:26:14:21:17:17:19:19:26:15:21:27:13:27:1:9:8:19:15:7:19:22:21:27:1:27:12:21:26:20:5:27:21:27:19:20:3:26:11:27:26:26:21:27:22:4:7:27:21:11:26:22:5:27:10:19:26:21:7:21:21:28:28:21:27:10:24:24:22:24:27:24:6:11:14:24:4:18:28:28:13:28:24:28:27:28:21:27:24:21:0:1:26:24:24:24:8:24:26:27:5:27:8:26:22:19:21:19:26:19:28:28:14:24:9:19:22:28:31:28:31:28:25:31:25:26:25:31:28:31:31:26:27:24:11:31:19:22:26:13:1:25:17:25:20:31:28:25:22:25:25:24:22:25:17:6:5:31:31:25:12:28:24:18:26:31
1062710,283,29,0,341,0:0:1:1:1:3:1:1:0:1:4:2:1:1:1:0:1:2:2:2:3:3:1:3:2:0:4:0:4:2:0:2:2:1:3:4:3:2:3:1:2:4:2:7:4:0:5:1:3:3:6:2:4:1:7:1:5:0:2:5:4:0:6:6:6:6:3:5:6:4:0:5:5:2:6:3:5:7:7:1:3:7:5:3:4:5:6:4:7:5:2:5:0:0:6:7:0:3:6:3:9:9:8:3:1:0:1:9:6:7:5:4:4:1:9:6:8:7:6:8:1:3:1:5:0:0:2:7:6:0:0:2:8:3:4:9:2:4:4:9:7:10:6:9:2:5:10:10:10:1:9:2:6:5:2:9:9:3:10:7:8:4:7:7:0:4:9:4:5:0:1:10:5:10:5:9:4:0:0:6:7:4:9:9:4:6:6:8:4:3:12:12:2:0:8:8:1:0:13:10:4:6:4:6:6:1:2:4:8:3:3:10:5:13:3:4:4:5:7:5:1:7:2:13:7:9:5:0:9:10:1:6:6:8:4:0:9:0:4:1:5:3:2:12:7:9:0:13:4:14:12:6:14:8:0:11:2:1:6:0:3:14:1:1:13:14:2:11:9:12:11:8:11:0:8:8:11:4:7:14:8:10:11:8:9:2:7:9:12:7:10:8:13:9:1:8:4:8:9:3:14:7:11:5:9:6:11:10:1:12:2:14:14:14:8:7:14:0:8:13:2:14:12:11:10:4:4:9:9:6:14:7:9:11:0:3:4:4:3:13:5:13:2:11:10:6:7:4:3:8:0:11:3:8:9:12:11:10:7:3:1:1:16:3:15:8:15:13:8:16:13:15:13:1:16:5:10:14:13:15:14:12:16:16:2:6:6:13:13:11:9:14:15:8:7:10:13:16:12:13:13:8:16:16:0:16:15:8:15:9:16:0:8:8:16:12:5:6:16:13:11:16:18:12:11:10:12:16:2:11:16:12:18:9:10:3:11:14:16:6:5:16:18:12:4:0:18:15:11:12:4:18:18:2:3:7:15:10:9:15:0:12:16:15:18:8:18:18:13:9:6:16:0:12:14:10:9:2:1:15:8:4:10:16:16:5:9:14:18:7:18:11:14:10:13:0:15:10:16:12:10:2:12:8:0:10:18:11:15:13:6:7:5:16:18:15:13:15:3:14:14:18:10:13:18:10:17:16:16:17:18:3:18:18:12:17:16:17:4:3:15:15:18:12:18:5:15:16:15:18:15:12:13:14:15:7:2:0:6:1:13:14:15:11:18:17:10:17:4:13:10:13:17:15:11:8:4:18:17:2:5:17:13:17:9:7:14:17:12:13:16:11:12:10:14:18:5:13:11:17:2:9:17:6:12:17:11:13:13:12:16:15:11:15:8:12:8:7:10:2:3:18:20:12:18:8:8:18:2:14:19:19:17:20:20:1:16:10:19:13:13:13:12:6:1:20:20:16:20:19:10:11:7:12:13:17:20:7:7:18:14:8:16:19:20:19:20:19:15:8:2:12:12:0:8:11:7:14:17:14:14:5:5:6:15:6:22:19:22:22:12:17:16:19:17:19:22:19:20:0:19:20:13:13:14:7:14:13:17:22:2:14:15:0:16:19:22:6:22:20:20:10:6:19:10:6:17:19:17:10:12:7:5:22:13:6:22:22:10:19:1:15:14:14:27:20:21:19:27:22:27:0:21:19:22:22:13:27:11:18:22:22:20:18:27:20:15:21:27:7:21:2:21:21:21:12:9:10:0:22:16:21:11:17:17:13:19:6:4:27:16:10:11:17:26:26:19:16:6:21:21:21:20:5:18:26:17:26:26:26:21:20:8:7:27:20:19:22:15:19:20:19:17:22:22:11:7:11:2:16:26:27:27:1:19:4:9:21:22:20:20:14:26:9:19:2:21:26:1:20:8:19:26:26:27:21:27:15:15:19:15:26:21:26:17:18:27:22:21:16:3:27:22:26:27:8:27:26:19:20:3:26:18:11:11:26:5:20:15:22:21:21:21:27:6:14:26:28:28:20:24:27:26:28:19:24:24:28:28:20:24:11:14:24:12:22:24:15:24:14:15:21:26:24:26:5:24:21:10:28:28:15:28:15:28:11:22:28:28:24:13:22:12:28:28:27:14:20:21:17:11:25:25:27:31:31:21:27:22:27:31:22:25:31:31:24:31:20:11:28:27:31:27:25:25:31:31:31:25:22:24:31:0:31:31:25:22:26:25:24:7:22:28:9:21:25:0:24:11:26
1239326,326,29,0,340,0:0:1:1:1:3:1:1:0:1:2:2:1:1:1:0:1:2:2:2:3:3:1:3:2:0:4:0:4:2:0:2:2:1:3:4:3:2:2:1:2:4:2:7:4:0:5:1:3:3:6:2:7:1:7:5:5:0:2:5:1:0:6:6:6:6:3:5:6:4:6:5:5:2:6:7:5:3:7:1:3:1:5:3:1:6:6:4:5:5:5:5:0:7:6:7:0:3:8:3:9:3:8:3:1:0:1:9:6:7:5:8:7:1:9:6:8:4:6:8:1:3:1:8:0:0:2:7:1:4:4:2:8:3:4:9:8:4:4:9:7:10:6:9:2:5:10:10:8:1:2:6:9:5:2:4:9:3:0:7:10:10:7:7:0:4:9:4:5:0:1:10:5:10:5:9:10:0:0:8:7:4:4:9:3:10:6:12:4:3:12:12:2:0:8:8:1:0:13:1:4:6:4:6:8:7:2:4:8:12:10:10:5:13:1:8:10:12:7:5:10:7:6:8:6:6:5:8:0:5:1:6:6:0:5:0:9:0:7:1:5:2:12:12:9:9:0:10:4:14:11:6:8:8:9:3:2:1:6:0:3:2:13:1:13:12:2:11:9:7:5:10:11:0:8:8:14:8:7:14:8:10:2:8:14:13:7:14:7:11:14:14:11:6:2:13:4:6:3:3:5:7:10:5:9:6:14:10:6:12:2:4:14:14:6:7:9:0:8:13:2:14:12:12:11:10:4:11:9:14:7:7:6:14:0:4:7:4:3:13:5:11:13:10:13:8:12:11:3:14:0:13:7:9:9:0:8:16:7:3:15:1:16:14:4:8:15:4:8:16:11:15:15:16:13:4:0:14:13:15:5:15:16:11:2:7:10:12:14:2:7:13:4:11:7:10:14:16:12:11:6:6:14:8:12:16:3:10:15:9:9:0:2:11:16:13:4:11:4:13:11:18:11:12:18:3:18:16:12:11:16:12:18:3:7:3:11:14:16:15:16:16:3:7:2:0:16:18:11:12:7:14:11:2:3:18:12:10:18:15:18:12:10:15:12:9:18:2:13:9:15:16:0:16:0:14:9:11:18:15:8:4:10:16:18:5:9:14:15:7:15:11:13:15:18:0:18:18:4:12:3:2:12:12:0:15:14:2:18:18:6:7:16:18:7:3:10:3:12:11:11:11:3:15:18:3:17:17:9:18:17:4:17:16:17:11:12:15:4:3:5:4:14:12:17:5:15:18:15:7:15:16:11:18:11:9:15:0:17:15:18:17:17:9:7:15:15:18:10:10:18:16:5:10:13:17:1:10:2:2:5:13:13:10:6:7:17:16:10:13:3:11:17:10:5:7:5:13:5:16:4:9:2:6:1:11:5:18:11:4:9:17:13:15:15:17:17:7:11:10:3:15:19:12:18:12:2:17:19:10:19:6:9:19:19:1:20:16:17:13:20:19:9:20:19:19:19:5:19:14:20:10:20:11:13:4:1:19:6:18:17:8:20:13:3:19:18:15:16:8:17:16:11:0:20:19:18:19:14:22:19:5:5:8:19:20:7:17:16:20:19:9:20:17:22:16:19:12:20:14:20:6:13:22:22:6:18:16:20:17:3:9:5:0:14:11:9:13:20:20:19:20:20:14:12:10:18:13:20:9:12:9:5:18:20:11:16:15:14:5:15:8:17:14:22:19:27:22:13:2:27:0:19:18:9:13:13:22:19:18:27:27:13:5:15:19:22:22:16:27:19:20:8:22:14:19:22:10:17:11:19:22:2:11:2:27:6:15:22:17:16:14:20:22:26:21:27:21:16:11:21:26:19:20:22:27:22:2:21:27:27:21:3:6:17:18:27:26:15:8:16:20:19:27:13:14:18:15:2:1:26:14:27:22:6:26:8:22:17:8:19:9:22:4:22:22:21:16:4:10:26:11:21:27:22:27:22:5:17:14:15:21:7:26:22:21:3:26:27:27:17:0:15:19:18:21:4:26:22:26:12:18:27:21:21:12:5:16:2:27:27:22:1:10:21:18:20:24:26:22:26:24:28:6:28:27:19:28:24:24:21:24:8:24:24:21:24:15:24:28:26:1:28:24:28:8:26:20:14:24:26:15:13:28:14:3:24:28:27:21:10:22:26:17:27:20:24:27:20:13:31:25:26:28:24:31:28:18:24:28:11:31:17:25:28:5:31:19:13:25:25:31:17:24:19:31:26:31:31:25:15:25:0:24:25:16:27:25:20:20:8:24:26:28:12:17:19:16:6:31
1323456,346,29,0,339,0:0:1:1:1:3:1:1:0:1:2:2:1:1:1:0:1:2:2:2:3:3:1:3:2:0:4:0:4:2:0:2:2:1:3:4:3:2:2:1:2:4:2:7:3:0:5:1:3:3:6:2:7:1:0:5:5:0:2:5:1:0:6:6:6:6:7:5:6:3:0:5:5:2:6:3:5:7:7:1:3:7:5:3:1:6:6:4:5:5:5:5:0:0:6:1:0:6:6:3:9:7:8:3:1:0:1:9:6:7:5:8:7:1:9:6:8:4:6:8:1:3:1:8:0:0:2:7:9:0:4:2:8:3:4:9:8:4:4:6:8:10:6:9:2:5:10:10:8:1:2:2:9:5:2:4:9:3:10:4:8:10:7:7:0:4:9:10:5:0:1:10:5:10:5:9:10:0:0:8:7:4:9:9:10:9:6:12:4:3:12:12:2:0:8:8:1:0:8:1:4:6:4:6:8:1:2:4:8:3:3:10:5:13:9:8:10:12:3:5:10:7:6:10:6:6:5:0:4:5:9:6:6:0:5:0:9:0:7:1:7:3:12:13:4:9:0:10:13:14:11:6:8:8:0:3:2:1:6:1:3:2:0:1:13:12:2:11:9:3:5:10:7:0:11:8:14:8:7:14:8:10:2:8:14:2:8:14:14:7:3:8:13:6:2:8:4:14:3:3:5:7:10:5:4:6:14:10:6:12:2:4:14:8:6:7:13:0:0:7:2:7:13:12:11:10:4:14:9:12:8:12:9:14:4:4:6:4:3:11:5:11:2:14:13:8:7:12:3:11:0:13:2:9:9:14:8:13:14:3:11:1:16:3:4:8:9:4:11:13:6:15:10:15:16:4:13:14:16:15:5:15:16:16:2:1:16:9:14:2:13:13:4:7:7:10:14:16:12:14:6:11:13:15:0:4:13:10:15:11:9:7:2:15:13:14:4:10:4:13:11:18:11:12:11:15:15:16:4:18:14:12:18:9:13:4:9:13:16:15:13:13:9:12:2:0:18:15:9:12:7:16:15:2:3:18:12:10:18:8:18:11:13:12:13:12:6:14:13:9:6:13:0:12:12:14:9:7:11:18:8:8:10:14:18:5:18:14:13:7:12:18:13:15:18:0:15:10:4:11:3:2:12:12:0:9:11:2:18:15:6:7:5:16:7:15:10:15:16:18:6:12:16:9:15:17:11:16:11:18:17:1:7:17:12:11:8:11:4:15:5:13:15:11:3:15:15:16:10:17:15:6:17:16:15:7:15:0:11:1:18:17:12:16:0:12:14:18:13:18:8:6:5:17:16:13:1:10:2:2:3:18:13:10:18:7:17:16:10:13:16:11:18:14:5:12:5:12:5:16:4:16:8:6:14:11:5:18:9:4:16:12:4:9:9:12:17:7:14:17:3:15:9:11:15:19:2:11:19:19:18:17:19:19:1:1:16:19:17:16:19:16:19:17:1:19:15:5:19:14:16:15:7:7:3:18:1:15:4:14:3:19:19:13:16:14:8:15:7:8:12:13:19:0:1:11:17:10:22:22:20:5:5:6:15:17:20:17:20:11:22:9:20:17:22:16:17:19:19:0:22:20:18:10:16:7:12:22:17:20:19:3:5:0:16:12:16:17:17:16:14:18:3:14:22:20:6:13:15:16:19:8:5:18:14:17:17:13:22:5:13:20:20:18:18:17:27:22:16:2:8:0:11:22:17:27:6:27:20:19:16:20:27:20:19:19:27:27:18:7:11:14:27:20:18:11:19:10:22:6:19:7:2:22:27:13:6:22:17:27:18:22:19:27:9:20:5:26:3:18:12:22:19:26:26:20:27:2:17:27:22:26:26:7:21:19:18:27:20:22:27:22:20:8:16:20:22:18:2:16:13:21:21:27:6:20:26:21:21:19:12:21:19:26:21:27:27:16:4:17:19:22:21:12:27:22:14:15:22:20:26:10:26:26:11:21:27:20:4:21:22:15:11:12:26:17:4:27:21:11:19:26:17:26:20:15:5:20:26:14:21:26:27:21:11:18:17:22:24:15:11:24:28:24:24:13:20:28:24:6:20:22:8:0:24:21:28:27:3:22:26:21:28:26:24:28:28:22:6:26:28:21:20:10:14:24:24:13:28:24:28:24:26:28:21:28:28:21:28:26:25:28:27:31:31:25:18:28:11:21:27:31:28:25:24:5:25:19:25:31:24:28:31:31:31:28:28:25:31:25:31:21:0:25:24:31:25:24:24:24:20:25:24:28:31:10:24:28:19:20
1382497,361,29,0,338,0:0:1:1:1:3:1:1:0:1:2:2:1:1:1:0:1:2:2:2:3:3:1:3:2:0:4:0:4:2:0:2:2:1:3:4:3:2:3:1:2:4:2:7:4:0:5:1:3:3:6:2:7:1:0:1:5:0:2:5:1:7:6:7:6:6:3:5:6:3:0:5:5:2:6:7:5:3:7:1:3:1:5:3:1:6:6:4:3:5:5:5:0:0:6:7:0:6:6:3:9:7:8:3:1:0:1:9:6:7:5:8:7:1:9:6:8:4:6:8:1:3:1:8:0:0:2:4:9:0:4:2:8:8:4:7:7:3:4:6:8:10:6:9:4:5:10:10:8:1:9:2:9:5:2:4:9:3:0:7:8:10:7:7:6:4:9:10:5:0:10:2:5:6:5:6:10:3:0:8:7:10:9:3:3:10:6:12:4:3:12:12:2:0:8:5:1:0:8:1:3:0:4:7:8:7:2:12:8:3:3:10:5:14:1:8:10:5:14:5:0:7:6:10:7:6:5:8:4:5:1:6:6:0:5:0:9:0:5:1:5:9:3:12:9:9:0:10:6:14:11:6:11:8:12:11:2:1:6:1:12:6:0:1:13:12:9:11:9:13:5:10:7:0:8:8:11:8:13:4:8:0:10:8:14:2:8:10:11:7:14:8:13:6:10:8:4:6:12:7:5:7:10:5:4:11:14:10:6:12:2:4:14:8:6:9:13:0:12:7:14:7:13:14:10:7:4:9:9:3:8:14:6:14:4:4:13:4:3:11:5:13:2:14:13:8:7:11:9:13:0:4:3:9:9:12:8:13:8:14:1:1:16:3:11:8:9:4:8:13:11:15:10:15:12:12:9:14:13:15:5:15:16:11:2:13:10:9:14:9:13:13:15:9:7:15:2:4:12:16:13:5:13:12:0:16:10:10:15:11:1:7:14:13:11:14:4:10:3:13:11:18:11:3:15:15:18:16:4:7:14:12:18:9:13:4:9:13:16:14:13:11:9:12:4:2:18:18:11:18:4:12:16:2:13:18:12:10:9:8:16:12:10:10:13:12:6:14:13:14:16:11:5:12:12:14:7:9:1:7:8:8:10:14:11:5:18:14:13:7:13:18:13:15:18:0:13:18:4:8:12:16:12:16:0:15:4:10:18:15:6:3:5:14:14:13:11:18:12:7:9:16:2:9:15:10:11:12:12:18:17:4:17:16:12:11:16:18:4:15:5:4:12:11:17:8:15:16:18:15:10:16:17:18:9:7:2:0:17:1:9:18:17:17:0:17:10:18:14:0:8:6:5:17:2:13:1:10:2:2:17:18:13:10:6:7:17:11:15:13:2:15:17:7:13:11:5:12:5:12:4:17:8:6:1:11:5:18:9:4:16:17:4:10:14:4:17:7:3:10:16:3:9:11:18:16:2:16:19:19:18:17:19:19:17:1:18:15:9:11:19:9:17:16:1:19:15:13:19:17:19:15:7:11:19:18:1:15:19:3:13:13:12:13:12:19:19:15:19:14:2:11:11:15:1:4:17:10:14:9:20:18:5:6:22:14:17:22:15:20:19:2:20:17:22:17:9:14:17:0:22:6:13:19:22:7:18:22:17:20:19:13:3:15:11:0:20:14:10:20:10:18:3:19:22:11:18:3:15:20:15:8:5:18:22:18:18:13:17:5:20:20:20:18:22:15:18:22:20:19:17:13:22:22:19:20:6:16:20:19:9:22:16:20:20:19:20:22:16:20:20:2:8:4:16:11:5:10:17:6:22:16:19:11:22:4:6:4:3:15:2:3:1:21:27:21:27:26:17:27:21:17:19:26:10:17:21:21:26:27:16:27:12:7:22:19:18:27:21:3:21:14:18:2:27:20:16:27:22:1:20:26:3:12:22:21:8:22:8:16:20:21:16:15:19:19:27:12:27:10:26:26:20:20:4:22:12:20:10:26:15:2:2:19:22:27:22:15:27:17:26:15:21:21:18:26:21:27:18:21:16:22:14:26:20:9:5:21:20:20:26:19:26:21:11:18:17:26:21:14:8:28:20:24:18:22:28:24:28:6:26:20:27:28:28:28:24:7:16:26:21:24:19:27:28:24:28:24:26:24:5:21:16:10:15:28:20:26:21:26:24:28:28:22:26:26:21:21:22:27:28:24:8:25:25:25:31:15:31:25:14:25:17:25:25:28:27:10:13:28:27:25:14:31:27:22:24:31:25:24:8:28:31:25:9:31:25:31:24:25:31:28:24:24:31:24:31:31:26:31
1456448,379,29,0,337,0:0:1:0:1:3:1:1:0:1:2:2:1:1:1:0:1:2:2:2:3:3:1:3:2:0:4:0:4:2:0:2:2:1:3:4:3:2:3:1:4:4:2:7:4:0:5:1:3:3:6:2:7:1:0:1:5:0:2:5:4:7:6:7:6:6:3:6:6:3:0:5:5:2:6:7:5:3:7:1:3:1:5:3:1:0:6:4:5:5:5:5:0:0:2:7:0:3:6:3:9:7:8:3:1:9:1:9:6:7:6:8:7:1:2:6:8:5:6:8:1:3:1:8:0:0:2:7:9:0:1:2:8:3:5:7:8:3:4:6:8:10:6:9:4:5:10:10:8:1:2:2:9:5:2:9:5:3:0:7:6:10:7:7:0:4:3:10:5:0:1:0:5:10:5:9:10:3:6:8:7:4:9:3:3:10:6:12:4:3:12:12:2:0:8:8:1:0:8:1:4:0:4:7:8:7:2:4:8:3:3:6:5:4:1:8:10:2:7:5:0:7:6:8:7:6:5:8:0:5:1:6:12:0:5:0:10:0:5:1:5:10:3:12:9:9:2:10:6:14:11:6:8:8:12:11:2:1:6:1:3:6:0:1:13:12:2:11:9:13:5:10:7:0:11:10:11:8:7:14:8:10:2:8:9:2:8:14:11:7:11:8:13:9:2:8:4:6:12:7:5:7:11:5:4:2:14:10:6:12:2:4:14:8:6:7:13:0:12:7:14:7:13:14:5:10:4:9:9:14:8:14:6:14:4:9:13:4:6:11:8:13:2:14:13:6:7:11:3:11:0:4:2:7:9:0:8:13:14:14:1:1:16:3:11:8:9:4:8:13:11:15:10:15:12:12:9:14:13:15:5:10:16:11:2:13:10:9:16:2:13:16:9:11:7:15:14:16:10:16:13:11:12:12:0:16:13:8:9:11:14:7:16:12:16:16:9:11:1:13:11:16:18:16:15:3:15:16:4:15:14:12:18:9:13:4:9:3:14:14:13:11:3:12:4:2:18:18:11:12:4:14:11:10:3:18:12:14:15:8:15:12:13:13:13:12:6:14:4:14:16:11:5:12:12:14:7:10:15:7:8:8:10:16:18:5:18:14:13:7:13:18:13:3:15:0:13:10:4:8:12:6:12:16:0:9:4:10:15:15:4:3:12:18:13:13:18:2:16:18:6:16:10:17:15:10:11:12:12:10:17:4:12:16:12:11:8:11:4:3:5:4:12:11:17:8:5:16:17:12:17:6:17:15:18:7:17:0:15:1:0:17:13:14:18:5:10:15:18:0:10:10:4:16:2:13:1:17:2:2:5:18:13:10:12:7:17:11:15:13:2:15:17:14:13:13:17:12:5:12:17:9:2:4:14:11:18:15:11:12:16:17:9:16:9:14:10:7:9:10:18:3:9:19:15:19:13:17:14:19:15:16:19:9:17:1:16:19:9:18:19:9:7:16:1:19:15:5:17:16:18:15:12:19:19:18:1:15:6:15:13:13:12:6:12:19:8:17:18:8:19:11:19:7:19:16:5:10:19:9:20:17:5:6:22:16:22:22:15:12:20:19:16:17:16:22:15:19:19:14:20:20:22:10:3:7:12:22:17:20:19:20:18:11:18:22:13:16:17:9:14:22:22:20:15:11:6:13:3:9:19:19:5:17:22:18:16:13:4:5:1:8:14:18:15:15:19:22:18:20:22:18:19:22:20:20:10:16:17:17:20:20:19:20:20:20:20:22:16:17:22:14:3:14:18:11:5:10:15:20:9:4:2:17:22:18:20:4:3:15:22:3:16:27:26:26:26:21:26:21:21:21:19:27:10:20:11:7:27:27:22:21:20:7:22:19:15:21:26:3:12:19:26:8:18:15:16:17:2:1:20:21:3:19:19:21:8:22:27:19:13:17:17:15:20:27:18:20:22:17:19:21:27:27:11:21:20:15:9:21:26:10:26:10:22:11:22:20:21:27:27:0:11:21:26:27:21:18:21:21:16:22:18:21:21:26:27:17:27:20:27:21:21:10:18:24:24:26:26:14:27:2:24:28:26:22:27:26:26:28:20:17:28:21:20:21:28:13:21:24:18:28:26:20:0:6:1:28:27:22:26:27:24:24:21:3:15:9:28:28:22:14:20:21:28:24:28:21:22:22:26:28:28:24:25:25:26:28:20:25:31:24:31:31:25:26:28:24:31:28:24:26:26:15:31:31:25:12:24:27:31:3:25:25:24:15:22:24:15:28:25:25:11:17:31:0:25:26:28:21
1479969,385,29,0,336,0:0:1:1:1:3:1:1:0:1:2:2:1:1:1:0:1:2:2:2:3:3:1:3:2:0:4:0:4:2:0:2:2:1:3:4:3:2:3:1:2:4:2:7:4:0:5:1:3:3:6:2:7:1:0:1:5:0:2:5:4:7:6:7:6:6:3:6:6:3:0:5:5:2:6:5:5:3:7:1:3:7:5:3:6:6:6:4:3:5:5:5:0:0:6:7:0:3:6:3:9:7:8:3:1:0:1:9:6:7:6:8:7:1:9:6:8:4:6:8:1:3:1:8:0:0:4:7:9:4:1:2:8:3:9:7:8:9:4:6:8:10:6:9:2:5:10:10:8:1:2:2:9:5:2:9:5:3:10:7:8:10:7:7:6:4:3:10:5:0:1:10:5:10:5:10:10:3:0:8:7:3:9:3:10:9:6:12:4:3:12:12:2:0:8:8:1:0:8:1:4:0:4:7:8:1:2:4:8:3:3:6:5:4:1:8:10:5:7:5:2:7:6:9:7:10:5:8:0:5:1:6:6:0:5:10:9:0:8:12:5:3:3:12:6:9:0:10:6:14:0:6:8:4:12:11:10:1:6:1:14:10:0:1:13:12:2:11:9:13:11:10:7:0:11:8:11:8:13:14:8:0:2:8:9:2:8:7:12:7:14:12:13:9:2:8:9:9:3:7:5:7:10:5:4:11:14:10:6:12:2:4:14:8:6:7:13:0:0:7:14:7:13:14:10:10:4:9:9:14:8:14:6:14:4:11:13:4:11:11:8:11:2:14:13:8:7:11:3:11:0:11:2:6:9:0:8:13:14:12:1:1:16:3:11:8:2:4:8:13:11:15:10:10:12:12:9:14:16:15:5:15:16:11:2:13:16:9:14:2:13:16:9:11:7:15:14:16:12:9:13:11:13:3:12:16:13:10:15:11:1:8:13:15:11:14:9:15:4:13:11:16:18:3:15:15:18:16:4:7:14:12:18:15:13:15:9:3:14:16:13:11:9:11:2:0:6:18:11:12:4:14:16:12:13:18:12:14:15:8:12:12:13:13:13:5:6:14:4:14:6:11:13:18:12:14:9:16:1:7:8:8:4:14:18:5:18:14:13:7:13:15:13:3:15:0:13:10:10:5:18:6:12:15:14:9:9:10:15:15:10:3:5:18:18:13:10:18:16:18:6:4:11:17:15:11:9:17:12:18:17:4:12:18:17:17:8:11:4:3:5:7:12:11:10:5:5:16:10:17:10:6:17:17:18:7:0:0:15:1:0:17:10:14:18:5:14:15:18:0:6:6:5:0:2:13:1:18:2:2:12:18:13:10:12:7:17:11:15:13:2:15:10:10:13:13:5:12:14:12:4:9:2:4:1:11:18:15:11:12:16:15:13:16:9:0:17:7:18:9:18:3:9:11:12:12:11:16:19:19:15:16:19:9:17:1:16:19:9:9:19:9:7:16:1:19:18:5:17:17:18:15:7:19:19:18:1:14:16:14:13:10:12:6:12:19:19:10:8:8:19:11:19:15:19:16:5:5:11:22:20:11:5:6:22:17:13:17:20:20:1:19:16:17:12:12:16:20:19:18:22:20:13:22:3:7:12:22:17:17:19:20:16:0:20:12:20:16:17:20:22:22:22:18:15:10:6:4:3:20:19:19:5:19:22:17:20:13:3:5:18:17:22:20:22:15:16:22:16:2:22:20:19:22:19:10:22:16:20:19:20:11:19:20:15:20:18:22:8:6:20:2:3:14:14:11:5:10:22:20:19:4:4:11:17:9:20:4:3:22:13:3:20:20:27:27:17:4:17:27:26:22:18:16:26:17:26:7:19:16:26:27:27:7:22:16:20:26:26:3:8:22:17:19:27:27:16:20:2:1:26:26:3:22:22:22:8:26:19:19:13:26:19:15:22:18:26:21:1:21:19:19:27:27:26:22:21:5:9:21:17:27:26:19:5:26:16:15:18:20:0:15:11:26:18:26:26:20:21:27:26:27:21:18:26:27:5:0:7:26:19:21:22:10:27:27:22:28:4:28:6:28:24:28:4:28:24:24:26:24:27:16:24:18:24:21:21:21:26:20:16:27:22:21:28:24:10:24:18:27:27:28:27:28:24:21:21:15:22:28:26:20:24:28:26:20:14:27:24:28:28:31:31:28:25:25:31:21:25:28:25:25:25:31:14:22:15:31:31:17:21:17:25:15:1:24:31:12:25:19:25:25:21:31:31:27:20:27:1:24:17:28:24:28:25:14:27:25:19:27
1562042,405,29,0,335,0:0:1:1:1:3:1:1:0:1:2:2:1:1:1:0:1:2:2:2:3:3:1:3:2:0:4:0:4:2:0:2:2:1:3:4:3:2:2:1:4:4:2:7:4:0:5:1:3:3:6:2:7:1:0:1:5:0:2:5:1:7:4:7:6:6:3:6:6:3:0:5:5:2:6:5:5:3:7:1:3:7:5:3:1:6:6:4:3:5:5:5:0:0:6:7:2:3:6:3:9:3:8:3:1:0:1:9:6:7:4:4:7:1:2:6:8:4:6:8:1:3:1:5:0:0:4:2:9:0:4:2:8:8:9:7:9:3:4:6:8:10:6:9:2:5:10:10:8:3:2:2:6:5:2:9:9:3:10:7:8:10:7:7:6:4:3:10:5:0:1:10:5:6:5:6:10:10:0:8:7:3:4:10:6:9:6:12:4:3:12:12:2:0:8:5:1:0:8:1:3:0:4:7:8:1:4:10:8:3:3:6:5:4:1:8:10:5:7:5:2:7:8:9:7:6:5:8:4:10:1:6:6:0:5:0:9:0:5:6:7:3:3:12:6:9:0:6:6:8:0:6:8:8:12:11:10:1:6:10:12:6:13:1:13:0:11:11:10:13:11:9:7:0:8:8:11:0:13:11:8:0:2:8:9:2:12:7:12:7:10:8:13:6:2:13:9:9:12:7:4:7:10:5:4:11:9:10:13:12:4:14:14:8:6:7:13:0:0:7:14:7:12:14:5:5:4:9:9:3:8:14:6:14:4:1:6:4:11:11:5:4:2:10:13:12:7:11:3:13:0:11:2:7:9:0:16:13:14:14:1:8:16:14:11:8:2:9:8:13:16:15:13:15:15:4:9:4:13:15:5:16:10:11:10:13:16:12:14:9:13:16:9:16:7:10:14:16:12:9:13:12:13:3:12:9:16:14:14:11:1:5:2:11:16:14:15:6:5:13:11:9:11:3:15:10:18:16:16:11:10:12:18:9:13:3:16:3:18:2:5:15:3:11:4:0:18:18:18:18:16:14:16:16:3:7:12:10:18:16:12:18:13:2:15:12:6:14:0:18:14:2:5:12:12:18:7:9:1:7:8:8:4:15:18:5:9:14:13:7:11:18:14:14:18:0:14:18:18:8:12:2:12:15:14:9:3:2:15:15:10:3:12:16:13:13:16:18:12:7:6:16:10:17:15:17:16:12:12:17:17:12:17:17:12:17:16:15:4:3:5:11:12:16:6:8:16:16:15:15:10:6:17:15:15:16:17:16:15:1:9:18:15:14:0:14:11:11:4:10:6:6:11:0:18:13:1:17:2:2:5:18:14:10:18:7:17:2:17:13:2:15:18:2:5:13:6:12:5:5:3:13:2:4:14:9:5:16:17:12:13:17:13:6:9:0:17:7:16:10:12:3:10:11:15:8:11:17:11:4:18:17:12:9:16:1:18:11:9:17:18:16:7:17:1:19:19:13:3:14:18:19:7:19:9:15:1:9:7:14:13:13:19:17:3:14:14:15:2:0:19:5:19:15:19:11:10:16:9:22:11:11:5:15:8:16:20:22:20:22:20:2:15:20:22:22:17:5:17:0:22:20:13:17:14:19:18:17:17:17:19:22:16:0:14:0:10:15:9:20:20:19:19:20:15:6:20:17:10:11:19:16:5:18:17:18:22:13:19:4:1:20:20:4:19:11:19:22:20:2:17:0:11:22:18:10:20:19:16:14:20:22:20:20:15:14:20:19:8:17:19:17:14:20:11:11:9:14:19:20:18:19:16:17:22:17:22:6:19:20:13:1:20:14:26:19:27:27:27:26:14:27:11:16:10:20:15:7:27:19:17:26:26:7:17:22:15:20:22:22:15:7:14:27:16:4:11:14:20:27:26:20:26:19:14:18:8:22:8:5:27:9:27:15:26:26:18:26:10:26:27:22:21:21:21:27:21:21:21:21:26:10:17:26:4:15:21:21:19:19:19:6:20:26:18:22:27:20:21:26:15:26:27:27:20:26:21:17:18:18:26:19:6:22:26:21:28:24:20:28:28:28:24:27:24:13:28:27:5:27:28:24:27:28:21:22:24:28:21:22:24:21:28:26:27:27:4:27:28:24:24:28:21:26:14:18:28:22:26:24:28:26:24:24:21:15:13:27:24:14:25:24:26:31:25:25:25:24:31:21:19:25:31:25:27:20:27:4:20:20:21:24:24:19:1:31:26:31:31:25:1:22:0:28:12:31:25:25:10:26:25:31:24:27:28:21:13:31:22:28
1567283,406,29,0,334,0:0:1:1:1:3:1:1:0:1:2:2:1:1:1:0:1:2:2:2:3:3:1:3:2:0:4:0:4:2:0:2:2:1:3:4:3:2:3:1:2:4:2:7:4:0:5:1:3:3:6:2:7:1:0:1:5:4:2:5:1:7:6:7:6:6:3:6:6:3:0:5:5:2:6:5:5:3:7:1:3:1:5:3:1:6:6:4:3:5:5:5:0:0:6:7:0:3:8:3:9:3:8:3:1:0:1:9:6:7:4:4:7:1:2:6:8:4:6:8:1:3:1:5:0:0:4:2:9:0:4:2:8:8:9:7:9:3:4:6:8:10:6:9:4:0:10:10:8:1:2:2:6:5:10:9:9:3:10:7:8:10:7:7:6:4:3:10:5:0:1:10:4:6:5:6:10:10:0:8:7:3:4:10:6:9:6:12:4:3:12:12:2:0:8:5:1:8:8:1:3:0:4:7:8:1:4:10:8:3:3:6:5:4:3:8:10:5:7:5:2:7:8:9:7:6:5:8:4:10:1:6:6:3:5:0:4:0:5:1:7:3:3:12:6:9:4:6:6:8:0:6:8:8:12:11:10:1:6:1:12:6:0:1:13:12:2:11:10:13:5:9:7:0:8:8:11:0:13:11:8:0:2:8:9:2:7:7:11:4:2:11:13:6:1:13:9:9:12:7:4:13:10:5:4:11:9:10:13:12:4:14:14:8:6:9:13:0:0:7:14:7:13:14:5:7:4:9:9:3:8:14:6:14:4:11:6:4:11:11:5:4:2:10:13:12:7:11:3:13:0:5:2:7:9:12:16:13:14:14:1:1:16:14:11:8:2:9:8:13:16:15:13:15:16:4:9:4:13:15:5:15:11:11:10:13:16:12:14:9:13:16:9:16:7:10:14:16:12:9:13:12:13:3:12:9:16:14:14:11:10:5:2:12:16:14:15:6:3:13:11:9:11:18:15:10:18:16:16:2:10:15:18:9:13:3:9:3:18:2:5:11:3:11:2:15:18:18:18:12:16:15:16:16:3:7:12:14:18:8:12:18:13:2:15:12:6:14:0:18:14:2:18:12:12:14:7:9:1:7:8:8:4:15:18:5:9:14:13:7:11:18:14:15:18:0:15:18:18:8:12:2:12:14:14:9:12:2:15:15:10:3:12:16:13:18:16:18:16:16:6:16:10:17:18:17:16:12:12:17:17:12:12:14:12:17:16:15:4:18:5:11:12:16:6:8:16:16:10:15:14:6:17:15:15:7:17:16:15:1:9:18:15:14:0:16:11:11:10:10:6:6:5:0:10:13:1:17:2:2:5:18:14:10:18:7:17:2:15:13:2:15:18:7:5:13:5:12:10:5:3:13:8:4:1:9:5:16:0:12:13:17:13:6:9:0:15:7:11:15:18:8:10:11:15:15:11:17:11:4:9:17:12:9:18:1:16:11:9:17:18:16:7:17:1:19:19:13:19:14:2:15:7:19:9:15:1:9:10:14:13:15:12:13:3:14:14:18:2:0:19:11:19:15:19:16:10:16:9:22:11:11:5:15:8:16:20:22:20:12:20:2:20:20:22:13:17:18:17:0:22:20:13:17:14:19:12:22:17:17:19:22:16:0:22:0:10:15:17:20:20:16:19:20:18:6:22:17:10:11:19:12:15:18:20:18:16:13:22:4:1:20:22:4:19:11:19:11:20:2:15:13:19:22:17:10:22:19:16:14:20:22:20:20:15:14:20:19:8:17:19:17:19:20:14:11:9:14:22:20:19:14:16:17:18:13:22:6:3:12:8:3:1:14:27:19:26:27:27:20:26:22:17:16:7:16:26:7:26:19:16:19:26:7:9:19:18:17:22:3:12:22:26:27:19:4:11:17:20:1:26:27:0:19:22:22:18:26:17:5:13:22:27:10:27:27:9:26:1:17:27:22:27:10:26:27:20:5:6:22:19:10:17:9:4:26:26:20:19:19:3:6:26:26:26:14:27:26:22:4:3:26:11:27:20:26:19:20:7:18:22:19:6:13:16:21:17:21:21:11:18:22:24:24:27:13:20:27:15:20:27:27:21:7:21:28:21:28:21:28:24:27:28:26:26:20:4:28:27:28:21:22:26:21:21:18:28:27:26:24:17:28:27:24:24:21:28:26:24:24:24:28:28:25:21:25:28:21:28:25:24:31:25:25:31:27:25:19:20:31:24:31:13:28:1:17:28:31:20:1:27:4:27:28:24:27:25:31:10:24:31:31:24:15:21:22:31:31:24:28
1739698,449,29,0,333,0:0:1:1:1:3:1:1:0:1:4:2:1:1:1:0:1:2:2:2:3:3:1:3:2:0:4:0:4:2:0:2:2:1:3:4:3:2:3:2:4:4:2:7:3:0:5:1:3:3:6:2:7:1:0:1:5:0:2:5:1:7:4:4:6:6:6:6:6:3:0:5:5:2:6:5:5:3:7:1:4:7:5:3:1:6:6:4:3:5:5:5:0:0:2:7:2:3:8:3:9:3:8:3:1:0:1:9:6:7:5:6:7:6:2:6:8:4:6:8:1:3:7:5:0:0:4:2:9:4:4:2:7:8:9:7:2:4:4:9:9:4:6:9:2:5:10:10:8:3:2:2:6:5:9:0:7:3:10:7:6:6:7:7:10:4:3:6:5:0:1:10:5:10:5:10:10:4:0:8:7:10:4:3:6:9:10:12:4:3:1:12:12:0:8:5:1:8:8:1:3:0:4:7:8:7:2:10:8:3:3:10:5:4:3:6:10:12:1:6:0:2:8:10:7:6:5:8:0:5:1:6:4:0:5:0:4:10:8:1:7:3:12:12:4:9:0:10:6:8:12:6:8:8:12:11:12:1:6:0:13:2:1:1:13:0:2:10:9:3:5:13:7:0:12:8:6:0:13:11:7:13:2:8:9:11:8:7:11:7:9:11:6:6:10:13:9:7:5:3:5:7:12:5:4:6:14:10:6:14:14:14:14:8:13:9:14:0:11:11:11:11:13:10:10:13:4:9:9:3:7:14:11:14:4:1:4:0:11:11:14:13:11:12:10:2:8:11:3:11:0:11:2:11:9:0:16:13:7:13:1:1:16:14:11:13:2:9:8:15:16:15:13:16:15:4:9:14:14:15:5:15:11:5:7:13:16:9:14:9:11:16:13:9:7:3:14:16:0:6:15:5:13:8:15:12:15:12:14:12:16:7:13:12:16:14:9:0:4:18:8:9:15:3:11:18:18:16:9:2:16:13:18:13:1:4:15:3:14:2:9:11:13:4:2:18:18:11:11:16:4:14:16:11:3:16:12:14:18:16:16:12:10:13:15:16:13:9:8:11:14:12:13:12:9:4:7:13:1:7:8:8:4:14:11:5:11:14:12:7:15:2:13:15:18:0:13:15:11:8:13:2:13:16:10:9:9:13:0:13:6:6:12:14:7:13:15:15:3:18:8:16:11:17:15:13:16:10:10:10:17:18:12:12:17:17:8:15:4:3:5:12:12:16:6:5:14:14:11:17:17:14:17:17:18:14:18:16:17:1:9:1:15:15:12:16:15:18:4:10:6:6:17:16:8:17:6:17:2:2:13:13:13:10:18:7:17:15:15:13:14:1:17:10:5:13:12:13:5:13:12:9:2:14:14:9:5:16:18:10:16:15:15:16:8:14:17:7:13:9:15:3:18:19:12:18:10:12:19:19:19:6:19:9:17:1:11:15:17:13:19:10:11:9:1:19:15:19:8:16:19:16:7:18:9:15:16:9:11:14:4:10:8:11:18:11:14:15:2:14:19:17:19:15:17:16:0:12:14:9:20:9:5:6:12:15:16:10:16:12:19:20:17:20:15:12:9:5:17:19:12:18:19:18:3:19:19:20:17:18:19:14:5:0:15:0:3:6:17:1:20:16:2:20:15:11:16:20:15:10:4:20:5:18:18:8:16:19:3:19:7:20:22:14:22:22:22:22:11:2:15:0:22:14:12:20:22:19:16:19:9:20:22:9:19:17:22:19:8:6:19:17:20:18:16:1:5:10:22:20:22:7:8:17:17:9:19:22:18:18:8:3:11:26:27:26:11:20:2:20:26:15:22:27:26:26:26:3:26:11:27:27:27:7:20:18:22:1:18:3:26:7:20:20:22:4:11:27:22:27:27:17:19:1:13:11:8:22:22:5:18:10:26:18:19:17:10:27:27:6:26:27:20:26:22:26:27:5:26:14:26:13:20:27:5:20:22:16:22:27:27:20:26:26:8:27:4:26:19:19:19:26:10:20:26:12:5:0:27:27:27:27:1:15:11:21:24:18:20:28:17:21:21:28:21:28:18:19:15:24:19:17:28:24:24:20:28:28:20:24:26:20:21:22:2:26:14:21:12:21:21:24:20:28:28:21:22:24:26:24:6:26:24:27:27:28:13:22:17:21:25:24:25:19:31:17:16:21:31:25:28:31:26:25:20:31:25:24:20:20:27:21:31:31:17:8:25:21:27:25:24:12:25:28:25:31:3:26:27:28:11:24:25:28:31:0:21:31:21:7
1751481,452,29,0,332,0:0:1:1:1:3:1:1:0:1:4:2:1:1:1:0:1:2:2:2:3:3:1:3:2:0:4:0:4:2:0:2:2:1:3:4:3:2:3:2:4:4:2:7:3:0:5:1:3:3:6:2:7:1:0:1:5:0:2:5:1:7:4:4:6:6:6:6:6:3:0:5:5:2:6:5:5:3:7:1:4:7:5:3:1:6:6:4:3:5:5:5:0:0:2:7:2:3:6:3:9:3:8:3:1:0:1:9:6:7:5:6:7:6:2:6:8:4:6:8:1:3:1:5:0:0:4:2:9:4:4:2:7:8:9:7:2:4:4:9:9:4:6:9:2:5:10:10:8:3:10:2:6:5:9:0:7:3:10:7:10:6:7:7:10:4:3:10:5:0:1:10:5:10:9:10:10:4:0:8:7:10:4:3:6:9:10:12:4:3:1:12:2:0:8:5:1:0:8:1:3:0:4:7:8:7:2:10:8:3:12:6:5:4:3:6:10:5:1:5:0:2:8:9:7:6:12:8:0:5:1:6:4:0:5:0:4:10:8:1:10:3:12:8:4:9:0:10:6:8:12:6:8:8:12:11:10:1:6:0:13:2:1:1:13:0:2:10:9:3:5:9:12:0:12:8:12:0:13:11:7:0:2:8:9:2:8:7:7:7:9:11:6:6:10:12:9:6:5:3:5:7:12:5:4:12:14:10:6:14:14:14:14:8:13:9:14:0:11:7:11:2:13:10:10:10:4:7:9:3:7:14:11:14:4:1:4:4:11:11:14:13:11:12:12:2:8:11:3:8:0:11:2:7:9:0:16:13:10:13:1:1:16:13:11:13:2:9:8:15:16:15:13:16:15:4:9:4:14:15:5:15:11:5:7:13:4:9:16:9:11:16:15:9:14:3:14:16:0:6:6:12:16:8:15:16:15:14:9:12:10:7:13:12:10:14:10:12:5:18:7:9:15:3:11:11:18:16:16:7:16:13:18:8:1:18:15:3:12:2:9:15:13:4:2:18:18:11:11:16:4:13:16:11:3:5:15:14:18:16:16:13:16:13:15:5:13:9:8:11:14:12:13:12:14:4:7:13:8:7:8:8:4:14:11:5:11:14:12:7:12:2:13:15:18:0:13:11:11:8:13:2:13:16:10:9:9:13:0:13:6:6:12:16:7:13:15:11:3:18:8:14:11:17:15:13:16:17:12:18:17:18:17:9:17:17:16:15:4:3:5:12:8:16:14:5:14:14:11:17:17:6:18:17:15:14:18:16:15:1:9:1:15:9:0:16:15:13:10:10:6:6:5:16:18:17:6:17:2:16:13:13:13:10:18:7:17:15:15:13:14:1:0:18:5:15:12:13:5:13:3:9:8:4:14:9:5:16:18:10:16:15:15:16:8:8:17:7:13:9:9:3:18:19:12:8:10:12:19:19:19:17:19:17:17:1:11:15:9:13:19:16:11:16:1:2:18:19:8:16:19:17:12:15:19:15:18:9:2:14:4:10:8:6:3:19:18:15:2:14:19:17:15:15:17:15:0:18:20:9:20:9:5:6:12:17:16:10:16:12:19:14:20:20:14:12:9:5:19:19:12:12:13:18:3:7:19:20:17:19:19:14:4:0:16:0:3:20:17:1:20:16:2:20:9:11:16:17:10:10:4:9:5:19:18:17:15:19:3:19:7:20:20:14:18:22:22:22:11:2:22:0:20:14:12:16:22:14:16:19:20:20:20:22:17:19:20:19:8:17:8:17:20:18:16:1:5:3:13:20:18:7:12:22:17:0:19:17:22:9:16:22:11:26:22:14:11:27:2:20:27:22:17:16:26:20:26:3:19:11:27:27:20:19:19:18:27:27:12:26:26:12:22:22:7:20:11:11:2:22:19:18:19:1:13:11:18:27:20:5:19:26:22:19:19:22:27:22:1:26:20:12:11:26:26:26:3:18:6:14:26:13:27:17:27:22:27:15:27:27:20:2:8:19:22:20:4:20:26:19:27:22:15:11:14:26:5:20:2:15:27:27:16:20:26:22:17:27:26:17:20:14:21:21:22:21:20:22:26:26:24:17:26:27:21:24:24:15:22:24:27:24:26:27:2:6:0:24:24:21:21:21:22:21:21:21:21:26:21:21:21:26:26:21:21:14:24:22:27:0:26:28:31:25:21:31:25:31:21:24:27:24:24:25:28:31:31:24:28:28:28:25:28:15:25:18:25:25:24:31:25:31:25:17:25:24:27:26:28:27:11:25:28:24:24:28:21:25:24:31
2290925,587,29,0,331,0:0:1:0:1:3:1:1:0:1:2:2:1:1:1:0:1:1:2:2:3:3:1:3:2:0:4:0:4:2:0:2:0:1:3:0:3:2:3:1:2:4:2:1:3:7:5:1:1:3:6:2:7:1:0:1:5:0:2:7:1:7:4:4:6:6:6:6:6:3:0:5:5:2:7:5:5:3:7:1:3:1:5:3:1:0:6:4:3:5:5:5:0:0:6:1:0:3:6:7:9:3:8:3:1:0:1:8:6:7:5:4:7:5:4:6:8:9:6:8:8:3:1:5:0:0:9:4:4:4:7:2:9:8:9:7:2:4:3:7:2:4:6:9:2:5:10:10:8:3:2:2:7:10:9:9:9:3:10:7:8:7:7:10:10:4:3:10:5:0:1:0:5:6:10:7:3:4:6:8:7:7:4:7:6:6:10:12:7:3:12:7:2:0:8:5:5:0:12:1:3:9:12:9:8:1:4:4:4:10:4:6:5:6:3:2:10:5:1:5:10:5:6:0:12:9:5:0:0:5:1:2:4:12:8:0:12:10:8:1:8:3:10:4:6:9:9:8:6:8:0:6:8:8:12:11:10:1:6:10:13:10:0:0:7:5:2:0:11:3:5:9:12:0:6:1:12:4:13:11:8:0:11:8:10:11:8:11:10:9:11:8:6:6:10:13:9:9:9:3:5:11:4:5:4:12:11:10:13:13:11:8:13:8:6:9:13:0:0:2:11:11:13:12:5:10:4:11:9:3:11:4:11:11:4:3:4:4:11:12:5:9:11:12:12:1:12:9:9:8:2:12:2:8:9:0:14:11:16:3:10:1:12:16:15:13:2:9:14:14:13:15:16:15:15:4:6:14:11:15:10:16:14:14:2:1:16:9:13:2:11:14:13:15:11:10:2:12:13:6:6:5:11:3:9:15:16:8:11:14:16:10:2:11:16:7:6:8:5:18:7:18:15:18:15:18:14:18:9:11:10:16:18:9:8:3:15:3:18:5:11:15:18:4:4:15:18:11:9:16:16:16:15:10:3:12:16:10:9:8:10:13:7:2:12:14:12:9:13:11:15:18:18:5:10:11:2:2:8:12:14:8:4:16:12:13:11:16:8:16:18:16:1:15:10:0:16:18:18:9:13:2:16:9:4:18:18:13:2:9:6:9:5:15:7:6:10:15:3:9:0:3:10:17:18:17:13:12:10:17:18:18:12:8:17:13:8:15:4:3:1:12:13:12:17:17:12:12:8:10:15:4:13:7:15:14:15:12:15:10:0:17:16:9:15:13:7:18:11:6:7:2:5:15:17:15:17:8:2:10:13:8:13:17:15:7:18:2:14:17:3:13:18:8:13:15:13:16:16:13:10:9:14:4:1:16:14:13:0:18:17:15:1:6:8:0:17:5:12:15:18:3:2:19:15:14:8:18:19:19:6:17:14:16:4:4:17:19:15:13:16:9:11:14:1:12:14:19:16:17:19:19:9:14:19:10:18:15:10:18:7:0:17:6:11:19:14:19:2:17:19:5:14:16:18:14:7:18:19:20:13:5:15:6:20:8:16:20:14:14:19:19:19:7:15:18:17:12:17:8:19:14:6:17:3:4:19:20:14:18:19:8:19:19:17:0:3:7:16:15:13:20:18:19:20:17:0:20:10:14:19:20:4:17:20:15:16:18:3:5:1:20:22:14:20:18:18:20:22:2:7:7:14:20:18:10:22:22:17:16:14:14:12:22:16:22:22:11:10:17:16:2:19:12:22:5:20:3:20:22:19:14:17:15:19:9:7:6:3:22:18:3:17:27:22:20:11:20:26:13:27:26:9:19:27:17:22:2:27:27:20:22:14:6:15:15:15:9:20:17:27:20:22:19:18:22:17:13:2:1:11:22:13:19:20:19:26:3:27:27:7:11:17:16:27:26:26:26:1:27:27:26:27:26:26:15:16:7:27:22:11:27:1:20:26:26:27:12:9:17:20:15:16:22:14:19:17:22:26:22:12:5:12:19:26:17:27:27:8:7:27:26:15:27:15:17:17:26:20:22:27:24:24:24:20:21:21:24:21:21:21:21:21:24:24:26:24:21:26:21:22:26:27:22:2:8:0:21:11:13:20:24:27:12:21:18:22:13:17:20:24:14:24:24:21:26:21:20:27:24:28:12:16:25:25:28:31:28:28:28:21:31:21:25:25:22:25:16:31:20:26:25:28:28:31:25:7:31:25:31:25:27:17:25:31:14:19:25:20:15:31:31:28:24:24:0:31:31:19:31
3019245,771,29,0,330,0:0:1:0:1:3:1:1:0:1:4:2:1:1:1:0:1:1:2:2:3:3:1:3:2:0:4:0:4:2:0:1:0:1:3:4:3:2:3:1:2:4:2:1:3:0:5:1:3:3:6:1:7:1:0:1:5:0:2:7:1:7:4:4:6:6:6:6:6:3:0:5:5:2:6:5:5:3:7:1:3:1:5:3:1:0:6:4:3:5:5:5:0:0:6:1:0:3:6:3:9:3:8:3:1:0:1:9:6:7:4:4:7:9:4:6:8:9:6:5:8:3:1:5:0:0:2:4:7:4:4:2:7:2:9:9:2:3:4:6:2:4:6:9:2:10:8:2:10:3:2:2:7:10:9:9:5:3:0:7:0:6:7:10:0:4:9:5:5:0:1:0:5:6:5:6:8:4:10:8:7:6:4:3:6:6:10:12:4:3:12:12:2:0:8:5:1:0:4:8:3:9:4:9:8:1:4:4:4:3:3:6:5:12:3:6:10:5:1:8:0:2:10:0:10:6:5:0:0:5:5:6:7:0:4:0:12:0:4:1:5:3:2:8:4:9:12:6:6:13:12:6:13:5:12:12:10:1:6:10:3:2:0:0:7:5:2:11:7:3:5:13:12:13:7:8:4:4:13:11:7:11:11:11:11:7:11:12:7:7:9:12:6:6:10:8:10:7:10:3:5:7:4:5:4:10:13:5:1:13:7:8:13:11:6:2:13:0:12:9:8:2:13:4:8:10:4:7:12:12:7:12:7:12:8:3:4:4:7:11:4:4:11:11:11:11:11:12:3:9:12:4:2:7:9:0:13:14:16:3:8:1:11:14:15:10:15:9:14:15:14:15:2:11:14:4:14:4:14:15:5:16:12:5:2:1:11:9:13:9:16:13:15:15:16:10:11:14:14:16:14:10:14:3:0:14:8:9:12:13:16:0:14:15:13:2:6:13:15:8:7:10:14:16:7:16:11:18:13:7:10:7:18:13:8:9:18:3:13:5:6:10:18:4:4:0:14:16:13:5:4:12:10:12:3:8:11:8:18:10:14:14:10:15:13:5:6:13:8:10:16:16:0:11:10:11:12:14:8:13:13:8:4:14:12:13:13:16:11:15:18:16:1:15:16:0:15:8:16:16:13:2:18:7:6:9:9:2:16:7:6:9:9:12:10:6:13:14:3:16:6:11:0:15:18:10:16:14:12:17:10:18:16:13:11:13:14:9:12:3:5:15:15:9:14:5:5:14:17:5:11:6:17:16:9:12:9:11:7:17:0:17:17:15:8:17:17:18:13:16:16:6:5:15:11:9:8:15:13:2:17:17:14:17:15:7:18:18:14:15:3:14:16:2:16:15:13:16:5:0:2:12:17:6:9:8:15:14:9:14:16:18:1:6:10:16:15:11:17:2:18:3:9:19:13:14:15:4:17:12:19:19:18:9:4:1:19:11:18:9:19:16:11:19:1:19:12:17:11:18:19:15:9:12:9:18:9:11:16:18:7:0:14:13:12:11:2:7:2:8:8:17:17:0:1:15:8:12:11:8:16:5:8:18:15:17:11:16:10:5:10:10:20:20:17:18:9:14:17:17:18:6:20:19:3:20:19:18:13:18:7:18:8:13:14:12:3:9:19:17:19:19:20:11:17:6:16:20:18:19:14:5:4:9:20:15:19:2:20:19:1:10:22:16:22:2:22:19:11:2:22:5:6:19:15:12:22:22:13:13:7:13:22:13:17:19:22:22:18:13:19:15:3:17:16:8:19:3:4:20:22:2:22:17:7:16:16:22:3:22:12:10:22:16:20:26:11:26:20:20:6:19:20:19:4:13:22:18:19:19:22:7:10:26:14:9:22:22:11:3:18:22:16:19:14:20:20:22:20:1:22:20:13:26:20:16:16:2:26:14:26:17:16:12:20:26:26:8:26:27:27:22:26:7:18:17:20:9:27:20:27:26:20:27:27:20:22:18:22:26:20:22:17:15:1:26:14:27:19:15:27:27:13:20:18:6:27:20:26:18:12:26:12:11:22:24:21:26:22:20:12:22:10:19:24:26:21:24:21:21:21:13:10:2:24:26:27:15:26:21:27:7:8:27:21:24:17:21:10:27:24:15:21:26:21:7:19:21:27:19:15:26:17:21:22:26:27:17:21:22:28:24:31:24:15:26:24:24:31:25:31:31:25:24:24:27:25:31:14:17:18:24:22:24:31:28:25:25:28:26:31:28:24:25:6:21:25:25:19:19:28:28:18:28:25:25:20:21:18:20
3095957,791,29,0,329,0:0:1:0:1:3:1:1:0:1:4:2:1:1:1:0:1:2:2:2:3:3:1:3:2:0:4:0:4:2:0:1:0:1:3:4:3:2:3:1:2:4:2:1:3:0:5:1:3:3:6:2:7:1:0:1:5:0:2:5:1:7:4:4:6:6:6:6:6:3:0:5:5:2:6:5:5:3:7:1:3:1:5:3:1:0:6:4:3:5:5:5:0:0:6:7:0:3:6:3:9:3:8:3:1:0:1:9:6:7:5:4:7:9:4:6:8:9:6:5:1:3:1:5:0:0:2:4:7:0:4:2:7:2:9:9:2:3:4:6:2:4:6:9:9:5:8:2:10:3:2:2:6:5:2:9:8:3:0:9:0:6:7:10:8:7:3:10:5:0:1:9:5:6:5:6:10:0:10:10:7:6:4:3:6:6:10:8:4:3:12:12:2:0:8:5:1:0:4:8:3:9:4:9:8:1:4:4:4:3:4:6:5:12:3:6:10:12:10:10:0:4:8:0:7:6:5:8:0:5:1:6:7:8:4:0:12:0:4:1:5:3:2:8:4:9:12:6:6:13:10:6:13:11:12:12:2:1:6:1:3:2:0:9:7:5:2:11:7:3:5:13:12:13:7:8:12:4:13:11:8:13:13:11:11:7:11:4:7:7:9:12:6:6:2:8:9:7:5:3:5:7:4:5:4:10:13:5:1:8:7:8:9:11:6:2:13:0:11:9:8:9:13:10:8:11:10:7:12:3:7:12:7:11:8:9:4:10:11:13:4:10:11:11:11:11:4:12:3:9:2:4:2:7:9:0:13:14:10:3:12:1:11:14:15:15:8:14:14:15:14:15:11:11:14:4:14:4:8:15:5:8:12:10:2:1:11:10:13:9:16:14:15:15:16:10:11:12:9:16:14:10:14:3:9:14:12:8:15:12:16:15:14:13:12:6:6:2:5:14:7:18:15:16:8:16:11:18:18:7:10:7:18:13:8:9:18:3:13:5:5:11:18:4:15:2:14:16:13:5:4:12:13:2:3:12:11:2:18:15:0:13:14:15:13:5:6:2:8:10:16:16:0:10:10:11:12:2:8:13:13:8:4:10:12:13:4:16:11:15:7:16:18:18:16:0:15:18:16:16:13:2:6:7:6:9:9:2:16:7:6:9:9:16:1:15:13:14:7:16:14:11:0:11:18:17:16:14:10:15:10:18:16:13:18:13:14:9:12:9:1:14:13:9:14:5:12:14:15:5:15:4:13:16:9:12:15:11:7:1:17:16:15:16:17:17:17:18:4:11:17:6:5:14:12:14:1:15:13:2:17:13:12:18:15:17:18:18:12:15:3:1:16:11:16:14:13:16:5:0:2:15:17:6:1:8:17:14:17:18:16:18:1:6:15:11:7:5:17:2:9:3:9:10:13:8:7:4:17:16:19:19:18:9:17:1:16:15:18:9:10:16:11:19:5:19:15:13:19:18:5:15:9:12:9:18:6:0:6:18:7:8:14:13:3:11:17:7:15:8:8:11:19:0:15:16:18:19:12:8:19:10:8:18:15:17:14:16:10:5:20:16:20:17:20:12:18:12:20:11:17:20:14:7:3:20:20:17:13:17:7:16:8:0:10:0:19:17:19:19:14:5:18:11:15:14:16:17:18:19:20:14:20:9:3:18:18:18:20:17:12:10:16:16:20:19:8:19:9:2:17:0:6:12:19:12:22:20:22:22:22:17:22:13:15:22:22:20:16:13:20:15:12:17:16:5:5:14:20:17:22:19:14:17:7:16:16:11:3:15:18:13:8:22:18:19:11:26:4:12:20:17:20:14:4:13:26:2:19:19:20:26:26:26:26:20:18:12:1:3:18:19:22:11:14:26:18:15:2:1:26:20:13:20:19:16:16:26:20:14:16:22:16:20:20:19:26:26:1:22:18:12:26:19:22:22:10:17:6:20:8:22:26:19:22:26:20:18:19:20:19:20:22:26:17:8:26:20:26:26:20:26:13:11:26:26:13:19:9:13:12:4:20:18:11:27:24:27:21:20:21:21:24:21:24:26:19:21:24:21:27:13:24:19:27:27:21:15:22:24:22:26:8:24:27:10:16:21:4:27:21:9:26:6:19:21:24:19:21:22:22:27:17:16:24:21:24:27:24:1:28:28:28:25:25:24:28:21:28:24:28:25:25:25:31:31:24:10:21:31:18:25:31:31:1:21:21:24:31:27:25:17:27:15:25:24:4:28:7:21:24:25:31:24:21:0:26:26:16:19
3100019,792,28,0,328,0:0:1:0:1:3:1:1:0:1:4:2:1:1:1:0:1:1:2:2:3:3:1:3:2:0:4:0:4:2:0:2:0:1:3:4:3:2:3:1:2:4:2:1:3:0:5:1:3:3:6:2:7:1:0:1:5:0:2:5:1:7:4:4:6:6:6:6:6:3:0:5:5:2:6:5:5:3:7:1:3:7:5:7:1:0:6:4:3:5:2:5:0:0:6:7:0:3:6:3:9:3:8:3:1:0:1:9:6:7:4:4:7:9:4:6:8:9:6:5:8:3:1:5:0:0:2:4:7:0:4:2:7:2:9:9:2:3:4:6:2:4:6:9:2:5:8:2:10:3:2:2:7:5:2:9:8:3:0:9:0:6:7:10:8:7:3:10:5:0:1:9:5:6:5:6:10:0:10:10:7:6:4:3:6:6:10:8:4:3:12:12:2:0:8:5:1:0:4:8:9:9:4:9:8:1:4:4:4:3:3:6:5:12:3:6:10:12:10:5:0:4:8:0:7:6:5:0:0:5:1:2:7:8:4:0:12:0:4:1:5:3:2:8:4:9:12:6:6:13:10:6:13:11:12:12:2:1:6:1:3:2:0:9:7:5:2:11:7:3:5:13:12:13:7:8:12:4:13:11:8:13:13:11:11:11:11:4:7:7:9:7:6:6:2:8:9:7:5:3:5:7:4:5:4:10:13:5:1:13:7:8:9:11:6:9:13:0:11:9:8:9:13:4:8:11:10:7:12:3:7:12:7:11:8:9:4:10:7:13:4:10:11:11:11:11:4:12:3:11:2:4:10:8:9:0:13:14:10:3:1:1:11:14:15:10:8:9:14:15:10:15:15:11:14:4:14:4:8:15:2:15:12:5:14:14:11:10:13:2:16:14:15:15:16:10:11:12:9:6:6:10:14:3:9:9:8:8:15:12:16:0:14:13:12:6:6:2:5:14:7:18:15:16:8:15:11:18:9:7:10:7:18:13:8:14:18:3:13:5:14:10:18:4:15:11:14:16:13:5:4:12:13:2:3:18:11:11:18:15:0:13:14:2:13:5:6:13:8:10:16:16:14:10:10:11:12:2:8:7:13:8:4:10:12:13:4:16:11:15:7:16:18:15:16:0:15:8:16:8:13:2:18:7:6:9:9:2:16:7:14:9:9:12:1:15:13:15:3:16:6:18:0:11:18:17:16:14:10:17:10:18:17:13:18:13:14:9:12:3:1:14:13:9:14:5:12:14:15:5:15:6:13:18:9:12:17:11:7:1:17:16:15:18:17:17:17:18:4:16:17:6:5:16:13:14:1:15:13:2:17:18:12:17:16:17:18:18:12:15:3:1:16:11:16:14:14:16:5:0:2:15:17:6:1:8:15:14:17:18:16:14:1:6:15:16:7:5:17:2:9:3:9:10:13:8:7:4:17:16:19:19:18:9:4:1:19:15:18:14:10:16:19:19:5:19:15:13:19:18:5:15:9:12:9:18:16:0:16:18:7:8:14:13:3:11:17:7:2:8:18:11:12:0:15:16:16:19:12:8:19:5:8:20:15:17:14:18:10:12:20:16:20:17:20:12:18:12:20:11:17:6:14:7:3:20:20:17:13:17:7:3:8:0:16:0:3:12:19:19:20:5:18:11:20:14:16:20:18:19:20:14:20:9:10:10:18:20:20:9:12:18:17:22:20:11:8:19:9:2:17:0:6:12:19:12:12:22:19:22:22:17:22:13:15:22:22:15:16:13:20:15:12:17:16:19:19:3:4:17:22:17:2:17:7:16:16:9:3:22:22:14:8:22:18:26:11:26:4:12:26:17:20:14:4:26:22:2:26:19:15:20:26:12:26:20:18:18:1:20:22:19:16:11:14:22:16:19:2:1:26:20:13:19:12:16:20:17:20:19:19:19:16:20:19:26:26:26:1:22:18:12:19:19:26:9:10:17:6:19:22:26:26:17:22:26:13:18:22:20:20:20:20:22:26:26:26:20:17:20:20:5:13:11:14:8:20:19:9:7:12:4:15:17:11:24:24:14:21:15:21:24:24:27:27:27:22:21:20:21:26:15:22:15:26:26:21:22:27:17:22:27:21:24:26:24:21:24:4:27:27:27:26:26:19:21:27:27:19:19:27:11:22:19:27:24:24:24:26:1:31:17:28:24:27:24:21:31:10:16:18:24:28:8:21:28:24:10:28:17:18:26:31:28:21:15:28:28:31:1:28:27:3:15:21:24:27:21:26:28:27:28:28:24:31:31:21:24:31:26
3134134,800,28,0,327,0:0:1:0:1:3:1:1:0:1:4:2:1:1:1:0:1:1:2:2:3:3:1:3:2:0:4:0:4:2:0:1:0:1:3:4:3:2:3:1:2:4:2:1:3:0:5:1:3:3:6:2:7:1:0:1:5:0:2:5:1:7:4:4:6:6:6:6:6:3:0:5:5:4:6:5:5:3:7:1:3:1:5:3:1:0:6:4:3:5:2:5:0:0:6:7:0:3:6:3:9:3:8:3:1:0:1:9:6:7:4:4:7:9:4:6:8:9:6:5:1:3:1:5:0:0:2:4:7:4:4:2:7:2:9:9:2:3:4:6:2:10:6:10:9:5:8:2:10:3:2:2:7:8:9:9:8:3:0:7:0:6:7:10:8:7:3:10:5:0:1:10:5:6:5:6:10:4:0:8:7:6:4:7:6:8:10:12:4:3:12:12:2:0:8:5:1:0:4:8:3:9:4:9:8:1:4:4:4:3:3:6:5:7:3:6:10:5:10:10:0:4:8:10:7:6:5:8:0:5:1:2:7:0:12:0:12:0:4:1:5:12:2:8:4:9:12:6:6:13:10:6:13:11:12:12:2:1:6:1:3:2:0:8:7:11:2:11:7:3:5:13:12:13:7:8:4:4:13:11:8:0:9:11:11:5:11:4:7:7:9:9:6:6:11:8:4:7:5:3:8:10:4:5:4:10:13:5:1:8:7:8:13:11:6:9:13:0:11:9:8:9:13:4:8:11:4:7:12:3:7:12:6:12:8:3:4:4:7:13:4:12:11:11:11:11:4:12:3:11:0:4:2:7:9:0:13:14:10:3:10:1:11:2:15:15:14:14:14:15:8:15:15:11:14:4:14:4:8:15:2:8:12:10:2:14:11:9:13:9:14:13:15:15:14:10:2:12:9:14:14:14:14:3:0:13:12:8:15:14:11:15:12:13:13:2:10:13:7:5:7:18:15:16:8:16:11:18:9:7:10:7:9:13:8:3:18:3:13:12:14:10:18:4:15:0:14:11:13:10:4:12:13:2:3:18:18:11:14:18:12:13:10:2:13:14:6:13:8:10:16:16:0:12:10:11:2:2:8:13:13:15:14:12:12:13:15:16:14:15:7:16:18:15:16:0:15:8:16:13:13:2:6:7:18:9:3:18:16:7:6:13:9:12:1:6:13:15:7:16:6:11:11:14:18:17:16:14:9:15:10:18:16:13:18:13:14:9:12:3:1:14:13:12:14:5:5:12:8:8:15:6:17:18:9:9:17:11:7:1:17:16:15:13:0:17:17:18:4:16:16:6:5:16:13:14:1:15:13:5:17:18:12:17:15:17:18:7:12:18:3:12:14:11:16:17:13:16:5:18:10:15:16:6:9:8:17:14:17:18:16:17:1:6:15:0:7:5:17:2:9:3:9:10:13:8:18:4:2:16:19:19:18:19:4:1:16:15:9:5:10:16:11:16:11:19:15:13:19:11:2:11:9:19:9:11:17:10:6:18:7:0:14:13:19:11:2:7:2:8:8:11:19:14:19:16:14:19:12:8:19:10:5:20:15:17:11:16:10:5:20:16:20:17:20:12:9:12:20:20:17:20:14:7:19:20:20:17:13:18:7:18:8:13:14:0:3:12:19:19:17:5:18:10:17:6:16:20:18:19:20:5:20:2:15:10:1:20:17:9:1:10:22:16:19:2:8:19:18:2:17:0:5:12:22:12:22:20:22:20:22:13:5:13:15:22:22:15:16:13:20:15:3:17:16:8:22:20:4:22:22:7:2:17:7:16:16:14:3:15:18:3:16:16:18:17:19:14:18:12:6:17:20:2:22:17:26:2:26:19:12:26:26:26:26:20:18:22:16:3:18:17:26:2:22:26:26:15:8:1:26:22:20:19:12:26:16:15:20:14:19:19:26:20:26:19:22:26:1:26:14:18:26:19:22:17:15:17:6:19:14:26:26:20:15:26:20:12:19:20:26:20:10:26:22:26:14:20:17:20:20:26:15:5:26:6:13:19:22:7:5:18:15:22:11:24:24:21:21:21:6:27:24:21:17:21:27:27:24:15:19:13:15:27:21:19:21:15:22:27:22:26:27:27:0:6:27:19:4:18:27:21:6:6:27:3:22:17:19:21:10:22:26:21:24:21:19:19:17:24:31:27:31:21:28:28:17:31:31:21:20:31:21:28:27:26:24:19:10:27:24:27:28:31:24:15:22:24:22:31:27:28:0:21:18:24:12:16:7:26:24:21:28:24:20:31:19:27:10:31
3725763,941,28,0,326,0:0:1:0:1:3:1:1:0:1:4:2:1:1:1:0:1:1:2:2:3:3:1:3:2:0:4:0:4:2:0:2:0:1:3:4:3:2:3:1:2:4:2:1:3:0:5:1:3:3:6:2:7:1:0:1:5:0:2:5:1:7:4:4:6:6:6:6:6:2:0:5:5:4:6:5:5:3:7:1:3:1:5:3:1:0:6:4:3:5:5:5:0:0:6:7:0:0:6:7:9:8:8:3:1:0:1:9:2:7:5:4:7:1:4:6:4:9:6:5:1:3:1:5:0:0:4:4:7:4:7:2:7:2:9:9:2:8:3:6:2:4:6:9:9:5:8:2:10:8:2:2:7:5:9:9:9:3:0:7:9:2:7:10:6:4:8:10:5:0:1:0:0:6:10:6:10:4:10:10:7:9:4:7:6:8:2:12:4:3:12:12:2:0:8:5:1:0:4:1:3:9:4:9:8:1:4:6:4:12:3:6:5:7:8:10:10:5:3:5:0:2:10:0:7:6:5:0:0:7:1:2:7:0:4:8:8:0:10:1:8:3:2:10:12:9:3:6:11:13:12:6:12:13:7:12:11:1:6:1:3:2:0:0:7:5:2:11:7:3:5:9:12:0:7:8:4:4:10:11:10:11:11:11:11:5:11:6:13:7:11:9:10:6:1:8:9:13:5:3:5:10:4:5:4:12:13:5:6:8:7:7:13:6:6:2:13:0:11:9:8:2:13:4:5:11:4:7:12:3:13:12:10:12:8:3:4:4:7:11:4:12:11:11:11:10:8:12:3:9:4:11:10:7:9:11:8:14:10:3:1:1:11:2:15:10:14:9:14:14:15:15:11:11:14:4:15:4:14:12:2:15:14:12:14:14:11:9:13:9:5:13:15:15:12:13:15:8:9:6:6:10:13:3:0:15:15:9:12:13:1:0:15:13:8:7:14:2:5:15:7:10:12:15:16:13:11:18:13:2:10:15:18:3:1:3:8:13:13:5:14:11:18:4:4:11:15:16:13:5:4:12:15:2:3:8:12:10:9:15:8:14:11:2:14:9:6:18:8:16:15:12:0:12:14:16:2:2:1:18:14:15:14:12:12:16:16:16:11:16:7:18:18:14:16:0:16:15:18:5:2:2:13:10:6:9:8:2:16:7:6:16:9:12:7:6:18:15:3:11:6:18:18:7:17:18:15:8:10:18:14:18:10:16:18:13:14:15:4:9:17:8:10:11:6:0:13:15:17:14:17:14:15:16:13:12:17:15:11:8:0:16:18:9:10:17:17:10:4:11:6:6:13:10:18:10:1:14:16:5:17:11:12:15:17:7:18:15:12:15:11:12:9:11:13:14:8:17:5:0:10:10:18:13:1:16:12:15:12:9:16:13:1:15:5:17:18:11:6:14:9:3:17:3:17:10:15:19:17:17:16:19:18:17:8:1:19:13:9:9:19:19:11:6:1:11:12:14:13:10:16:11:9:12:9:8:19:9:6:16:7:0:18:13:19:11:17:7:2:16:17:18:17:0:1:15:19:19:11:8:16:16:5:8:6:15:18:18:16:19:20:16:20:7:15:19:9:12:18:14:7:6:8:17:13:20:16:14:14:18:7:19:8:13:15:0:3:8:20:19:17:5:3:19:17:14:12:20:16:20:19:5:4:18:8:10:16:9:20:17:1:20:20:16:22:18:22:12:22:2:4:7:22:22:14:19:12:16:15:16:9:17:18:17:17:19:22:20:10:15:22:19:3:17:16:20:5:3:4:16:22:7:2:18:7:18:7:22:14:9:22:3:11:16:9:26:20:20:18:10:5:20:20:2:4:22:26:2:26:19:15:26:26:22:9:9:22:20:2:3:26:20:22:17:19:26:13:15:20:22:22:20:17:20:20:22:18:3:26:5:26:13:16:26:17:12:22:15:22:26:26:13:11:7:26:17:12:12:6:20:19:19:18:2:5:26:20:20:20:19:20:6:19:26:22:22:13:19:20:19:19:22:11:11:26:5:19:26:14:7:19:19:19:19:26:18:18:22:20:22:19:27:3:21:21:19:27:21:27:27:27:13:21:27:18:22:8:26:21:14:26:26:27:22:27:17:27:20:21:27:21:21:22:16:16:8:26:21:13:27:19:27:27:27:22:18:2:20:13:8:16:24:28:21:24:31:21:21:31:13:28:31:24:17:27:31:7:27:28:27:21:22:27:28:12:31:28:31:31:17:31:9:18:24:24:31:31:31:16:26:22:27:31:20:21:28:28:3:31:13
3959504,998,28,0,325,0:0:1:0:1:3:1:1:0:1:4:2:1:1:1:0:1:2:2:2:3:3:1:3:2:0:4:0:4:2:0:2:0:1:3:4:3:2:3:1:2:4:2:1:3:0:5:1:3:0:6:2:7:1:0:1:5:0:2:5:1:7:4:4:6:6:6:6:6:2:0:5:5:4:6:5:5:3:7:1:3:1:5:3:1:0:6:4:3:5:5:5:0:2:6:7:0:0:6:3:9:3:8:3:1:0:1:9:2:7:4:4:7:1:4:6:8:9:6:5:1:3:1:5:0:0:4:4:7:0:4:2:7:2:9:8:2:3:4:6:2:4:6:9:9:5:8:8:10:3:2:2:7:5:9:9:9:3:0:7:0:6:7:10:0:4:3:10:5:0:10:9:0:6:5:6:10:4:0:10:7:9:4:7:6:8:2:12:4:3:12:12:2:0:8:5:1:0:4:1:3:9:4:9:8:1:4:4:4:9:3:6:5:7:1:2:10:5:3:5:10:10:6:9:7:6:5:0:0:7:12:2:7:0:4:8:8:0:4:1:10:3:2:12:4:9:9:10:6:13:12:6:13:13:7:12:10:1:6:1:3:2:0:1:7:5:2:8:9:3:5:9:12:13:7:8:4:4:10:11:10:11:11:11:11:5:12:6:13:7:11:9:6:6:8:11:9:13:5:3:5:10:4:5:4:10:13:5:10:8:7:7:13:6:6:9:13:0:12:11:8:2:13:4:5:5:4:7:12:3:7:12:10:13:8:3:4:4:7:12:4:4:11:11:11:2:8:4:3:9:0:11:10:7:9:11:8:14:10:3:12:1:10:2:11:10:2:9:14:14:15:15:11:11:14:5:15:4:11:12:2:15:14:14:14:9:13:9:13:9:5:15:15:8:12:11:11:14:9:6:6:3:13:3:0:15:15:12:12:13:1:0:14:13:8:7:11:15:5:15:7:10:12:16:8:11:12:14:13:2:15:10:8:12:6:3:8:3:13:10:5:11:16:8:2:0:15:16:12:13:4:12:15:10:3:16:12:11:9:16:8:8:14:2:14:14:6:13:13:10:15:2:0:15:7:13:2:13:1:4:18:15:14:12:12:16:13:16:9:16:7:16:18:11:16:0:14:11:10:16:13:2:13:14:6:9:3:2:16:9:6:13:9:13:7:6:13:15:7:11:6:10:11:7:18:18:16:8:10:8:11:16:10:12:18:13:14:15:4:3:6:16:10:13:6:0:13:14:17:10:11:17:15:17:13:13:17:15:11:10:0:15:18:9:8:17:17:10:4:11:6:6:17:15:12:17:1:14:16:5:17:18:12:15:9:7:18:15:14:15:3:12:9:8:16:14:18:10:15:5:10:9:18:13:1:7:12:11:12:10:10:17:16:6:5:11:16:11:6:17:9:3:17:12:17:8:11:19:18:17:19:18:14:16:18:1:8:17:9:18:15:19:19:8:11:2:19:14:13:19:17:11:9:19:9:8:1:11:10:19:7:19:17:19:19:19:17:19:2:8:11:5:16:0:1:16:14:16:17:8:18:16:5:19:18:15:18:14:19:16:11:20:17:7:16:19:18:13:19:14:19:6:2:17:14:12:17:14:15:18:7:20:20:8:15:0:3:8:20:10:20:5:20:19:12:20:20:18:17:17:11:9:4:20:19:18:16:9:19:4:1:18:22:16:22:2:22:12:17:2:22:7:13:19:14:19:16:13:15:20:20:20:22:17:17:20:22:16:10:15:19:10:3:22:15:22:14:18:22:20:14:7:22:18:7:16:19:17:2:22:12:3:1:26:26:26:15:14:2:22:8:8:19:2:8:18:12:2:26:26:14:26:8:22:14:20:15:9:2:18:12:22:22:18:19:18:13:8:22:1:7:17:22:12:16:20:8:18:11:5:19:22:16:12:19:22:12:26:13:26:22:20:20:7:22:14:18:26:6:22:26:26:26:26:12:20:22:14:22:20:26:26:26:20:17:20:13:8:16:16:22:26:19:16:8:26:19:22:20:17:26:26:1:19:18:20:20:21:22:22:18:3:27:17:15:21:26:16:21:27:21:21:21:27:19:27:21:26:21:21:10:1:27:14:2:6:16:27:11:21:21:27:27:21:16:19:5:21:26:21:19:19:8:27:27:27:21:27:16:1:27:24:28:19:24:27:31:24:24:31:31:27:24:27:28:24:18:31:15:28:31:9:31:17:1:31:28:28:24:24:28:22:0:21:8:31:28:31:7:26:24:24:12:31:21:20:28:28:31:22
3985005,1004,28,0,324,0:0:1:0:1:3:1:1:0:1:4:2:1:1:1:0:1:2:2:2:3:3:1:3:2:0:4:0:4:2:0:2:0:1:3:4:3:2:3:2:2:4:2:1:3:0:5:1:3:3:6:2:7:1:0:1:5:0:2:5:1:7:4:4:6:6:6:6:6:2:0:5:5:4:6:5:5:3:7:1:3:1:5:3:1:0:6:4:3:5:5:5:0:0:6:7:0:0:6:3:9:3:8:3:1:0:1:9:2:7:4:4:7:1:4:6:8:9:9:5:1:3:1:5:0:0:4:4:7:0:4:2:7:2:9:8:2:3:4:6:2:4:6:9:2:5:8:8:10:3:2:2:7:5:9:9:9:3:0:7:0:6:7:10:0:4:3:10:5:0:10:9:0:6:5:6:10:4:0:10:7:9:4:7:6:8:2:12:4:3:12:12:2:0:8:5:1:0:4:1:3:9:4:9:8:1:4:6:4:12:3:6:5:7:1:2:10:5:3:5:0:10:6:9:7:6:5:0:0:7:12:2:7:0:4:8:8:0:5:6:10:3:2:12:12:9:9:10:6:13:12:6:12:13:7:12:10:1:6:1:3:2:0:0:7:5:2:8:9:3:5:13:12:13:7:8:4:4:10:11:10:11:11:11:11:5:11:6:7:7:9:9:10:6:8:11:9:13:5:3:5:10:4:5:4:10:13:5:6:8:7:7:13:6:6:2:13:0:12:11:8:2:13:4:5:5:4:7:12:3:7:12:10:13:8:3:4:4:7:12:4:4:11:11:11:2:8:4:3:9:0:11:2:7:9:11:8:14:10:3:1:1:10:2:11:10:2:9:14:14:15:15:11:11:14:12:15:13:11:12:2:8:14:12:11:9:13:9:13:9:5:13:15:8:12:11:12:14:9:6:6:3:14:3:9:15:15:12:12:13:1:15:15:11:8:7:13:15:7:14:7:11:12:16:8:11:12:14:13:2:15:10:8:12:6:3:8:3:13:2:6:11:16:8:2:0:15:16:13:5:4:12:10:10:3:16:8:11:9:16:8:8:14:2:14:9:6:13:13:10:15:15:0:12:16:13:2:13:16:4:13:15:14:12:14:16:13:16:9:11:7:16:15:11:16:11:14:15:10:5:13:2:13:14:6:9:8:2:11:9:6:15:9:16:7:6:13:16:3:11:6:10:11:7:18:18:16:8:10:18:14:4:10:12:18:13:14:14:4:3:6:16:10:13:6:0:13:14:17:14:14:17:15:17:15:12:17:15:7:10:0:15:18:9:8:17:17:16:13:11:17:17:17:8:12:17:1:14:16:5:17:18:12:15:11:7:18:15:14:15:3:12:6:8:15:14:18:10:5:16:10:9:18:13:1:7:12:11:12:10:10:14:1:15:5:16:16:11:6:17:9:3:17:3:17:8:11:19:17:17:19:18:14:13:8:1:8:11:9:9:15:9:19:8:11:2:12:14:13:19:17:11:9:15:9:8:19:11:10:13:19:0:18:18:19:13:17:7:2:13:18:17:17:0:1:16:16:12:17:8:18:18:5:19:16:20:18:14:19:20:11:16:17:7:16:18:18:13:17:14:19:6:2:15:3:20:18:14:15:19:7:19:20:8:15:0:3:8:20:10:20:5:20:11:17:20:20:20:17:17:19:5:16:2:19:10:16:9:19:12:19:20:22:16:22:2:22:12:17:2:22:7:5:20:14:18:9:19:16:19:22:20:22:19:17:19:19:16:10:15:19:10:3:22:15:4:14:3:22:19:16:7:22:20:17:4:19:15:2:22:19:3:22:26:18:20:22:14:20:22:8:8:19:2:8:22:26:26:26:26:22:26:8:22:20:19:22:18:2:26:11:22:22:10:19:17:16:8:22:1:7:17:22:12:22:17:8:3:11:20:19:26:26:12:26:4:12:26:26:26:22:19:26:26:26:14:18:20:6:13:19:18:18:18:18:20:22:26:22:20:22:26:18:19:17:16:13:26:20:26:16:7:22:16:8:5:17:19:20:7:20:11:17:19:11:20:20:21:26:18:27:27:27:27:27:22:21:16:17:21:21:13:21:21:11:20:27:21:27:9:27:1:22:20:20:27:16:21:27:26:21:21:26:14:21:8:22:17:26:27:19:15:8:16:27:21:21:22:16:1:28:21:18:28:21:31:31:27:21:27:18:18:24:28:28:24:27:28:18:28:22:24:24:15:1:24:31:28:24:31:31:31:0:21:27:13:31:28:28:21:24:24:24:31:31:27:27:31:28:22
4312667,1083,27,0,323,0:0:1:0:1:3:1:1:0:1:4:2:1:1:1:0:1:2:2:2:3:3:1:3:2:0:4:0:4:2:0:2:0:1:3:4:3:2:3:1:2:4:2:1:3:0:5:1:3:3:6:2:7:1:0:1:5:0:2:5:1:7:4:4:6:6:6:6:6:3:0:5:5:4:6:5:5:3:7:1:3:1:5:3:1:0:6:4:3:5:5:5:0:0:6:7:0:0:6:3:2:3:8:8:1:0:1:9:2:7:4:4:8:1:4:6:8:9:9:5:1:3:1:5:0:9:9:4:7:0:4:2:7:2:9:8:2:3:4:6:2:10:6:9:2:5:8:10:10:3:2:2:7:5:9:9:9:3:0:7:0:2:7:7:0:9:3:10:5:0:1:9:0:6:5:6:10:0:10:10:7:9:4:7:6:9:10:12:4:3:12:12:2:0:8:5:1:0:4:1:3:9:4:9:8:1:4:4:4:12:3:6:5:7:8:2:10:5:3:5:10:4:6:0:7:6:5:0:0:7:1:2:7:0:4:8:8:0:5:1:5:3:2:12:4:9:9:10:6:13:12:6:12:13:7:12:10:1:6:1:3:2:0:1:7:5:2:8:9:3:3:13:12:13:6:8:4:4:13:11:11:13:9:11:13:11:11:6:7:7:9:12:6:8:1:11:4:13:5:3:5:10:4:5:4:10:12:5:6:8:7:7:13:6:6:2:9:0:12:13:8:2:13:4:5:5:4:7:12:3:7:7:10:13:8:3:4:4:7:12:4:4:11:8:11:2:3:4:3:9:2:11:10:7:9:8:8:14:10:3:1:1:14:2:11:10:2:9:12:14:8:12:11:11:11:12:15:4:11:12:2:8:14:15:11:11:11:9:13:2:11:11:15:13:12:11:12:8:9:6:6:3:14:3:0:15:15:12:12:13:1:0:14:12:13:6:13:2:7:14:16:10:12:14:12:12:12:15:14:2:10:7:16:7:6:3:8:3:4:5:5:11:14:8:4:0:16:16:12:5:10:16:15:10:3:16:12:10:14:15:8:15:14:2:14:9:6:13:15:5:11:15:0:16:7:13:9:15:1:7:13:15:14:10:14:13:4:16:9:16:7:15:11:11:16:0:14:15:15:8:15:2:13:7:6:16:8:2:16:7:6:15:9:12:7:6:13:11:7:16:6:13:0:11:15:10:15:14:10:8:14:16:10:12:18:13:14:15:11:3:17:16:10:13:6:18:16:15:11:10:14:14:18:14:15:12:12:17:7:1:0:11:18:9:10:13:17:10:4:6:6:14:5:14:12:17:1:14:15:5:18:18:16:15:11:7:18:15:16:11:3:12:9:16:15:15:18:10:5:0:11:9:18:8:1:7:16:16:17:11:10:17:15:15:13:13:18:5:6:2:18:3:9:3:10:8:11:18:19:19:19:17:14:19:4:18:8:16:11:9:16:9:18:19:1:19:12:17:18:17:19:19:9:8:19:7:1:19:19:13:14:19:13:15:17:11:17:16:2:13:11:5:15:18:13:19:14:12:16:16:19:20:5:6:19:18:17:14:10:20:17:10:17:17:18:20:17:18:18:14:18:6:2:17:18:10:20:14:13:17:7:14:19:0:15:0:20:18:20:18:17:5:20:19:17:14:15:13:19:13:16:5:4:20:3:10:20:15:16:4:1:17:22:16:22:2:22:22:19:2:15:22:22:12:12:8:6:20:8:14:22:17:15:17:17:20:19:20:10:20:22:18:20:14:15:5:7:13:22:18:9:7:17:22:7:16:16:6:10:17:18:22:19:18:22:26:26:26:22:19:20:17:18:5:26:26:26:2:26:20:20:18:8:26:15:17:22:9:16:19:8:19:18:20:15:22:18:18:22:1:20:16:19:20:16:11:8:20:20:5:26:9:26:12:18:20:22:19:19:7:17:17:19:7:26:17:10:12:14:13:26:20:26:2:15:8:20:14:26:20:19:6:17:26:26:26:17:18:22:20:20:26:19:16:26:19:20:17:26:16:20:20:1:14:22:22:22:26:26:12:20:27:27:27:22:20:21:27:21:27:17:12:17:20:12:22:27:26:15:21:27:27:22:26:22:22:14:21:4:27:21:13:22:13:19:14:21:11:27:21:20:26:18:17:21:26:21:26:20:1:31:21:31:24:21:24:31:27:2:31:31:24:21:24:27:22:9:31:27:14:19:24:24:24:31:24:27:31:21:27:24:9:3:21:9:13:31:24:7:17:27:24:14:31:20:27:27:24:10:19
4652332,1158,27,0,322,0:0:1:0:1:3:1:1:0:1:4:2:1:1:1:0:1:1:2:2:3:3:1:3:2:0:4:0:4:2:0:2:0:1:3:4:3:2:3:2:2:4:2:1:3:0:5:1:3:3:6:2:7:1:0:1:5:0:2:5:1:7:4:4:6:6:6:6:6:3:0:5:5:4:6:5:5:3:7:1:3:1:5:3:1:0:6:4:3:5:5:5:0:0:6:7:0:0:6:3:9:3:8:3:1:0:1:9:2:7:4:4:8:1:4:6:8:9:6:5:1:3:1:5:0:0:9:4:7:0:4:2:7:2:9:8:2:3:4:7:2:4:6:9:2:5:8:10:8:3:2:2:7:5:9:9:9:3:0:7:9:2:7:7:6:9:3:10:5:0:10:9:5:6:5:10:10:8:0:10:7:1:4:7:6:8:2:12:4:3:12:12:2:0:8:5:1:0:4:1:3:9:4:9:8:1:4:4:4:9:3:6:5:12:2:2:10:5:3:5:0:4:6:9:7:6:5:8:0:7:1:2:4:0:4:8:8:0:4:6:10:3:2:12:4:9:9:10:6:13:12:6:13:13:7:12:10:1:6:1:3:13:0:0:7:5:2:8:9:3:5:13:12:0:6:8:4:4:10:13:11:0:12:12:13:5:12:7:7:7:9:12:10:6:1:11:9:13:5:3:5:10:4:5:4:10:13:5:6:8:7:11:13:6:6:2:13:0:12:11:8:2:13:4:5:5:4:7:12:3:12:7:10:12:8:3:4:4:7:8:4:4:11:8:11:2:8:4:3:9:0:4:10:7:9:0:8:14:10:3:1:1:14:2:11:11:2:9:2:14:11:12:11:10:13:12:15:4:14:12:2:15:14:8:2:14:13:9:13:9:14:15:15:8:12:13:12:8:9:6:6:3:14:3:0:15:11:12:12:13:1:15:15:12:11:13:13:15:5:14:16:10:12:15:12:11:12:10:13:12:10:7:16:7:11:3:11:1:13:10:14:11:14:4:4:0:15:16:12:5:4:16:10:10:3:12:12:16:9:15:8:15:14:2:15:9:6:13:13:14:15:15:15:16:7:13:2:13:1:7:13:15:14:10:14:13:4:16:15:16:7:15:11:11:16:0:14:15:10:13:13:2:16:7:6:16:8:2:16:7:6:15:10:12:7:6:13:14:3:16:6:8:16:11:15:11:14:8:10:8:16:16:18:16:18:13:14:15:11:3:6:16:16:13:6:0:13:15:11:10:18:14:18:14:16:13:11:15:18:1:9:18:18:9:10:13:8:7:12:6:6:14:5:16:12:11:1:15:7:5:18:11:16:10:9:7:18:15:16:11:3:13:9:16:15:14:17:10:5:5:10:9:17:8:18:7:12:16:17:10:10:15:15:15:18:16:18:5:7:15:9:3:2:3:10:10:11:4:19:19:6:17:9:18:4:16:19:17:11:14:15:9:12:8:11:2:18:17:19:18:5:18:9:12:9:7:1:16:6:13:17:0:13:17:17:18:17:17:2:13:17:18:19:14:19:15:0:19:19:19:20:20:5:8:16:19:20:20:16:19:17:10:19:17:19:20:9:7:19:14:20:6:2:17:3:18:20:14:18:16:11:16:18:8:13:0:20:19:18:10:17:13:20:11:17:10:15:14:19:14:18:9:4:20:3:10:20:9:20:17:1:19:17:22:17:2:19:22:22:17:22:0:5:12:14:9:6:22:18:18:17:17:15:17:18:20:19:22:22:15:20:19:3:16:20:5:7:20:4:9:15:2:15:12:22:9:22:18:17:16:11:3:17:20:26:22:26:26:26:19:8:18:18:14:8:17:20:2:26:19:14:22:8:6:22:14:11:9:12:22:16:15:13:22:14:20:26:13:20:1:9:22:19:22:19:26:8:20:17:5:26:12:22:12:26:19:12:14:17:17:19:17:26:7:22:26:18:18:14:13:22:20:26:18:5:5:19:19:9:17:19:18:17:22:26:26:26:8:22:11:19:20:20:26:26:19:19:20:11:16:20:14:1:18:22:27:18:27:21:10:15:27:27:21:26:21:27:27:21:21:26:12:21:27:27:26:27:18:26:27:10:1:27:26:21:6:26:27:12:21:27:22:26:22:27:20:21:19:21:21:20:21:27:19:27:27:20:26:20:1:24:27:24:31:21:31:24:31:24:10:24:24:27:31:31:26:31:2:15:15:18:3:21:16:13:14:31:31:19:21:27:22:31:31:27:24:24:21:17:31:21:24:24:8:31:31:13:24:27:15
5380099,1320,27,0,321,0:0:1:0:1:3:1:1:0:1:4:2:1:1:1:0:1:1:2:2:3:3:1:3:2:0:4:0:4:2:0:2:0:1:3:4:3:2:3:2:2:4:2:1:3:0:5:1:3:3:6:2:7:1:0:1:5:0:2:5:1:7:4:4:6:6:6:6:6:3:0:5:5:4:6:5:5:3:7:1:3:1:5:3:1:0:6:4:3:5:5:5:0:0:6:7:0:0:6:3:9:3:8:3:1:0:1:9:2:7:6:4:8:1:4:6:8:9:9:6:1:3:1:5:0:0:4:4:7:0:4:9:7:2:9:9:2:3:4:6:2:4:6:9:9:5:10:2:8:3:2:2:7:5:9:9:5:3:0:7:9:6:7:7:0:9:3:10:5:0:1:9:5:6:5:6:10:7:0:10:7:1:4:7:6:9:2:12:4:3:12:12:2:0:8:5:1:0:4:1:3:9:4:9:8:1:4:4:4:3:3:6:5:7:2:6:10:5:3:10:10:4:9:9:7:6:5:0:0:7:1:2:4:0:4:8:8:0:5:6:5:3:2:10:12:9:9:6:13:13:12:6:12:13:7:12:10:1:6:1:3:13:0:0:11:5:2:8:9:3:5:13:12:0:7:8:4:4:13:13:11:13:12:12:13:11:12:6:7:12:9:9:11:6:1:11:9:7:6:3:5:10:4:13:4:10:12:5:6:8:7:11:8:6:6:2:13:0:12:13:8:11:13:4:5:10:4:7:12:3:7:12:6:12:8:3:4:4:7:8:5:4:11:8:11:2:5:10:3:9:0:11:11:7:9:0:8:11:8:3:1:1:9:2:12:11:2:14:2:11:8:12:10:10:13:12:15:4:11:12:2:8:15:15:2:11:13:8:13:9:14:15:15:8:12:13:12:8:9:6:6:9:2:3:9:15:11:12:12:13:8:0:14:14:10:11:12:6:14:15:13:10:12:14:12:11:5:15:9:12:10:7:16:12:6:3:8:3:13:13:6:11:13:4:4:0:15:16:12:10:4:11:15:2:3:16:12:10:16:15:10:14:14:2:11:9:14:13:11:4:15:14:14:12:8:13:2:13:1:16:13:15:14:10:14:5:4:10:9:16:11:8:11:11:16:0:14:15:15:8:15:2:13:7:4:16:9:2:16:7:6:9:10:15:7:6:13:11:3:16:15:8:16:11:15:11:14:14:10:18:10:16:14:13:18:13:14:15:4:3:5:16:15:13:6:0:5:14:18:11:8:6:18:14:15:12:16:18:12:1:0:11:18:15:10:18:8:16:12:13:14:18:5:15:18:11:1:14:7:18:5:11:11:15:16:7:18:15:16:11:4:13:16:10:14:14:5:14:5:18:14:9:18:8:1:7:12:8:0:11:11:14:8:18:18:16:16:13:7:9:9:3:9:3:15:17:19:10:18:17:16:19:17:17:4:19:19:17:17:6:16:16:18:6:1:2:18:12:14:19:19:18:9:12:9:18:1:16:2:15:19:17:18:15:13:19:17:16:18:17:12:17:18:0:4:10:17:13:11:10:20:17:5:17:6:18:20:17:16:5:20:18:13:20:17:10:15:7:18:14:19:20:14:15:3:18:17:13:18:11:11:16:18:8:11:0:3:18:6:1:20:13:18:19:11:15:19:13:19:20:17:8:4:16:16:8:19:19:20:5:1:7:20:16:7:2:22:19:22:12:22:11:20:22:14:20:22:15:20:18:19:20:5:20:18:19:22:22:17:16:19:22:3:22:15:5:7:3:14:9:22:2:8:12:22:9:14:22:14:16:16:3:14:26:9:26:20:14:17:20:8:8:17:5:7:20:22:2:26:26:15:22:19:22:1:17:22:20:26:26:22:20:20:26:15:19:8:8:20:1:7:10:20:22:19:20:8:10:26:5:16:19:26:12:20:17:12:26:1:20:20:10:26:19:22:22:10:5:26:17:19:15:26:26:10:8:22:20:9:18:26:0:20:26:16:26:13:26:19:17:17:14:18:14:19:22:17:20:9:16:26:14:19:19:22:18:18:26:22:22:11:21:21:27:27:27:20:21:16:21:15:21:22:27:16:17:27:6:27:9:21:27:21:17:19:21:17:27:6:21:21:27:20:21:17:27:27:27:21:27:27:17:27:27:16:26:21:22:17:1:21:11:31:27:27:24:24:21:27:24:31:24:26:31:21:26:31:31:17:22:17:24:24:16:24:21:21:31:31:17:31:27:24:27:21:22:24:24:1:31:20:26:15:17:13:31:24:21:31:20
5484397,1343,27,0,320,0:0:1:0:1:3:1:1:0:1:4:2:1:1:1:0:1:1:2:2:3:3:1:3:2:0:4:0:4:2:0:2:0:1:3:4:3:2:3:1:2:4:2:1:3:0:5:1:3:3:6:2:7:1:0:1:5:0:2:5:1:7:4:4:6:6:6:6:6:3:0:5:5:4:6:5:5:3:7:1:3:1:5:3:1:0:6:4:3:5:5:5:0:0:6:7:0:0:6:3:9:3:8:3:1:0:1:9:2:7:4:4:8:1:4:6:8:9:9:6:1:3:1:5:0:0:4:4:7:0:4:9:7:2:9:9:2:3:4:6:2:4:6:9:9:5:10:2:8:3:2:2:7:5:9:9:5:3:0:7:0:6:7:7:0:9:10:10:5:0:1:9:5:6:5:6:8:8:0:10:7:9:4:7:6:9:2:12:4:3:12:12:2:0:8:5:1:0:4:1:3:9:4:9:8:1:4:4:4:3:3:6:5:7:2:6:10:5:3:10:0:2:9:9:7:6:5:0:0:7:1:2:4:0:4:8:8:0:5:6:5:3:2:10:12:9:9:6:10:13:12:6:12:13:7:12:10:1:6:1:3:13:0:0:7:5:2:8:9:3:5:13:12:12:6:8:4:4:13:11:11:13:12:12:13:5:8:6:7:12:13:9:6:6:1:11:9:13:6:3:5:10:4:13:4:10:12:5:6:8:7:11:8:6:6:2:13:0:12:13:11:2:13:4:5:10:4:7:12:3:8:11:6:12:8:3:4:4:7:8:5:4:10:8:11:2:5:4:9:9:0:11:2:7:9:0:11:11:8:3:1:1:9:2:12:11:2:14:2:14:8:12:10:10:13:12:15:4:11:14:2:10:15:15:2:11:13:8:13:9:11:15:15:12:12:13:10:8:9:6:6:10:2:3:0:12:15:12:12:13:1:0:14:12:10:11:13:6:7:14:7:14:12:14:16:11:5:15:13:7:15:14:16:12:6:3:8:3:13:13:6:10:13:15:14:0:14:16:12:13:4:11:15:2:3:8:12:10:13:15:16:7:13:2:11:9:6:13:13:4:15:15:0:12:10:13:2:13:1:7:13:15:14:10:14:5:4:16:9:16:7:14:11:11:16:0:11:15:15:8:15:2:13:7:4:16:9:2:16:7:6:15:12:15:7:6:15:16:7:16:16:13:11:11:14:11:14:8:10:15:10:16:14:12:14:13:16:15:11:3:5:16:18:13:6:0:5:14:11:18:8:6:18:14:10:12:16:16:7:1:16:11:18:9:10:18:7:7:12:13:11:14:18:16:18:8:1:14:7:18:18:18:16:15:9:7:18:15:10:14:3:13:9:10:15:15:5:14:5:18:10:12:18:8:1:7:12:8:14:11:11:16:8:16:13:8:16:13:7:9:9:3:2:3:15:8:19:4:2:17:19:19:17:18:4:1:19:17:17:18:10:11:18:6:1:2:18:12:16:16:19:18:9:15:9:7:18:9:2:16:14:0:13:15:19:11:17:7:2:17:13:16:19:16:4:10:17:10:11:10:20:17:5:17:16:18:17:17:20:5:20:18:20:20:18:19:15:7:18:12:19:6:14:15:3:18:17:20:10:19:11:17:17:8:11:0:3:16:6:18:20:13:17:17:11:14:19:13:19:20:10:8:4:17:8:8:19:19:11:5:1:20:20:22:14:2:22:19:19:22:15:0:22:22:20:20:9:22:20:11:19:22:5:17:10:19:20:22:17:16:19:10:20:14:15:5:7:3:13:20:18:2:8:20:7:9:19:22:3:17:15:3:1:11:9:22:18:19:17:20:8:8:20:19:18:20:19:2:19:7:14:22:19:22:17:17:22:20:12:3:12:17:18:2:15:19:20:16:20:1:10:18:17:19:16:9:8:22:22:5:20:12:16:12:20:22:22:19:12:26:26:15:11:7:20:26:10:16:26:17:26:15:13:26:5:17:22:20:18:22:19:22:20:18:14:26:20:12:19:4:17:10:19:16:14:5:22:26:22:7:22:14:1:19:14:19:10:27:20:21:11:27:3:27:26:16:20:27:21:21:27:21:21:21:26:17:26:16:15:9:17:27:16:17:21:6:17:27:6:15:27:27:27:16:27:21:21:26:21:26:27:22:26:26:16:27:17:27:21:22:21:31:26:31:26:24:14:24:26:24:21:24:27:31:31:24:24:18:17:31:17:14:22:16:1:21:21:18:24:24:27:22:24:24:31:11:24:9:31:27:20:26:27:21:24:22:12:31:31:26
5658598,1382,27,0,319,0:0:1:0:1:3:1:1:0:1:4:2:1:1:1:0:1:2:2:2:3:3:1:3:2:0:4:0:4:2:0:2:0:1:3:4:3:2:3:1:2:4:2:1:3:0:5:1:3:0:6:2:7:1:0:1:5:0:2:5:1:7:4:4:6:6:6:6:6:2:0:5:5:4:6:5:5:3:7:1:3:1:5:3:1:0:6:4:3:5:5:5:0:2:6:7:0:0:6:3:9:3:8:3:1:0:1:9:2:7:4:8:8:1:4:6:8:9:9:6:1:3:1:5:0:0:4:4:7:0:4:9:7:2:9:9:2:3:4:6:2:4:6:9:9:5:10:2:8:3:2:2:7:5:9:9:5:3:0:7:9:6:7:7:0:7:3:10:5:0:1:9:5:6:5:6:8:0:0:10:7:9:4:7:6:9:2:12:4:3:12:12:2:0:8:5:10:0:4:1:3:9:4:9:8:1:4:4:4:10:3:6:5:7:9:2:10:5:3:10:0:4:9:9:7:6:5:0:9:5:1:2:4:9:4:8:8:0:4:1:5:3:2:12:12:9:9:6:13:13:12:6:12:13:7:12:10:1:6:1:3:2:0:1:7:5:2:8:9:3:5:13:12:11:8:8:4:4:13:11:11:13:12:11:13:5:8:6:7:7:13:9:11:6:1:11:9:7:6:3:5:10:4:13:4:10:12:5:6:8:7:11:13:6:6:2:13:0:12:13:11:2:13:4:5:10:4:7:12:3:12:12:6:12:8:4:4:4:7:8:0:4:10:8:11:2:8:4:3:9:13:11:2:7:9:0:11:11:8:3:1:1:9:2:12:11:2:14:12:11:15:12:10:10:13:12:15:4:11:12:2:14:15:15:7:11:13:8:11:10:11:15:15:8:12:13:12:8:3:6:6:8:2:3:0:12:11:12:12:13:1:0:15:14:10:6:13:6:13:14:7:10:12:15:8:11:5:15:9:7:10:7:8:12:6:3:8:3:13:13:5:10:13:4:4:0:15:16:12:13:4:16:15:12:3:8:12:10:3:16:10:15:14:2:11:9:6:13:14:4:15:16:0:16:14:13:2:11:16:7:13:15:14:10:14:14:4:16:9:16:7:8:11:11:10:0:11:15:14:16:15:2:16:7:4:9:9:2:16:7:6:15:9:8:7:6:14:14:3:16:16:13:16:11:15:11:14:8:10:14:16:16:14:12:14:13:13:15:4:3:5:16:16:13:6:0:5:15:11:16:8:6:16:16:8:3:13:15:7:10:14:11:16:9:10:13:14:7:12:13:14:6:5:9:8:8:1:14:15:18:5:13:16:14:9:7:18:15:10:11:4:13:9:9:14:2:5:14:5:7:10:16:18:7:1:12:12:8:14:11:11:14:1:15:13:16:18:5:7:9:9:18:9:16:18:13:17:15:2:13:19:19:17:18:4:1:19:15:9:6:10:11:18:6:1:2:16:19:18:17:16:16:17:15:17:7:14:9:17:17:5:11:18:15:3:13:17:15:2:15:12:18:16:0:1:10:17:19:11:10:20:5:5:15:6:18:11:17:16:5:20:20:20:20:18:10:19:7:19:0:17:6:11:19:19:8:19:14:13:19:7:17:14:8:11:15:3:10:6:18:14:5:17:10:14:15:18:13:19:20:16:20:4:19:19:8:19:19:20:17:1:20:22:22:17:2:19:17:17:2:15:0:20:12:20:20:19:19:22:18:22:20:17:17:20:22:22:16:17:15:19:10:22:18:15:5:19:3:13:20:22:7:8:14:7:18:7:18:3:12:19:3:1:22:9:20:18:16:2:20:8:14:8:2:22:18:19:2:19:7:19:22:20:22:15:17:8:20:19:17:8:17:18:18:22:22:14:11:17:1:7:17:10:16:16:14:8:3:20:14:18:12:18:12:20:10:26:26:22:14:20:26:18:7:22:26:12:5:26:14:26:17:17:26:26:12:17:16:18:26:11:0:20:26:22:22:17:20:26:19:16:22:18:17:16:17:20:20:9:22:26:12:26:14:26:26:14:17:12:12:20:21:27:27:14:10:20:20:18:27:21:21:27:27:16:17:27:26:26:9:20:26:27:21:21:26:19:18:12:15:22:10:21:26:22:26:21:27:27:27:13:27:18:27:12:27:11:22:22:7:16:26:20:10:24:24:26:8:16:31:22:21:24:27:20:31:24:31:14:27:27:31:27:15:27:21:24:21:24:18:24:22:31:31:31:21:24:31:7:24:8:31:22:21:24:24:19:24:20:20
8743722,2071,27,0,318,0:0:1:0:1:3:1:1:0:1:4:2:1:1:1:0:1:2:2:2:3:3:1:3:2:0:4:0:4:2:0:2:0:1:3:4:3:2:3:1:2:4:2:1:3:0:5:1:3:3:6:2:7:1:0:1:5:0:2:5:1:7:4:4:6:6:6:6:6:3:0:5:5:4:6:5:5:3:7:1:3:1:5:3:1:0:6:4:3:5:5:5:0:0:6:7:0:0:6:3:9:3:8:3:1:0:1:9:2:7:4:4:8:1:4:6:8:9:9:6:1:3:1:5:0:0:4:4:7:0:4:2:7:2:9:9:2:3:4:6:2:4:6:9:2:5:10:2:8:3:2:2:7:5:9:9:9:3:0:7:9:6:7:7:0:7:3:10:5:0:1:9:5:10:5:6:10:0:0:10:7:9:4:7:6:9:2:12:4:3:12:12:2:0:8:5:1:0:4:1:3:9:4:9:8:1:4:4:4:12:3:6:5:7:1:6:10:5:3:5:0:2:6:9:7:6:5:0:0:5:1:2:10:0:4:8:8:0:5:6:5:3:2:12:12:9:9:8:11:13:12:6:12:13:7:12:10:1:6:1:3:2:0:1:7:5:2:8:9:3:5:9:12:0:7:8:4:4:13:13:10:13:12:12:13:5:8:6:7:7:9:9:11:8:10:11:9:7:6:3:5:10:4:13:4:10:12:5:11:8:7:8:8:6:6:9:11:0:12:9:8:2:11:4:5:13:11:7:12:3:12:13:6:12:8:3:4:4:7:11:5:4:13:13:11:2:13:4:3:9:2:11:2:7:9:0:15:11:8:3:1:1:10:2:12:11:2:9:8:11:10:11:10:10:13:12:15:4:11:12:2:10:15:15:2:11:10:9:11:9:11:11:13:15:12:13:12:8:9:6:6:3:15:3:0:15:15:12:12:15:10:10:11:12:15:11:12:2:7:14:7:11:12:14:12:11:5:15:9:7:15:7:16:12:6:13:13:11:6:13:5:10:13:4:4:0:14:16:12:10:4:13:15:10:3:8:16:16:9:10:15:15:13:2:13:9:6:15:10:4:16:2:0:16:8:12:9:13:1:7:13:8:14:16:14:5:4:16:9:16:7:11:11:11:10:0:11:14:14:8:16:2:16:7:4:9:3:2:16:7:6:15:9:8:7:9:14:14:7:16:6:13:15:14:14:13:10:10:10:15:16:16:14:12:14:13:6:14:14:3:5:8:15:13:6:0:5:14:10:16:8:6:16:7:16:12:13:15:7:1:14:11:4:9:0:15:13:7:4:13:6:6:5:14:15:8:1:14:18:2:5:13:16:18:9:7:18:18:18:11:3:13:9:10:18:14:5:14:5:7:16:12:18:8:1:12:12:16:13:11:11:14:8:6:8:8:18:5:7:2:18:3:17:3:15:8:10:4:6:11:17:14:17:17:4:1:15:19:19:11:14:15:18:18:1:13:16:18:19:17:17:11:9:19:9:13:14:16:13:17:18:11:8:15:18:17:16:7:2:19:17:19:18:0:4:18:18:16:20:16:20:18:5:11:6:14:20:17:15:18:14:18:19:20:18:18:19:19:19:16:20:6:11:15:17:12:20:14:10:19:7:17:17:15:15:0:18:18:17:18:20:5:20:10:17:17:18:11:17:11:20:13:4:19:8:8:19:9:20:4:1:18:22:18:19:16:22:16:11:2:18:0:19:22:15:22:22:22:11:17:18:17:5:20:20:19:20:22:22:13:10:10:3:16:16:5:15:19:20:17:19:17:8:18:7:14:7:8:3:19:18:3:15:18:22:22:19:16:11:20:17:19:19:2:17:20:22:22:17:7:22:22:15:17:20:14:8:9:16:20:22:16:17:19:10:20:19:8:20:22:7:20:20:16:20:11:8:3:22:5:16:9:17:12:20:18:22:26:22:26:19:15:26:12:13:26:20:5:26:20:15:22:20:26:18:17:26:16:19:18:20:22:15:26:14:13:14:26:17:4:19:22:19:17:22:26:22:20:22:20:20:12:26:26:14:20:20:14:17:19:26:21:21:27:21:27:26:21:21:27:27:21:13:27:21:20:27:6:22:13:22:20:26:21:17:6:22:27:10:21:21:27:17:21:27:21:14:21:27:27:15:27:27:2:21:27:21:17:12:1:21:21:24:31:31:31:31:31:21:14:27:31:27:31:31:26:7:27:24:24:17:3:19:24:1:31:24:26:22:1:1:9:0:27:27:21:31:26:18:27:24:31:26:27:31:27:26:24:21:21
11390209,2663,27,0,317,0:0:1:0:1:3:1:1:0:1:4:2:1:1:1:0:1:2:2:2:3:3:1:3:2:0:4:0:4:2:0:2:0:1:3:4:3:2:3:1:2:4:2:1:3:0:5:1:3:3:6:2:7:1:0:1:5:0:2:5:1:7:4:4:6:6:6:6:6:3:0:5:5:4:6:5:5:3:7:1:3:1:5:3:1:6:6:4:3:5:5:5:0:0:6:7:0:0:6:3:9:3:8:3:1:0:1:9:2:7:4:8:8:1:4:6:8:9:9:6:1:3:1:5:0:0:4:4:7:0:4:2:7:2:9:9:2:3:4:6:2:4:6:9:2:5:10:8:8:10:2:2:7:5:9:9:5:3:0:7:9:2:7:7:0:7:3:10:5:0:10:9:5:9:5:6:4:8:0:10:7:9:4:7:6:9:2:12:4:3:12:12:2:0:8:5:1:0:4:1:3:9:4:6:8:1:10:4:4:3:3:6:5:7:1:6:10:5:3:5:0:4:9:9:7:6:5:0:9:5:1:2:10:0:4:8:8:0:5:6:5:3:2:12:12:9:9:6:13:13:12:6:12:13:7:10:10:1:6:1:3:2:0:1:7:5:2:8:9:3:5:9:12:0:8:8:4:4:13:4:10:13:12:12:13:5:8:10:7:7:9:9:6:6:10:11:9:7:6:3:5:10:4:13:11:10:12:5:6:8:7:11:8:6:6:2:11:0:13:11:11:2:11:4:5:13:4:7:12:3:12:13:6:12:8:3:4:4:7:8:5:4:13:8:10:2:8:4:3:9:0:11:11:7:9:0:15:11:8:3:1:1:10:2:12:11:2:9:12:11:15:12:10:10:13:12:15:4:15:12:2:10:15:15:7:15:13:8:11:9:11:15:9:8:12:10:12:8:9:15:6:10:11:3:0:12:15:12:12:15:13:0:15:12:11:11:12:6:7:14:7:14:12:14:12:11:5:15:9:7:10:7:8:12:11:3:8:3:6:13:5:11:13:14:4:0:16:16:12:10:4:13:15:2:3:8:12:10:14:10:15:15:13:2:14:9:6:13:10:4:15:11:0:16:8:13:9:13:1:7:13:15:14:16:14:5:4:16:9:16:11:8:11:11:10:0:11:14:14:5:15:2:16:7:4:9:9:2:16:7:6:3:9:11:7:9:10:16:7:16:13:13:15:14:14:13:16:8:10:15:10:16:14:12:14:13:16:10:4:3:5:8:10:13:6:0:5:14:11:16:8:6:6:16:16:12:13:14:7:1:14:11:16:9:13:16:13:7:12:13:13:6:5:9:8:8:1:14:18:18:18:16:16:14:9:7:18:15:12:11:4:11:9:9:15:15:5:16:5:7:16:12:18:7:1:12:12:8:14:11:11:14:1:18:18:18:18:13:7:9:18:3:19:3:10:19:9:14:19:13:14:14:19:19:4:1:15:19:14:6:18:18:18:6:1:2:16:19:16:19:13:11:19:19:19:7:14:9:2:14:14:19:8:15:13:19:16:7:2:19:19:10:15:16:13:14:18:12:11:17:17:17:5:17:11:18:20:19:20:18:13:18:20:18:17:17:14:18:20:0:18:6:2:15:3:16:17:20:15:14:7:11:18:15:15:0:3:10:6:10:20:5:15:17:14:20:16:14:17:13:17:13:4:11:8:8:16:9:20:4:17:20:19:22:14:2:22:22:22:2:15:0:20:12:20:18:22:22:18:20:18:20:19:17:18:22:17:19:10:13:22:10:17:20:15:5:5:17:20:19:19:7:8:10:7:22:7:22:13:20:15:3:17:11:9:14:22:16:22:17:8:19:8:2:22:20:17:2:19:7:15:22:20:14:15:14:11:19:12:19:12:19:22:22:22:18:20:8:2:1:7:10:19:16:16:20:14:22:17:5:19:12:17:12:20:17:20:13:1:7:26:10:20:7:19:26:22:5:26:19:26:15:13:2:5:22:17:16:19:20:3:17:26:26:22:13:22:8:22:4:16:17:18:26:16:26:14:17:18:10:26:16:26:18:22:20:18:21:22:17:26:27:27:21:11:21:26:26:22:21:20:27:21:17:21:19:21:6:17:20:6:27:26:22:26:26:26:27:10:14:21:21:27:21:20:22:22:21:27:21:15:20:16:21:12:14:21:17:18:26:27:20:24:27:11:24:31:31:2:27:24:31:24:26:27:22:24:27:31:14:21:31:12:24:1:31:24:27:21:19:24:26:15:21:27:11:31:26:15:31:31:31:26:21:21:27:16:31:31:17
12083744,2819,27,0,316,0:0:1:0:1:3:1:1:0:1:4:2:1:1:1:0:1:2:2:2:3:3:1:3:2:0:4:0:4:2:0:2:0:1:3:4:3:2:3:1:2:4:2:1:3:0:5:1:3:3:6:2:7:1:0:1:5:0:2:5:1:7:4:4:6:6:6:6:6:3:0:5:5:4:6:5:5:3:7:1:3:1:5:3:1:0:6:4:3:5:5:5:0:0:6:7:0:0:6:3:9:9:8:3:1:0:1:9:2:7:4:8:7:1:4:6:8:9:9:6:1:3:1:5:0:0:4:9:7:0:4:2:7:2:9:9:2:3:4:6:2:4:6:9:2:5:10:2:8:10:2:2:7:5:9:9:5:3:0:7:9:6:7:7:0:7:3:10:5:0:1:9:5:9:5:6:4:0:0:10:7:9:4:7:6:9:2:12:4:3:12:12:2:0:8:5:1:0:4:1:4:9:4:10:8:1:10:4:4:9:3:6:5:7:1:6:10:5:3:10:0:2:9:9:7:6:5:0:9:5:1:2:7:0:4:8:8:0:5:1:5:3:2:12:12:9:9:8:13:13:12:6:12:13:7:10:10:1:6:1:3:2:0:1:7:5:2:8:9:3:5:9:12:0:7:8:4:4:13:4:10:13:12:13:13:5:8:6:7:7:13:9:6:6:10:8:9:7:6:3:5:10:4:13:4:10:12:5:11:8:7:11:8:6:6:9:11:0:12:11:11:2:11:4:5:13:4:7:12:12:12:13:6:12:8:4:4:4:7:8:5:4:13:8:10:2:8:4:3:11:2:11:2:7:9:10:15:11:8:3:1:1:10:3:12:11:2:9:15:11:15:12:10:10:13:12:15:10:15:12:6:10:15:15:11:15:13:8:11:10:11:15:9:15:12:10:12:15:9:15:6:10:11:3:0:9:15:12:12:15:1:0:15:12:11:6:15:2:7:14:7:14:14:14:12:11:5:16:9:12:15:7:16:12:6:3:8:11:6:13:9:10:13:14:4:0:16:16:12:7:4:13:15:2:3:8:12:10:14:10:16:15:8:2:14:9:6:13:10:4:16:11:16:16:15:12:9:13:1:7:13:15:13:16:14:5:4:14:13:16:7:8:11:11:10:0:11:14:14:8:16:2:16:7:4:9:9:2:16:7:6:3:9:8:7:6:10:15:7:3:9:13:15:14:14:13:16:15:10:15:16:16:14:12:14:13:16:10:4:3:5:8:15:13:6:0:5:14:11:16:8:11:16:16:16:12:13:14:7:1:14:11:16:9:13:16:13:11:12:13:6:6:5:14:8:8:1:14:18:2:5:13:11:18:9:7:18:15:18:11:4:11:9:18:18:15:5:16:5:7:2:12:18:8:1:12:12:18:14:11:11:14:8:6:10:13:16:5:6:2:14:3:19:19:8:19:18:12:16:13:14:14:18:16:4:1:15:19:19:6:14:18:18:6:1:13:16:11:16:19:13:11:19:13:8:19:1:13:18:14:14:18:13:15:3:19:16:7:2:19:19:10:15:0:1:18:18:15:20:16:20:18:5:19:20:4:20:14:19:5:20:18:19:20:18:17:9:7:19:0:17:6:11:15:3:8:19:18:15:19:18:11:19:15:17:0:20:10:6:17:20:5:15:20:8:14:17:8:19:19:19:13:18:20:3:8:20:9:17:4:1:20:22:18:14:2:22:22:22:20:22:11:20:22:17:22:22:22:20:20:20:20:5:20:20:17:20:22:22:13:22:18:16:16:17:5:15:17:19:20:22:7:8:20:7:22:7:8:3:12:11:14:1:18:10:14:17:17:22:18:17:19:19:13:22:17:22:2:17:19:17:22:20:15:9:16:8:20:12:3:10:3:22:17:15:20:19:8:2:18:7:10:19:16:16:22:8:18:20:5:22:12:14:12:17:16:22:15:22:14:20:15:26:7:19:26:19:5:26:17:15:22:13:26:19:22:26:17:17:17:3:0:19:18:19:20:17:20:26:26:12:26:17:26:20:26:20:20:22:7:26:26:1:17:22:26:20:26:12:19:13:21:10:27:18:21:21:27:11:21:21:17:27:21:27:21:21:6:22:26:6:20:21:26:26:27:21:27:10:14:22:27:27:13:21:27:22:27:21:21:27:21:21:27:12:8:18:22:18:1:26:24:31:27:31:10:16:26:27:26:31:31:31:31:24:17:24:21:18:21:16:24:12:24:17:24:24:31:4:26:31:19:15:27:17:10:31:24:15:24:8:24:31:24:26:31:16:31:18:20
13268678,3086,27,0,315,0:0:1:0:1:3:1:1:0:1:4:2:1:1:1:0:1:2:2:2:3:3:1:3:2:0:4:0:4:2:0:2:0:1:3:4:3:2:3:1:2:4:2:1:3:0:5:1:3:3:6:2:7:1:0:1:5:0:2:5:1:7:4:4:6:6:6:6:6:3:0:5:5:2:6:5:5:3:7:1:3:1:5:3:1:0:6:4:3:5:5:5:0:0:6:7:0:0:6:3:9:3:8:3:1:0:1:9:2:7:4:4:7:1:4:6:8:9:9:6:1:3:1:5:0:0:4:4:7:0:4:2:7:2:9:9:2:3:4:6:2:4:6:9:2:5:8:2:8:3:2:2:7:5:9:9:5:3:0:7:9:2:7:7:0:7:3:10:5:0:1:9:5:10:10:6:8:0:0:10:7:9:4:7:6:9:10:12:4:3:12:12:2:0:8:5:1:0:4:1:3:9:4:6:8:1:4:4:4:9:3:9:5:7:8:6:10:5:3:10:2:4:10:9:7:6:5:0:9:5:1:2:7:0:8:8:8:8:10:6:5:3:2:10:12:9:9:6:13:13:12:12:12:13:7:10:10:1:6:1:3:2:0:1:7:5:2:8:9:3:5:9:5:0:7:8:4:4:13:13:10:13:12:13:13:5:7:6:7:7:13:9:6:6:1:8:9:0:9:3:5:10:4:13:11:6:12:5:6:8:7:11:8:6:9:2:11:0:12:11:11:9:11:4:5:13:4:7:12:3:12:13:6:13:4:3:4:4:7:12:5:4:13:13:11:2:8:4:3:11:2:11:10:7:9:0:15:15:10:3:1:1:13:10:12:11:8:9:15:11:15:6:11:10:10:12:15:4:11:12:2:12:15:15:2:15:13:9:11:2:11:15:9:15:12:10:12:8:9:15:6:3:11:3:9:12:8:13:12:15:1:10:15:12:8:2:12:6:7:14:7:14:14:14:14:11:5:15:9:2:15:7:11:12:6:3:8:3:16:13:9:11:13:14:15:0:8:16:12:14:8:13:15:2:3:7:12:10:13:10:15:15:13:2:14:9:6:13:10:13:16:11:0:16:15:12:9:13:1:12:13:15:13:16:14:5:4:14:13:16:7:8:11:11:10:0:11:14:16:5:16:2:16:10:4:9:9:2:10:11:6:9:9:8:7:6:16:14:3:16:9:13:15:14:14:13:16:15:10:16:16:16:14:12:14:13:16:14:4:3:5:8:10:13:10:0:5:14:8:10:11:8:6:16:16:9:13:15:11:1:14:11:16:9:0:16:8:11:4:13:14:6:5:14:15:8:1:14:7:2:5:13:11:8:11:7:18:15:18:11:3:11:18:2:18:12:5:10:5:7:2:9:18:18:18:12:12:10:0:11:11:14:12:16:8:18:6:13:6:2:18:3:19:3:10:19:19:12:16:13:14:19:18:16:16:1:19:11:19:14:14:4:19:6:1:13:16:11:16:19:2:11:9:15:18:19:14:13:8:14:19:11:11:15:19:19:16:7:2:19:19:14:15:0:13:16:19:12:11:16:20:18:5:15:18:14:20:18:10:5:20:18:17:20:17:18:9:18:17:0:20:6:8:15:3:8:10:17:15:20:17:20:8:19:10:14:3:8:6:6:14:5:15:18:17:19:20:17:19:19:19:13:4:20:19:10:10:17:20:17:1:18:20:18:17:2:17:20:17:20:17:11:16:17:14:20:6:16:20:14:18:20:5:20:14:19:20:17:10:20:17:15:16:16:10:5:19:3:19:6:16:16:9:20:19:13:7:17:3:18:15:3:1:18:22:14:17:22:18:22:8:19:9:13:4:20:17:2:19:19:16:17:20:17:20:16:22:9:12:22:10:16:18:14:15:22:22:14:22:1:7:22:20:22:18:22:13:3:8:5:16:19:14:12:20:18:12:15:18:6:22:15:17:7:18:22:18:5:26:22:15:26:18:26:6:26:26:26:16:17:26:0:20:22:19:8:20:22:18:17:26:7:12:22:18:14:14:26:26:7:22:19:22:26:22:14:27:18:17:12:10:27:21:22:26:17:27:21:11:7:27:21:21:11:27:27:21:26:26:27:22:21:22:26:27:6:27:21:27:14:26:26:22:10:19:26:14:21:22:27:26:8:21:20:12:16:26:27:27:21:31:21:31:26:24:31:21:31:31:21:18:24:22:24:24:31:24:27:31:24:26:24:17:24:1:17:31:24:24:31:24:21:0:31:31:21:18:21:7:24:8:31:21:31:26:27:13:24:21:27
15556520,3086,27,0,315,0:0:1:0:1:3:1:1:0:1:4:2:1:1:1:0:1:2:2:2:3:3:1:3:2:0:4:0:4:2:0:2:0:1:3:4:3:2:3:1:2:4:2:1:3:0:5:1:3:3:6:2:7:1:0:1:5:0:2:5:1:7:4:4:4:6:6:6:6:3:0:5:5:2:6:5:5:3:7:1:3:1:5:3:1:6:6:4:3:5:5:5:0:0:6:7:0:0:6:3:9:3:8:3:1:0:1:9:2:7:9:4:7:1:4:6:8:9:9:6:1:3:1:5:0:0:4:4:7:0:4:2:7:2:9:9:2:3:4:6:2:4:6:9:8:5:8:2:8:3:2:2:7:5:9:9:5:3:0:7:9:7:7:7:0:7:3:10:5:0:1:0:5:10:10:6:8:0:10:10:7:9:4:7:6:9:10:12:4:3:12:12:2:0:8:5:1:0:4:1:3:9:4:6:8:1:4:4:4:9:3:9:5:7:1:6:10:5:3:10:2:4:10:0:7:6:5:0:9:5:1:2:7:0:4:8:8:8:5:6:5:3:2:12:12:9:9:8:13:13:12:6:8:13:7:12:10:1:9:1:3:2:0:1:7:5:2:8:10:3:5:9:5:2:7:8:4:0:13:13:10:13:12:13:13:5:7:10:7:7:13:9:6:6:10:8:9:0:9:3:5:10:4:13:11:6:12:5:6:8:7:11:8:6:6:9:11:0:12:11:11:2:11:4:5:13:4:7:12:3:12:12:6:12:8:3:4:4:7:9:5:4:13:13:11:2:8:4:3:11:2:11:2:7:9:0:15:15:10:3:1:1:13:10:12:11:2:9:15:11:15:12:11:10:10:12:15:4:11:12:6:8:15:15:2:15:10:9:11:2:11:15:9:15:12:13:12:15:9:6:6:3:11:11:9:12:15:12:12:15:13:0:15:11:8:11:15:6:7:14:7:14:12:14:12:11:5:16:9:7:15:7:14:12:6:3:8:3:6:13:9:11:13:4:15:0:14:16:12:14:8:13:15:12:3:7:12:16:15:10:15:15:8:2:14:9:6:13:10:13:16:2:14:16:15:12:9:13:1:7:13:15:13:16:14:5:4:14:13:16:7:14:14:11:10:0:10:14:16:5:16:2:16:10:4:9:9:2:10:11:6:9:8:8:7:6:16:14:7:16:15:13:0:16:14:13:15:15:10:16:10:16:14:12:14:13:16:14:16:3:5:8:10:15:6:0:5:16:14:10:11:8:6:14:16:9:13:15:11:1:0:14:6:9:10:16:13:11:12:15:14:16:5:8:16:8:1:14:7:2:5:13:11:18:11:7:18:18:18:11:3:11:18:2:18:12:8:16:5:7:8:9:16:8:1:12:12:10:0:11:11:14:8:16:8:13:18:11:6:9:18:3:19:3:10:8:19:4:16:13:14:19:18:14:4:1:19:11:13:6:14:4:18:6:1:13:18:11:16:19:19:11:9:15:8:19:1:13:2:14:19:11:13:15:19:19:10:7:2:14:12:14:19:0:13:19:18:16:20:17:20:10:5:11:9:14:20:19:10:5:20:18:11:20:19:17:9:7:18:16:19:6:14:15:3:8:17:10:14:20:18:9:4:15:19:15:20:8:6:18:20:5:17:20:19:16:18:10:18:20:19:13:4:2:8:14:10:17:8:4:1:20:20:18:19:2:17:17:19:20:17:11:20:17:14:20:17:16:20:14:20:20:5:20:20:18:20:17:10:14:19:18:3:16:10:5:15:3:19:20:16:16:8:12:18:17:7:17:3:18:15:3:16:16:17:17:18:22:18:10:22:17:9:15:22:19:19:17:22:7:17:22:20:22:19:17:8:18:19:19:11:17:18:2:16:20:22:8:17:1:20:19:20:17:14:19:19:3:20:5:18:12:22:19:22:18:17:15:1:18:22:22:22:26:22:0:12:5:26:26:18:17:13:16:18:12:3:20:16:18:26:17:19:22:22:13:22:20:26:4:26:7:26:26:20:19:20:20:9:7:26:15:19:19:26:26:17:21:12:12:10:21:20:22:19:21:21:27:18:7:27:27:27:21:21:20:21:26:21:21:20:20:17:27:27:26:18:21:21:16:21:22:19:13:26:26:17:21:26:21:26:20:27:21:21:21:21:7:27:16:24:26:24:21:24:24:31:24:10:24:27:31:10:24:24:22:7:31:27:24:31:31:27:24:27:31:24:31:26:24:22:9:0:24:31:22:3:31:1:31:8:24:8:31:27:26:31:27:27:21
#2022-10-12 09:33:22
