#date,problem,instance,method,rand_seed,target,use_target,objective,time_limit,nb_max_iterations,initialization,nb_iter_local_search,max_time_local_search,local_search,adaptive,window_size,coeff_exploi_explo,simulation,O_time,P_time
#2022-10-12 09:45:19,wvcp,le450_15d,local_search,4,0,false,reached,3600,9223372036854775807,constrained,9000000000000000000,3600,tabu_weight,pursuit,50,1,always_ls,0,0.02
turn,time,nb_colors,penalty,score,solution
0,0,34,0,363,0:0:0:1:1:1:1:2:2:1:0:1:2:0:0:3:1:3:1:2:1:0:0:3:3:2:4:4:3:2:4:3:2:2:3:2:0:0:2:4:2:5:4:5:5:5:6:4:3:5:1:6:7:7:8:8:7:8:6:6:9:9:8:9:8:0:1:0:4:0:7:3:7:2:7:8:7:9:5:6:6:6:10:4:10:0:3:9:5:7:6:3:6:2:3:4:3:11:10:5:11:9:8:6:8:11:10:2:5:1:11:5:12:12:9:1:12:12:9:12:10:6:7:12:4:0:6:12:12:9:10:12:7:11:5:1:11:6:10:8:12:3:10:13:13:14:15:5:8:15:10:9:14:13:10:15:6:11:15:4:4:11:0:8:9:14:13:15:10:16:17:17:9:14:16:13:16:14:17:14:17:12:16:13:13:16:17:17:9:4:7:12:11:1:11:16:18:18:9:8:19:16:13:16:16:9:19:13:18:0:15:19:3:19:15:9:15:19:17:13:13:14:2:13:17:10:16:0:19:15:19:15:8:19:16:19:3:20:14:13:19:18:20:17:20:12:11:14:15:7:21:19:10:10:20:21:0:21:19:9:16:21:18:21:15:20:18:22:23:22:22:22:23:23:8:22:24:23:24:16:12:7:23:24:16:22:24:20:23:24:23:24:12:1:17:21:21:25:25:25:23:11:22:26:26:26:26:22:24:3:21:26:25:26:25:20:11:14:25:20:18:10:23:24:12:27:26:18:27:21:25:16:26:23:25:27:2:18:12:25:11:10:25:19:28:18:25:28:28:18:2:2:5:28:12:24:21:27:5:0:3:1:19:9:0:29:28:29:27:29:16:26:23:14:27:28:28:20:29:5:28:14:21:17:28:2:7:17:17:7:23:14:30:24:30:22:29:30:21:29:28:26:28:30:19:29:25:8:7:6:24:30:14:21:21:30:21:10:28:18:4:1:11:11:30:23:15:31:32:32:27:31:32:23:31:26:32:1:33:18:22:33:27:22:31:31:26:9:20:29
348,0,34,0,362,0:0:0:1:1:1:1:2:2:1:0:1:2:0:0:3:1:3:1:2:1:0:2:3:3:2:4:4:3:2:3:3:2:2:3:2:0:0:2:4:2:5:4:5:5:5:6:4:3:5:1:6:7:7:8:8:7:8:6:6:9:9:8:9:8:0:2:0:4:7:7:2:6:2:7:8:7:9:5:6:6:6:10:4:10:0:3:9:5:7:2:1:6:8:9:9:3:11:10:5:11:9:8:6:8:11:10:2:2:1:11:5:12:12:9:1:8:12:9:12:9:0:6:0:4:0:6:12:12:9:10:12:5:11:5:1:11:6:10:8:12:8:9:13:13:14:15:5:8:15:10:9:14:13:4:15:6:11:15:4:12:14:0:10:7:7:13:14:15:16:17:17:9:12:16:13:16:14:10:14:10:12:16:13:13:16:17:17:7:4:7:12:11:1:11:16:18:18:9:8:19:16:17:16:16:10:19:13:17:0:10:10:16:9:15:9:15:19:17:13:13:19:2:13:17:18:16:14:19:15:19:13:4:19:16:12:11:20:14:13:19:7:20:17:20:12:11:14:15:7:21:15:14:18:20:18:0:21:4:15:16:0:3:22:15:20:18:22:23:22:22:22:23:23:18:22:24:23:11:16:24:19:23:21:23:22:20:20:6:24:23:24:14:17:17:21:8:25:25:25:23:11:22:26:3:26:26:22:24:3:21:18:25:10:7:25:21:24:25:20:18:11:18:5:26:27:26:18:27:21:25:16:21:23:17:27:2:23:24:20:21:26:6:19:0:18:25:26:26:17:2:2:5:3:12:3:20:16:5:17:22:25:7:3:11:29:28:29:27:24:27:26:20:23:26:28:28:28:29:5:26:8:21:11:21:14:3:15:19:14:11:17:30:24:30:22:25:30:21:29:28:21:28:29:19:29:30:8:7:13:24:30:29:29:28:21:24:10:27:18:14:1:21:28:15:30:27:33:32:32:27:13:32:31:32:1:31:1:33:27:22:20:30:32:31:25:33:29:19:33
520,0,33,0,361,0:0:0:1:1:1:1:2:2:1:0:1:2:0:0:3:1:3:1:2:1:0:2:3:3:2:4:4:3:2:3:3:2:2:3:4:0:0:2:4:2:5:4:5:5:5:6:4:3:5:1:6:7:7:8:8:6:8:6:6:9:9:8:9:8:0:2:3:4:7:7:2:6:2:7:8:7:9:5:6:6:6:10:4:7:0:3:9:4:7:2:1:1:8:9:9:3:11:10:5:11:9:8:6:8:11:10:2:2:1:11:5:12:12:9:1:8:12:9:12:7:11:4:0:4:0:6:12:12:9:10:12:4:11:5:1:11:6:10:3:8:3:9:13:13:14:15:5:8:15:10:9:14:13:4:3:6:11:15:4:12:7:0:10:5:5:15:14:13:16:17:17:9:12:16:13:16:14:10:14:10:12:16:13:13:16:17:17:7:0:7:12:11:1:14:13:18:18:9:8:19:16:14:16:16:10:6:14:5:0:16:19:11:0:15:9:15:19:17:13:13:19:10:13:17:12:16:14:19:8:11:15:4:19:7:18:4:20:14:13:19:7:20:5:20:12:11:14:15:21:21:15:19:18:20:18:13:21:19:15:4:14:21:22:15:20:18:22:23:22:22:22:23:23:18:22:24:23:11:10:24:7:12:21:23:22:24:20:6:24:23:24:14:1:17:4:24:25:25:25:23:11:25:26:3:26:26:22:24:26:21:23:25:10:7:25:21:24:25:20:18:20:22:5:16:27:26:18:27:21:25:16:19:27:17:4:2:23:25:3:6:21:1:19:0:18:5:26:26:17:2:2:23:12:9:14:20:16:24:27:25:8:16:26:24:29:28:29:27:24:4:28:20:18:28:20:23:28:29:5:26:8:21:11:21:26:18:17:26:6:11:11:30:24:30:22:25:30:21:29:28:21:28:29:20:29:30:8:7:13:24:17:28:16:25:12:27:10:17:18:14:29:10:23:25:23:3:31:24:32:27:13:32:31:2:1:27:31:17:27:22:23:30:32:29:19:31:32:17:23
1072,0,33,0,360,0:0:0:1:1:1:1:2:2:3:0:1:2:0:0:3:1:3:1:2:1:1:3:3:3:2:4:4:3:2:3:3:2:2:3:4:0:0:2:4:3:5:4:5:5:5:6:4:3:5:4:6:7:7:8:8:6:8:6:6:9:9:2:2:7:0:1:7:4:7:7:3:6:2:7:8:7:9:5:6:6:6:10:4:10:0:3:9:5:7:5:1:6:8:9:9:3:11:10:5:11:9:8:6:8:11:10:2:2:1:11:5:12:12:9:8:0:12:9:12:10:8:6:0:4:0:6:12:12:9:10:12:4:11:5:1:11:6:10:11:12:2:9:13:13:14:15:5:8:8:10:9:14:13:4:3:6:11:15:4:1:3:1:11:7:9:0:15:10:16:17:17:9:12:16:12:16:14:10:14:10:12:16:13:13:16:17:17:14:0:7:15:11:1:1:2:18:18:9:8:19:16:2:16:16:10:6:14:17:2:10:19:10:12:15:9:8:19:17:13:13:19:2:13:17:18:3:0:19:8:3:15:4:8:8:18:3:20:14:13:19:7:19:5:20:12:11:19:15:20:21:19:19:18:17:18:13:0:12:0:4:16:15:22:5:20:18:22:18:22:22:22:23:13:18:21:24:23:24:21:24:7:23:21:23:17:7:17:6:24:24:24:14:17:17:5:4:15:19:25:23:11:22:26:3:26:26:22:24:26:21:26:25:26:7:25:21:23:1:21:18:10:22:21:5:15:26:22:20:21:21:22:21:23:17:4:2:24:13:13:13:25:13:27:0:25:5:14:26:24:25:16:23:20:4:14:27:8:24:23:26:20:9:23:22:25:28:29:27:16:25:26:20:28:27:29:28:28:29:29:26:10:25:11:18:28:7:14:29:10:16:29:30:24:30:11:25:30:18:27:28:16:17:30:29:29:30:29:29:14:23:25:28:12:15:21:27:10:20:22:28:24:10:14:10:26:25:31:24:32:27:31:32:32:31:1:31:17:17:32:16:20:28:28:31:26:4:1:19:25
1149,0,33,0,359,0:0:0:1:1:1:1:2:2:3:0:1:2:0:0:3:1:3:1:2:1:1:3:3:3:2:4:4:3:2:3:3:2:2:3:4:0:0:2:4:3:5:4:5:5:5:6:4:3:5:4:6:7:7:8:8:6:8:6:6:9:9:2:2:7:0:6:7:4:7:7:3:6:2:7:8:7:9:5:6:6:6:10:4:10:0:3:9:5:7:5:1:6:8:9:9:3:11:10:5:11:9:8:6:8:11:10:2:2:10:11:5:12:12:9:8:0:3:9:12:10:12:2:0:4:0:6:12:12:9:10:12:4:11:5:1:11:6:10:11:12:8:6:13:13:14:15:5:8:8:10:9:14:13:4:3:6:11:15:4:1:3:1:11:7:9:0:15:10:16:17:17:9:12:16:12:16:14:10:14:10:12:16:13:13:16:17:17:14:0:7:15:13:1:8:2:18:18:9:8:19:16:2:16:16:10:6:14:15:0:11:19:17:12:15:9:8:19:17:13:13:19:2:13:17:18:3:0:19:8:19:15:4:8:8:12:3:20:14:13:19:7:19:5:20:12:11:14:15:20:21:19:19:18:17:18:13:0:12:0:16:16:18:22:5:20:18:22:18:22:22:22:23:13:18:21:24:14:24:21:24:7:23:21:23:17:17:17:6:24:24:24:14:17:20:14:2:15:19:25:23:11:22:26:3:26:26:22:24:15:21:26:4:26:7:25:21:23:1:21:18:10:14:5:1:15:26:22:20:21:21:22:21:23:17:4:2:24:13:13:13:25:22:19:0:25:5:14:26:24:25:16:23:4:12:14:20:8:24:23:1:11:9:26:10:25:28:29:27:16:25:26:21:23:27:29:19:28:29:29:26:10:25:11:18:23:29:14:10:10:20:29:30:24:30:11:25:30:18:27:28:16:17:30:29:29:30:29:29:14:23:30:27:21:15:21:27:27:20:29:28:24:22:14:10:26:25:31:24:32:30:32:32:30:31:1:31:31:17:27:16:28:27:28:16:32:4:7:19:31
1276,0,33,0,358,0:0:0:1:1:1:1:2:2:3:0:1:2:0:0:3:1:3:1:2:1:1:3:3:3:2:4:4:3:2:3:3:2:2:3:4:0:0:2:4:0:5:4:5:5:5:6:4:3:5:1:6:7:7:8:8:6:8:6:6:9:9:2:2:7:0:6:7:4:8:7:3:6:1:7:8:7:9:5:6:6:6:10:4:10:9:3:9:5:7:7:1:1:8:9:9:3:11:10:5:11:9:8:6:8:11:10:2:2:10:11:5:12:12:9:8:0:10:9:12:10:12:1:0:4:0:6:12:12:9:10:12:4:11:5:1:11:6:10:11:12:3:6:13:13:14:15:5:8:8:10:9:14:2:4:3:6:11:15:4:1:3:1:11:5:9:0:13:5:16:17:17:9:12:16:12:16:14:10:14:10:12:16:13:13:16:17:17:14:0:7:15:13:2:10:2:18:18:9:8:19:16:2:16:16:9:6:16:15:0:19:19:17:9:15:9:8:19:17:13:13:19:2:13:17:18:16:0:12:8:3:15:4:8:7:12:19:20:14:13:19:7:19:5:20:12:11:14:15:21:21:19:13:18:17:18:13:0:12:9:16:16:18:22:5:20:18:22:18:22:22:22:23:13:18:21:24:14:24:23:24:7:20:21:23:17:17:17:23:15:23:24:12:17:20:6:2:15:19:25:23:11:25:26:3:26:26:22:26:15:21:18:4:26:7:25:13:21:1:6:22:22:14:24:4:15:26:22:20:21:21:16:19:23:17:20:2:24:20:20:13:25:20:19:0:25:5:14:26:24:25:16:6:4:12:14:20:1:24:20:1:1:19:21:22:25:28:27:20:16:25:26:21:28:27:21:19:28:23:28:27:24:25:11:23:23:21:7:26:7:23:24:15:23:30:11:25:30:25:27:28:30:27:30:29:29:30:29:16:14:24:15:14:21:24:30:27:27:28:22:28:1:30:19:29:11:29:31:24:32:30:32:32:31:31:1:32:31:17:27:26:28:25:22:5:31:27:7:19:10
2418,0,33,0,357,0:0:0:1:1:1:3:2:2:3:0:1:2:2:0:3:1:3:1:2:1:1:2:3:3:2:4:4:3:2:4:3:2:2:3:4:0:0:2:4:3:5:4:5:5:5:6:4:3:4:1:6:7:7:8:8:9:8:6:6:9:9:2:2:7:0:6:0:4:7:7:9:6:1:7:8:7:9:5:6:6:6:10:4:10:0:3:9:4:5:5:1:1:8:9:6:0:11:10:5:5:9:8:6:4:11:10:2:10:10:11:5:12:12:9:1:0:10:9:12:10:0:11:0:4:0:6:12:12:9:10:12:4:11:12:1:11:8:6:10:12:8:1:13:13:14:15:5:8:8:10:9:14:2:4:3:6:11:15:4:1:3:0:8:5:12:0:7:5:16:17:17:9:12:16:12:17:14:10:14:10:7:16:13:15:16:14:17:17:15:7:7:1:0:10:7:18:18:9:8:19:16:2:16:14:6:6:16:17:1:16:17:17:7:15:9:8:9:17:13:13:19:2:5:17:12:3:0:19:8:19:15:4:8:16:7:14:20:14:13:19:7:19:5:20:12:11:19:15:14:19:20:13:18:17:9:13:13:12:18:6:0:18:21:5:20:13:14:18:22:21:22:23:13:18:21:24:14:8:23:22:7:9:21:1:14:3:19:6:20:23:24:19:11:18:16:24:15:24:25:23:11:25:26:22:26:26:21:26:24:21:25:4:26:7:25:15:14:1:6:23:10:16:26:15:15:26:21:20:26:15:12:22:16:21:25:2:19:13:1:9:7:1:19:0:18:18:17:21:11:19:22:5:12:4:25:20:8:15:21:24:24:16:0:12:25:28:28:16:27:28:26:27:23:27:24:28:28:16:28:26:14:26:11:25:23:4:24:23:14:18:22:15:23:30:11:29:16:18:27:29:27:28:30:20:29:30:8:23:30:23:15:30:26:24:29:27:29:29:13:30:30:29:1:11:21:25:20:24:30:31:31:16:31:32:1:22:21:27:32:28:32:29:21:22:22:26:1:19:32
2585,0,32,0,356,0:0:0:1:1:1:1:2:2:3:0:1:2:2:0:3:1:3:1:2:1:1:2:3:3:2:4:4:3:2:4:3:2:2:3:4:3:0:2:4:3:5:4:5:5:5:6:4:3:4:1:6:7:7:8:8:9:8:6:6:9:9:2:5:7:0:6:0:4:7:7:9:6:1:7:8:7:9:5:6:6:6:10:4:10:0:3:9:4:7:2:3:6:8:9:10:0:11:10:5:5:9:8:6:4:11:10:2:10:10:11:5:12:12:3:1:0:10:9:12:10:0:4:0:4:0:6:12:12:9:10:12:4:2:12:1:11:8:6:10:12:8:1:13:13:14:15:5:8:8:10:14:14:2:4:3:6:11:15:4:2:3:0:8:5:5:0:13:3:16:17:17:9:12:16:12:17:14:12:14:10:7:16:13:15:16:14:17:17:15:7:13:11:1:10:7:18:18:9:8:19:16:14:16:14:6:11:16:16:2:16:17:17:0:15:9:8:9:17:13:13:19:2:5:17:12:15:0:19:8:19:15:4:8:8:19:8:20:14:13:19:7:19:15:20:12:11:19:15:14:19:20:13:18:17:9:4:13:12:0:6:0:18:21:5:20:13:14:18:7:24:22:23:13:18:21:24:14:8:23:22:7:9:21:1:17:4:19:23:20:23:3:17:17:16:8:15:15:24:25:23:11:25:26:22:26:26:21:26:24:21:25:4:26:24:25:15:14:1:20:23:10:11:26:5:15:21:22:20:26:24:12:22:16:21:25:2:19:13:1:17:7:25:19:0:18:26:17:21:11:23:22:5:12:4:14:20:8:26:25:20:24:24:13:12:25:28:28:16:27:28:26:22:27:18:24:28:27:16:28:18:14:28:11:25:1:4:7:21:13:20:26:15:23:27:11:29:29:23:21:30:27:17:30:20:29:29:8:23:30:23:15:27:21:24:28:27:29:29:10:30:29:29:19:3:20:30:20:24:27:31:31:31:30:30:1:22:21:27:9:28:20:29:31:22:7:21:30:17:29
2641,0,31,0,355,0:0:0:1:1:1:1:2:2:3:0:1:2:1:0:3:1:3:1:2:1:1:3:3:3:2:4:4:3:2:4:3:2:2:3:4:3:0:2:4:3:5:4:5:5:5:6:4:3:4:1:6:7:7:8:8:9:8:6:6:9:9:2:5:7:0:6:0:4:7:7:9:6:1:7:8:7:9:5:6:6:6:10:4:7:0:3:9:4:7:7:3:6:8:9:10:0:11:10:5:5:9:8:6:4:11:10:2:10:10:11:5:12:12:3:1:0:10:9:12:10:0:11:0:4:0:6:12:12:9:10:12:4:2:12:1:11:7:6:10:12:8:11:13:13:14:15:5:8:8:10:14:14:2:4:3:6:11:15:4:2:3:0:8:5:5:0:4:3:16:17:17:9:12:16:12:17:14:12:14:10:7:16:13:15:16:14:17:17:15:7:13:11:1:10:16:18:18:9:8:19:16:14:16:14:6:11:16:16:3:11:17:11:0:15:9:8:9:17:13:13:19:2:5:17:12:15:0:19:8:19:15:4:8:8:19:8:20:14:13:19:7:19:5:20:12:11:19:15:14:19:20:13:10:17:9:4:13:12:0:6:18:18:21:5:20:13:14:18:7:24:22:23:13:18:23:24:14:11:23:22:22:9:21:1:17:4:19:23:22:23:3:17:17:16:5:10:15:24:25:23:11:26:26:22:26:26:21:26:16:21:25:4:26:24:25:15:14:1:20:18:10:14:26:5:15:21:22:20:26:24:12:22:16:21:25:2:19:13:12:17:14:7:19:0:18:18:17:21:11:23:22:5:12:4:14:20:8:26:16:0:20:24:25:25:25:28:28:16:27:28:26:22:18:18:24:28:27:16:28:18:14:28:11:23:1:4:11:21:9:20:28:15:23:27:24:29:29:23:21:30:27:17:30:20:29:29:8:23:30:23:25:27:21:30:19:22:29:27:10:30:29:29:19:15:20:1:20:24:27:29:27:25:30:30:1:22:21:27:9:28:20:29:28:22:25:21:30:17:29
2725,0,31,0,354,0:0:0:1:1:1:1:2:2:3:0:1:2:1:0:3:1:3:1:2:1:1:3:3:3:2:4:4:3:2:4:3:2:2:3:4:3:0:2:4:3:5:4:5:5:5:6:4:3:4:1:6:7:7:8:8:9:8:6:6:9:9:2:5:7:0:6:0:4:7:7:9:6:1:7:8:7:9:5:6:6:6:10:4:7:0:3:9:4:7:5:3:6:8:9:10:3:11:10:5:11:9:8:6:8:11:10:2:10:10:11:5:12:12:3:1:0:10:9:12:8:6:11:0:4:0:6:12:12:9:10:12:4:2:12:1:11:7:6:10:12:8:7:13:13:14:15:5:8:8:10:14:14:2:4:3:6:11:15:4:2:3:0:8:5:5:0:4:14:16:17:17:9:12:16:12:17:14:12:14:10:7:16:13:15:16:14:17:16:15:7:13:11:0:9:0:18:18:9:8:19:16:14:19:16:6:11:14:16:3:10:13:11:17:15:9:8:9:17:13:13:19:2:5:17:12:15:0:19:8:11:15:4:8:8:18:11:20:14:13:13:7:19:5:20:12:11:19:15:14:19:20:13:10:19:9:2:13:12:0:6:18:18:21:5:20:13:14:18:7:24:22:23:13:18:21:24:14:11:23:24:7:9:21:3:17:4:19:23:22:23:10:19:17:23:5:10:15:24:25:23:11:26:26:26:26:26:21:26:24:21:25:4:23:24:25:15:14:24:20:18:10:21:26:5:15:21:22:20:26:24:12:22:16:21:25:5:2:16:12:17:7:25:19:6:18:18:17:21:18:23:22:5:12:4:14:20:8:26:23:1:7:25:9:12:25:28:28:16:22:28:26:22:18:18:24:28:28:16:28:18:14:26:17:23:1:4:11:23:9:1:22:30:23:28:24:29:29:23:21:30:27:17:30:20:29:29:8:23:30:23:25:27:21:24:28:22:29:28:10:25:29:29:19:15:19:20:20:24:27:25:27:25:30:22:1:22:21:27:9:28:20:29:26:22:25:21:30:16:29
2875,0,31,0,353,0:0:0:1:1:1:1:2:2:3:0:1:2:1:0:3:1:3:1:2:1:1:3:3:3:2:4:4:3:2:4:3:2:2:3:4:3:0:2:4:3:5:4:5:5:5:6:4:3:4:1:6:7:7:8:8:9:8:6:6:9:9:2:5:7:0:6:4:4:7:7:7:6:9:7:8:7:9:5:6:6:6:10:4:7:0:3:9:4:5:5:3:3:8:9:10:2:11:10:0:11:9:8:6:8:11:10:2:10:10:11:5:12:12:3:1:0:10:9:12:9:6:6:0:4:0:6:12:12:9:10:12:4:2:12:1:10:7:6:10:12:8:7:13:13:14:15:5:8:8:10:14:14:2:4:3:6:11:15:4:2:3:0:8:5:10:0:7:15:16:17:17:9:12:16:12:17:14:12:14:10:7:16:13:15:16:14:17:16:15:7:13:11:1:9:0:18:18:9:8:19:16:2:19:16:6:11:13:16:3:10:19:16:16:15:9:8:9:17:13:13:19:2:5:2:12:15:0:19:1:19:15:4:16:19:18:11:20:17:13:19:7:19:5:20:12:11:19:17:14:19:20:13:10:19:19:2:13:9:0:6:18:17:21:5:20:13:14:18:7:24:22:23:22:18:21:24:14:11:23:24:7:9:21:3:17:4:19:23:22:22:10:19:1:20:7:10:15:24:25:15:11:25:26:17:26:26:21:26:24:21:25:4:23:24:25:15:8:24:23:18:10:18:5:7:15:21:19:20:26:24:12:22:15:21:0:5:22:20:12:9:26:6:19:6:18:18:17:21:18:23:16:15:12:4:25:20:8:26:22:4:20:24:23:16:25:28:28:16:18:4:26:22:18:18:24:28:28:23:28:26:14:26:11:11:1:23:10:17:17:28:25:30:23:30:24:29:29:30:21:30:30:28:30:20:26:29:8:23:16:23:25:25:26:24:28:22:29:28:29:28:29:29:16:30:20:14:20:24:27:25:27:14:23:22:1:22:21:27:22:28:27:25:26:16:7:4:11:16:29
2967,0,31,0,351,0:0:0:1:1:1:1:2:2:3:0:1:2:1:0:3:1:3:1:2:1:1:3:3:3:2:4:4:3:2:4:3:2:2:3:4:3:0:2:2:3:5:4:5:5:5:6:4:3:4:1:6:7:7:8:8:9:8:6:6:9:9:2:5:7:0:6:4:4:7:7:9:6:1:7:8:7:9:5:6:6:6:10:4:7:0:3:9:4:5:5:1:3:8:9:10:9:11:10:0:11:9:8:6:8:11:10:2:10:10:11:5:12:12:3:1:8:3:9:12:9:6:4:0:4:0:6:12:12:9:10:12:4:2:12:1:10:7:6:10:12:8:1:13:13:14:15:5:8:8:10:14:14:2:4:3:6:11:15:4:2:3:0:8:5:5:13:13:7:16:17:17:9:12:16:12:17:14:12:14:10:7:16:17:15:16:14:17:16:15:7:13:0:1:9:7:18:18:9:8:19:16:2:19:16:6:11:13:16:5:10:19:16:16:15:9:8:9:17:13:13:19:2:5:2:12:3:0:19:1:11:15:4:16:19:12:3:20:17:13:19:7:19:5:20:12:11:19:17:14:19:3:13:10:19:19:2:13:9:0:6:18:17:21:5:20:13:14:18:7:21:21:23:13:18:21:24:14:11:23:24:7:9:21:3:17:4:19:1:23:14:10:21:17:24:16:14:15:24:25:15:11:26:26:17:26:26:21:11:15:21:25:4:23:24:17:15:8:1:23:18:10:24:5:11:15:21:19:20:26:24:12:26:22:17:0:5:22:12:12:14:11:1:19:6:18:26:17:21:18:23:16:5:4:13:25:20:8:26:22:24:7:16:5:20:25:28:28:16:22:4:26:20:23:18:24:28:28:23:28:18:14:26:11:11:1:4:11:23:6:20:25:30:23:30:24:29:29:30:21:30:30:28:30:20:26:30:8:23:16:23:25:25:26:24:28:22:29:28:29:28:29:30:14:29:22:1:20:24:27:15:27:14:27:22:3:22:21:27:22:28:27:25:28:16:7:4:21:8:29
3092,0,31,0,349,0:0:0:1:1:1:1:2:2:1:0:1:2:1:0:3:1:3:1:2:1:1:3:3:3:2:4:4:3:2:4:3:2:2:3:4:3:0:2:4:3:5:4:5:5:5:6:4:3:4:1:6:7:7:8:8:9:8:6:6:9:9:2:5:7:0:6:4:4:7:7:9:6:1:7:8:7:9:5:6:6:6:10:4:7:0:3:9:4:5:7:1:3:8:9:6:0:11:10:0:11:9:8:6:8:11:10:2:10:10:11:5:12:12:3:1:8:3:9:12:8:6:4:0:4:0:6:12:12:9:10:6:4:2:12:1:10:7:10:10:12:2:10:13:13:14:15:5:8:8:10:14:14:2:4:3:6:11:15:12:2:3:0:8:5:5:0:13:14:16:17:17:9:12:16:12:17:14:12:14:10:7:16:17:15:16:14:17:16:15:7:13:2:1:9:11:18:18:9:8:19:16:2:19:16:6:11:13:16:2:10:17:13:16:15:9:8:9:17:13:0:19:2:5:2:12:3:0:19:1:3:15:4:16:19:16:8:20:14:13:19:7:19:5:20:12:11:19:17:14:19:3:13:10:19:9:2:13:12:0:6:17:17:21:5:20:13:14:18:7:21:21:23:13:18:24:24:14:11:23:24:19:9:21:3:17:4:20:1:20:14:10:19:17:4:17:13:15:24:25:15:11:26:26:17:26:26:21:11:15:21:25:4:23:24:17:25:8:24:18:18:23:24:5:7:15:21:19:20:26:24:12:26:26:17:0:5:15:16:25:20:11:12:19:6:18:26:17:21:18:23:16:15:4:13:14:20:8:26:10:20:1:16:11:16:25:28:28:16:22:4:13:22:23:18:24:28:28:23:28:26:14:26:11:18:26:23:11:21:6:28:23:30:23:30:24:29:29:18:21:30:30:28:30:20:26:10:8:16:16:23:15:25:26:24:30:22:29:20:25:28:29:29:18:30:25:15:20:24:27:30:27:13:13:22:22:22:21:27:22:28:20:29:28:16:7:4:22:8:24
4504,0,31,0,348,0:0:0:1:1:1:1:2:2:3:0:1:2:1:0:3:1:3:1:2:1:0:2:3:3:2:4:4:3:2:3:3:2:2:3:4:3:0:2:4:0:5:4:5:5:5:6:4:3:4:4:6:7:7:8:8:9:8:6:6:9:9:2:5:7:0:6:3:4:7:7:7:6:1:7:10:7:9:5:6:6:6:10:4:7:0:3:9:4:7:5:1:6:0:0:10:2:11:10:0:11:9:8:6:8:11:10:2:2:12:11:5:12:12:9:1:8:10:9:12:10:11:4:0:4:0:6:12:12:9:10:6:7:2:12:1:11:8:10:3:8:10:11:13:13:14:15:5:5:8:9:14:14:2:4:3:6:11:15:12:1:3:1:4:5:9:15:13:7:16:17:17:9:12:16:12:17:14:12:13:10:14:16:17:13:16:16:15:16:15:7:13:11:1:0:17:18:18:9:8:19:16:2:18:14:10:11:13:15:8:8:18:11:19:15:9:8:9:16:13:19:15:2:17:2:10:18:0:19:19:3:15:4:10:16:19:4:18:17:13:19:7:19:5:20:12:11:19:17:20:16:19:14:10:10:9:18:8:6:18:16:18:15:21:5:20:13:14:23:7:24:21:23:13:19:10:24:23:11:23:24:7:9:14:23:18:3:3:1:4:23:24:21:1:3:4:15:15:25:25:14:11:24:16:20:26:26:21:24:15:10:10:25:23:26:17:1:8:21:14:24:25:21:24:21:15:14:19:20:26:26:12:1:16:17:24:2:19:12:11:17:17:21:19:24:18:23:17:4:5:23:13:13:20:21:17:25:20:24:16:20:19:25:11:12:25:22:22:14:22:26:26:22:23:20:25:22:20:22:18:24:16:24:9:21:26:7:4:17:20:22:20:28:30:28:30:0:29:30:15:28:30:30:28:23:29:29:8:29:21:18:15:21:26:30:29:30:18:22:21:25:25:28:22:16:28:29:20:27:27:29:29:13:13:27:28:22:18:20:23:22:23:28:22:17:27:13:25:8:29
4969,0,31,0,347,0:0:0:1:1:1:1:2:2:3:0:1:2:1:0:3:1:3:1:2:1:0:2:3:3:2:4:4:3:2:3:3:2:2:3:4:3:0:2:4:0:5:4:5:5:5:6:4:3:4:4:6:7:7:8:8:9:8:6:6:9:9:2:2:7:0:6:3:4:7:7:9:6:1:7:10:7:9:1:6:6:6:10:4:7:0:3:9:4:5:5:1:6:0:0:6:2:11:10:0:11:9:8:6:4:11:10:2:2:12:11:5:12:12:9:1:0:10:10:12:10:6:2:0:4:0:6:12:12:9:10:6:7:11:12:1:11:8:10:3:12:2:6:13:13:14:15:5:5:5:9:14:8:2:4:3:6:11:15:12:1:3:1:3:5:9:8:7:8:16:17:17:9:12:16:12:17:14:12:13:10:15:0:17:13:16:16:17:16:13:7:13:11:1:14:0:18:18:9:8:19:16:2:18:14:16:11:13:16:2:8:19:11:8:15:9:8:9:17:13:19:15:2:5:2:10:15:0:19:10:3:15:4:10:16:7:4:18:17:13:19:7:19:5:20:12:20:19:17:20:16:19:14:10:3:9:18:12:12:18:6:8:18:21:5:20:13:21:23:7:21:21:23:13:19:10:24:17:11:23:24:7:9:14:23:18:13:3:1:4:23:8:21:17:1:23:11:15:19:24:14:11:24:16:20:26:26:21:14:3:10:16:7:23:26:17:20:8:21:24:24:19:20:20:17:15:14:19:20:26:24:21:19:16:17:0:5:18:12:25:11:7:6:19:24:18:23:17:4:5:23:13:13:3:21:25:26:1:5:14:4:23:16:5:14:25:22:22:14:22:26:6:5:23:22:25:26:14:25:18:24:10:20:17:11:1:7:17:24:10:18:20:28:30:28:21:0:22:30:15:28:28:30:28:23:29:29:29:21:21:8:28:14:26:17:28:30:18:22:25:24:22:28:19:18:28:25:20:27:27:30:29:16:26:27:22:27:20:20:29:28:30:15:26:30:25:27:14:17:24
4970,0,31,0,346,0:0:0:1:1:1:1:2:2:3:0:1:2:1:0:3:1:3:1:2:1:0:2:3:3:2:4:4:3:2:3:3:2:2:3:4:3:0:2:4:0:5:4:5:5:5:6:4:3:4:4:6:7:7:8:8:9:8:6:6:9:9:2:2:7:0:6:3:4:7:7:9:6:1:7:10:7:9:1:6:6:6:10:4:7:0:3:9:4:5:5:1:6:0:0:6:2:11:10:0:11:9:8:6:4:11:10:2:2:12:11:5:12:12:9:1:0:10:10:12:10:6:2:0:4:0:6:12:12:9:10:6:7:11:12:1:11:8:10:3:12:2:6:13:13:14:15:5:5:5:9:14:8:2:4:3:6:11:15:12:1:3:1:3:5:9:8:7:8:16:17:17:9:12:16:12:17:14:12:13:10:15:0:17:13:16:16:17:16:13:7:13:11:1:14:0:18:18:9:8:19:16:2:18:14:16:11:13:16:2:8:19:11:8:15:9:8:9:17:13:19:15:2:5:2:10:15:0:19:10:3:15:4:10:16:7:4:18:17:13:19:7:19:5:20:12:20:19:17:20:16:19:14:10:3:9:18:12:12:18:6:8:18:21:5:20:13:21:23:7:21:21:23:13:19:10:24:17:11:23:24:7:9:14:23:18:13:3:1:4:23:8:21:17:1:23:11:15:19:24:14:11:24:16:20:26:26:21:14:3:10:16:7:23:26:17:20:8:21:24:24:19:20:20:17:15:14:19:20:26:24:21:19:16:17:0:5:18:12:9:11:7:6:19:24:18:23:17:4:5:23:13:13:3:21:25:26:1:5:14:4:23:16:5:14:25:22:22:14:22:26:6:5:23:22:25:26:14:25:18:24:10:20:17:11:1:7:17:24:10:18:20:28:30:28:21:0:22:30:15:28:28:30:28:23:29:29:29:21:21:8:28:14:26:17:28:30:18:22:25:24:22:28:19:18:28:25:20:27:27:30:29:16:26:27:22:27:20:20:29:28:30:15:26:30:25:27:14:17:24
4971,0,31,0,345,0:0:0:1:1:1:1:2:2:3:0:1:2:1:0:3:1:3:1:2:1:0:2:3:3:2:4:4:3:2:3:3:2:2:3:4:3:0:2:4:0:5:4:5:5:5:6:4:3:4:4:6:7:7:8:8:9:8:6:6:9:9:2:2:7:0:6:3:4:7:7:9:6:1:7:10:7:9:1:6:6:6:10:4:7:0:3:9:4:5:5:1:6:0:0:6:2:11:10:0:11:9:8:6:4:11:10:2:2:12:11:5:12:12:9:1:0:10:10:12:10:6:2:0:4:0:6:12:12:9:10:6:7:11:12:1:11:8:10:3:12:2:6:13:13:14:15:5:5:5:9:14:8:2:4:3:6:11:15:12:1:3:1:3:5:9:8:7:8:16:17:17:9:12:16:12:17:14:12:13:10:15:0:17:13:16:16:17:16:13:7:13:11:1:14:0:18:18:9:8:19:16:2:18:14:16:11:13:16:2:8:19:11:8:15:9:8:9:17:13:19:15:2:5:2:10:15:0:19:10:3:15:4:10:16:7:4:18:17:13:19:7:19:5:20:12:20:19:17:20:16:19:14:10:3:9:18:12:12:18:6:8:18:21:5:20:13:21:23:7:21:21:23:13:19:10:24:17:11:23:24:7:9:14:23:18:13:3:1:4:23:8:21:17:1:23:11:15:19:24:14:11:24:16:20:26:26:21:14:3:10:16:7:23:26:17:20:8:21:24:24:19:20:20:17:15:14:19:20:26:24:21:19:16:17:0:5:18:12:9:11:7:6:19:24:18:23:17:4:5:23:13:13:3:21:26:26:1:5:14:4:23:16:5:14:25:22:22:14:22:26:6:5:23:22:25:26:14:25:18:24:10:20:17:11:1:7:17:24:10:18:20:28:30:28:21:0:22:30:15:28:28:30:28:23:29:29:29:21:21:8:28:14:26:17:28:30:18:22:25:24:22:28:19:18:28:25:20:27:27:30:29:16:26:27:22:27:20:20:29:28:30:15:26:30:25:27:14:17:24
5511,0,31,0,344,0:0:0:1:1:1:1:2:2:3:0:1:2:1:0:3:1:3:1:2:1:0:2:3:3:2:4:4:3:2:3:3:2:2:3:4:3:0:2:4:2:5:4:5:5:5:6:4:3:4:4:6:8:7:8:8:6:8:6:6:9:9:2:8:8:0:6:0:4:7:7:7:6:9:7:10:7:9:1:6:6:6:10:4:7:0:3:9:4:5:5:1:6:2:0:8:0:11:10:0:11:9:8:6:4:11:10:2:2:12:11:5:12:12:9:1:0:10:10:12:7:0:11:0:4:0:6:12:12:9:10:6:4:11:12:1:10:6:10:3:6:11:6:13:13:14:15:5:5:5:9:14:14:13:4:3:4:11:15:4:1:3:1:3:5:10:8:3:5:16:17:17:9:12:16:12:17:14:12:13:10:15:16:17:13:16:16:17:17:13:7:15:11:0:14:9:18:12:9:8:8:16:2:18:14:16:6:13:16:5:8:15:14:14:15:9:15:9:17:13:19:19:2:13:17:10:15:18:19:8:11:15:4:10:16:19:19:18:17:13:19:7:19:5:20:12:11:19:15:20:16:19:14:10:11:9:18:12:10:18:16:0:20:21:5:24:24:21:0:7:21:21:23:13:19:10:24:17:11:16:24:7:9:14:23:21:13:3:1:20:20:3:21:24:1:4:19:15:19:24:14:11:24:16:20:26:26:21:14:3:10:16:7:23:26:23:1:8:18:12:24:11:21:20:15:15:14:24:18:26:21:21:19:16:17:24:5:19:16:11:13:15:11:19:24:18:23:17:4:5:2:13:13:3:21:26:26:1:5:14:1:1:16:24:17:25:22:25:22:25:26:25:5:14:22:25:20:26:25:25:14:10:20:17:18:2:24:9:17:13:15:13:28:23:28:21:29:22:30:15:28:30:29:28:20:29:29:22:22:23:22:13:30:26:30:28:25:29:29:25:20:30:28:22:22:11:18:20:27:29:28:30:16:30:2:28:27:27:23:29:26:2:21:26:27:19:13:23:10:30
7413,0,30,0,343,0:0:0:1:1:1:1:2:2:3:0:1:2:1:0:3:0:3:1:2:1:1:2:3:3:2:4:4:3:2:3:3:2:2:3:4:3:0:2:4:3:5:4:5:5:5:6:4:3:4:4:6:8:7:8:8:6:8:6:6:9:9:0:8:8:8:2:3:4:7:7:2:6:2:7:10:7:9:1:6:6:7:10:4:10:0:3:9:4:5:2:1:3:2:3:10:0:11:10:0:11:9:8:6:4:12:10:2:2:12:11:5:12:12:7:1:0:0:10:12:10:11:2:0:4:0:6:12:8:9:6:11:4:2:6:1:11:7:10:10:8:2:8:13:13:14:15:5:5:5:9:13:14:0:4:7:4:11:15:4:1:3:0:3:5:14:14:4:5:16:17:17:9:12:16:12:14:14:12:13:10:12:15:17:13:16:16:17:17:8:7:13:10:0:11:2:18:18:9:8:8:16:17:16:14:16:6:13:16:5:3:9:11:12:15:9:15:9:17:13:17:11:10:5:17:10:9:17:19:10:3:13:4:13:16:12:4:18:17:13:19:7:19:5:20:12:11:19:15:20:16:19:1:10:14:9:2:10:11:0:20:13:14:21:5:24:24:19:0:7:14:21:23:11:8:20:24:23:23:16:15:7:9:14:11:21:4:20:1:20:23:3:12:11:23:4:19:15:19:24:23:11:26:16:15:26:12:21:14:10:24:16:18:26:13:18:1:17:9:6:26:12:24:1:24:15:14:26:6:17:24:3:19:7:7:0:5:18:24:11:18:14:21:20:24:18:26:17:4:5:23:13:6:1:21:20:17:1:5:10:23:8:19:9:1:25:22:25:14:25:24:26:5:23:26:25:21:22:25:9:14:23:18:17:19:23:9:13:20:7:15:26:28:30:30:28:29:29:28:30:22:19:29:21:23:20:29:22:22:19:18:21:26:16:18:22:19:30:25:29:25:25:29:22:14:20:29:20:30:19:30:29:13:28:28:26:29:24:23:26:25:28:22:22:30:23:30:25:17:29
7950,0,30,0,342,0:0:0:1:1:1:1:2:2:3:0:1:2:1:0:3:0:2:1:2:1:1:2:3:3:2:4:4:3:2:3:3:1:2:3:4:3:0:2:4:3:5:4:5:5:5:6:4:3:4:4:6:8:7:8:8:6:8:6:6:9:9:8:8:8:1:3:7:4:9:7:2:7:2:7:10:7:9:10:6:6:7:10:4:7:0:3:9:4:5:5:1:3:10:9:10:6:11:10:0:11:9:8:6:4:12:10:2:2:12:11:5:12:12:3:1:0:12:10:12:10:8:2:0:4:0:6:12:12:9:6:11:7:2:6:11:11:6:10:10:8:10:1:13:13:14:15:5:5:5:9:14:14:0:4:7:4:11:15:10:2:3:1:3:8:11:14:0:13:16:17:17:9:12:16:12:14:14:12:13:2:12:15:17:13:16:1:17:17:8:7:16:13:1:14:0:18:12:9:8:13:16:2:18:14:16:6:13:6:5:3:9:10:7:15:9:15:19:17:13:17:11:10:5:17:10:15:17:19:10:11:13:4:10:14:0:3:18:17:13:19:7:19:5:20:12:20:19:15:20:16:19:14:10:17:9:8:12:10:13:20:1:18:21:5:24:24:19:0:7:14:21:23:11:8:1:24:20:11:16:24:7:9:14:23:18:4:21:1:15:23:6:21:17:18:16:14:15:19:24:23:11:26:16:3:26:12:8:20:3:24:11:7:26:13:26:26:8:24:23:23:24:20:1:18:15:14:21:18:17:16:23:19:16:26:0:2:18:24:18:17:11:1:20:24:18:19:17:4:5:23:21:23:3:11:20:21:14:8:16:4:21:6:15:26:25:22:25:14:25:24:26:5:23:16:25:23:13:25:22:14:22:18:22:19:9:8:26:21:18:15:24:28:22:19:28:26:30:28:21:28:28:23:26:20:20:28:22:22:19:18:21:16:16:11:24:19:30:25:23:25:25:26:18:28:23:4:29:30:19:22:30:16:28:29:30:22:30:24:18:20:29:22:25:29:30:22:25:17:24
11488,1,30,0,341,0:0:0:1:1:1:1:2:2:3:0:1:2:1:0:3:0:3:1:2:1:0:3:3:3:2:4:4:3:2:3:3:1:2:3:2:3:0:2:2:2:5:4:5:5:5:6:4:3:5:4:6:8:7:8:1:7:8:3:6:9:9:6:1:8:8:3:8:4:2:7:2:6:1:7:10:7:9:10:6:6:4:10:4:8:1:3:9:4:7:5:1:3:7:10:10:2:11:10:0:11:9:8:6:4:12:10:2:2:12:11:5:12:12:3:1:11:3:10:12:10:11:7:0:4:0:6:12:9:9:8:11:4:2:12:8:10:11:10:12:12:10:10:11:15:14:15:5:5:5:9:14:14:3:8:3:6:11:15:10:1:3:0:4:5:9:14:4:9:16:17:17:9:2:16:12:14:14:12:9:16:16:16:17:13:15:13:15:9:15:7:7:10:13:10:0:18:12:9:0:13:16:15:16:16:6:13:13:16:1:17:9:11:14:11:14:10:9:16:4:17:17:1:15:2:10:15:0:20:13:3:4:13:10:16:18:6:18:17:13:16:18:19:5:20:12:15:14:14:7:19:19:17:10:14:7:4:12:2:9:13:14:0:18:5:21:23:21:0:21:5:21:2:11:8:20:24:23:19:17:23:7:18:14:24:14:7:3:2:15:20:20:20:8:1:17:5:26:24:26:23:11:23:16:21:23:12:8:20:3:26:20:4:23:7:26:23:14:23:21:13:12:24:18:26:8:21:24:6:17:26:26:19:15:23:1:1:13:8:19:6:24:15:9:24:18:8:13:4:5:23:11:26:24:0:15:19:1:5:0:23:19:16:11:2:1:25:22:14:16:22:22:25:19:21:24:19:15:15:21:14:13:18:17:18:22:21:6:22:17:25:25:22:30:22:8:23:30:28:22:28:26:25:21:19:12:30:5:20:30:30:28:25:22:20:30:24:10:6:24:4:1:30:18:19:20:2:15:29:19:30:29:11:18:29:22:29:26:26:19:21:19:17:20:29:29:6:28:17:20
12506,1,30,0,340,0:0:0:1:1:1:1:2:2:3:0:1:2:1:0:3:0:3:1:2:1:1:3:3:3:2:4:4:3:2:3:3:3:2:3:2:3:0:2:2:2:5:4:5:5:5:6:4:3:5:4:6:8:7:8:1:6:8:3:6:9:9:8:8:8:4:6:8:4:7:7:2:6:2:7:10:7:9:1:6:6:7:10:4:8:9:3:9:4:7:5:1:7:2:9:10:0:11:10:0:11:9:8:6:4:12:10:2:2:12:11:5:12:12:3:1:11:12:10:12:9:11:2:0:4:0:6:12:12:9:8:11:4:2:12:8:10:11:6:12:12:0:10:11:15:14:15:5:5:5:9:14:14:3:8:3:6:12:15:15:1:3:0:6:5:9:0:15:7:16:17:17:9:2:16:12:14:14:17:9:10:16:16:15:15:10:13:6:7:10:7:0:2:13:9:13:18:12:7:0:13:16:15:16:11:4:13:13:16:5:10:9:16:4:11:9:1:9:16:0:17:17:1:15:2:10:2:20:20:13:3:12:7:20:14:20:10:13:17:13:16:7:19:5:20:20:15:14:14:17:19:19:17:10:14:14:4:17:2:19:13:15:15:21:5:21:23:21:0:7:5:21:2:11:8:20:19:0:19:17:23:20:16:14:0:14:4:3:23:16:20:20:14:15:6:17:21:26:24:24:23:11:24:20:21:23:12:8:20:12:21:18:18:11:7:19:17:14:20:6:13:12:21:18:11:8:18:24:23:17:26:26:21:15:7:10:1:13:8:11:14:23:9:9:24:18:8:13:19:5:23:11:23:4:26:18:23:20:5:20:17:18:9:20:12:1:25:22:14:25:26:25:25:19:19:25:21:13:22:4:17:13:26:23:18:21:22:22:20:6:22:17:22:30:25:8:22:23:30:22:28:16:30:16:19:28:22:28:22:26:19:22:24:20:17:30:6:10:15:25:30:28:24:24:28:8:14:15:29:28:30:24:11:23:29:25:30:29:23:28:21:23:19:29:30:30:20:29:10:24
12689,1,30,0,339,0:0:0:1:1:1:1:2:2:3:0:1:2:1:0:3:0:3:1:2:1:1:3:3:3:2:4:4:3:2:3:3:3:2:3:2:3:0:2:2:2:5:4:5:5:5:6:4:3:4:4:6:8:7:8:1:6:8:3:6:9:9:8:8:8:4:6:8:4:2:7:2:6:2:7:10:7:9:1:6:6:7:10:4:8:9:3:9:4:7:7:1:3:2:9:10:0:11:10:0:11:9:8:6:4:12:10:2:2:12:11:5:12:12:3:1:11:12:12:12:9:11:11:0:4:0:6:12:12:9:8:11:4:2:12:8:7:11:6:12:12:0:1:11:15:14:15:5:5:5:10:14:14:3:8:3:6:12:15:15:1:3:0:6:5:6:15:4:14:16:17:17:9:2:16:12:14:14:17:9:10:16:16:15:15:13:13:6:13:10:7:0:2:13:14:15:18:12:7:0:13:16:16:16:11:4:10:14:18:1:10:9:11:15:11:9:1:9:16:0:17:17:1:15:2:10:2:20:13:4:3:12:7:9:14:17:10:13:17:13:16:7:19:5:20:20:15:14:14:20:19:19:13:18:14:18:2:17:2:19:20:15:15:18:5:21:23:21:0:7:5:21:2:11:8:20:19:0:19:17:23:20:16:14:0:14:4:13:23:17:20:13:19:15:19:17:20:26:17:24:23:11:24:20:21:23:12:8:18:12:21:10:18:11:7:19:15:14:26:26:21:7:21:0:26:8:21:24:23:17:26:26:17:15:26:10:1:24:8:4:20:24:1:9:24:18:8:13:19:5:23:24:23:18:26:18:23:20:15:16:23:20:9:5:23:1:25:25:14:16:25:26:21:19:21:25:20:14:16:4:14:19:26:6:17:1:7:18:17:7:25:15:22:30:25:8:28:23:30:22:28:22:30:22:25:26:30:5:22:26:19:22:24:20:18:14:6:10:28:26:30:25:7:16:28:19:22:15:29:28:30:24:11:30:29:25:22:29:23:28:21:20:19:29:29:30:13:28:24:10
12878,1,30,0,338,0:0:0:1:1:1:1:2:2:3:0:1:2:1:0:3:0:3:1:2:1:0:3:3:3:2:4:4:3:2:3:3:3:2:3:2:3:0:2:2:2:5:4:5:5:5:6:4:3:4:4:6:8:7:8:1:6:8:3:6:9:9:8:1:8:4:3:8:4:2:7:2:6:2:7:10:7:9:1:6:6:7:10:4:8:9:3:9:4:5:7:1:3:2:9:10:0:11:10:0:11:9:8:6:4:12:10:2:2:12:11:5:12:12:3:1:0:12:10:12:10:8:7:0:4:0:6:12:12:9:10:11:4:2:12:8:10:11:6:12:12:0:1:11:15:14:15:5:5:5:10:14:14:3:4:3:6:12:15:15:1:8:0:6:8:10:15:0:14:16:17:17:9:2:16:12:14:14:17:9:16:16:16:15:15:13:13:6:13:15:7:0:14:1:14:15:18:12:7:0:13:16:16:16:11:4:10:14:6:3:16:9:18:0:11:9:1:9:17:0:17:17:1:15:2:10:11:18:13:4:3:12:7:9:14:18:6:13:17:13:16:7:19:5:20:20:15:16:14:20:19:19:13:18:14:14:2:4:6:19:16:7:15:18:5:21:23:21:0:7:5:21:2:11:8:20:19:17:19:13:23:20:16:14:0:18:4:9:23:17:20:13:14:21:6:6:4:26:17:24:23:11:24:20:21:23:12:8:18:12:21:10:7:23:7:19:15:14:26:26:21:19:24:5:13:8:21:24:23:17:26:26:21:15:26:10:11:13:8:1:6:20:26:9:24:18:8:13:19:5:23:24:23:24:11:17:18:21:5:11:19:19:9:24:1:1:25:25:14:16:25:26:21:19:21:24:20:14:16:4:12:15:20:18:17:25:7:7:18:7:24:24:22:30:25:30:22:23:30:22:28:26:30:18:25:23:30:5:22:26:19:22:28:20:18:25:28:25:8:26:30:25:15:28:1:21:28:15:29:28:30:24:11:30:29:25:26:29:23:28:21:20:19:29:29:1:22:28:13:22
15242,1,30,0,337,0:0:0:1:1:1:1:2:2:3:0:1:2:1:0:3:0:3:1:2:1:0:2:3:3:2:4:4:3:2:3:3:3:2:3:2:3:0:2:4:2:5:4:5:5:5:6:4:3:4:4:6:8:7:8:1:6:8:3:6:9:9:2:1:8:4:6:8:4:2:7:2:6:7:7:10:7:9:1:6:6:6:10:4:8:9:3:9:4:5:5:1:3:2:9:10:9:11:10:0:11:9:8:6:4:12:10:2:2:12:11:5:12:12:3:1:0:12:10:12:9:10:7:0:4:0:6:12:12:9:10:6:7:2:12:8:10:6:10:12:12:2:8:11:15:14:15:5:5:10:9:14:14:1:4:7:6:12:8:11:1:3:14:6:8:11:0:7:5:16:17:17:9:2:16:12:16:14:17:9:10:17:16:15:15:13:13:6:13:15:7:0:14:13:10:16:18:12:7:0:13:16:18:16:16:13:15:14:16:5:15:16:10:15:11:9:1:9:17:0:17:17:1:0:2:10:11:14:3:4:3:4:7:10:13:18:13:13:17:13:15:7:19:5:20:20:15:14:14:13:19:15:13:10:14:14:2:13:2:20:13:1:16:18:5:21:23:21:0:7:5:21:2:11:19:23:19:0:19:13:23:20:23:6:0:20:4:3:17:17:8:23:20:21:23:4:21:26:17:24:23:11:24:20:21:18:12:8:18:16:21:11:4:18:20:24:15:23:1:24:23:12:23:24:5:8:18:24:23:18:26:16:24:26:24:19:21:26:23:11:9:23:7:26:24:18:20:13:4:5:26:7:15:24:11:17:17:16:15:10:19:13:9:18:26:26:25:25:16:19:16:25:13:19:19:20:19:25:4:20:19:20:18:17:20:25:9:23:20:7:25:25:11:28:25:30:28:17:30:28:26:13:8:21:21:12:28:5:28:25:30:14:30:19:19:21:30:28:25:24:26:23:7:30:3:30:26:15:22:24:30:25:22:29:22:29:29:28:29:30:22:30:17:25:26:13:22:29:29:22
19279,2,30,0,336,0:0:0:1:1:1:1:2:2:3:0:1:2:1:0:3:0:3:1:2:1:0:2:3:3:2:4:4:3:2:3:3:2:2:3:2:3:0:2:4:2:5:4:5:5:5:6:4:3:4:1:6:8:7:8:1:6:8:1:6:9:9:2:1:7:4:3:7:4:8:7:7:6:9:7:10:7:9:1:6:6:7:10:4:8:9:3:9:4:7:5:6:3:2:9:4:0:11:10:0:11:9:8:6:4:12:10:2:2:12:11:5:12:12:3:8:0:3:6:12:9:6:6:0:4:0:6:12:12:9:8:6:4:2:12:11:10:7:10:8:12:10:10:11:15:14:15:5:5:5:9:14:14:1:4:7:6:12:8:11:1:3:14:10:10:9:1:14:8:16:17:17:9:2:16:12:14:14:12:9:10:16:16:15:13:16:13:17:8:15:7:5:7:1:16:9:18:12:9:0:13:16:4:13:16:13:13:14:16:4:3:11:11:13:11:9:1:9:16:0:15:17:1:15:2:10:11:18:3:13:3:18:10:10:16:12:6:13:19:13:15:7:20:17:20:0:15:14:14:19:19:18:13:4:15:19:2:4:6:13:13:14:16:21:5:21:23:21:15:7:5:21:2:11:12:10:19:17:12:20:23:13:18:6:0:17:4:21:19:15:19:18:18:15:4:6:4:26:26:24:19:13:23:16:3:18:23:23:26:3:20:17:24:26:26:21:11:14:24:20:19:20:14:24:5:8:21:7:6:18:23:12:21:10:24:0:11:24:23:17:16:15:21:26:24:7:8:14:20:5:19:20:18:3:26:21:18:26:15:26:19:26:15:9:23:26:25:25:16:16:23:25:20:20:20:24:14:19:24:0:14:13:15:6:21:25:9:12:24:23:25:23:11:19:25:8:23:23:18:25:24:24:23:25:25:28:28:13:20:28:17:7:28:28:10:28:8:28:20:19:25:18:19:16:0:13:24:29:30:28:30:18:22:22:29:25:30:22:28:22:16:29:25:22:17:24:6:30:11:22
19415,2,30,0,335,0:0:0:1:1:1:1:2:2:3:0:1:2:1:0:3:0:3:1:2:1:0:2:3:3:2:4:4:3:2:3:3:2:2:3:4:3:0:2:4:2:5:4:5:5:5:6:4:3:4:1:6:8:7:8:1:6:8:1:6:9:9:2:1:7:4:3:7:4:8:7:2:6:2:7:10:7:9:1:6:6:7:10:4:8:9:3:9:4:7:5:6:6:2:9:4:0:11:10:0:11:9:8:6:4:12:10:2:2:12:11:5:12:12:3:1:0:3:9:12:9:3:2:0:4:0:6:12:12:9:8:8:4:2:12:8:10:7:10:3:12:10:10:11:15:14:15:5:11:5:9:14:14:1:4:7:4:12:8:11:1:3:14:6:5:11:0:4:5:16:17:17:9:2:16:12:14:14:12:9:10:16:16:15:11:16:17:17:8:15:7:0:7:1:16:17:18:12:9:0:13:16:18:13:16:13:13:14:6:4:3:11:11:14:11:9:1:9:16:0:13:17:1:15:2:10:11:18:18:10:3:18:10:10:16:12:11:13:19:13:15:7:20:17:20:0:15:14:14:19:19:18:13:10:15:14:2:4:6:20:13:14:19:21:5:21:23:21:15:7:5:21:2:11:19:10:19:17:12:20:23:13:18:6:0:17:4:19:19:15:8:18:20:17:4:18:11:26:26:24:19:13:23:16:3:18:23:23:26:3:21:17:24:23:26:21:11:14:20:20:19:12:0:5:16:8:21:7:6:18:23:12:21:10:17:19:4:13:19:1:9:6:26:26:24:7:8:13:20:5:19:20:18:3:26:14:18:26:23:26:19:24:15:23:16:26:25:25:16:16:23:25:20:20:20:24:14:19:25:0:24:13:15:5:21:21:24:10:24:23:18:20:11:14:25:8:23:23:18:25:24:18:23:25:25:28:26:28:20:17:28:7:28:28:10:28:8:28:20:26:24:18:21:7:13:24:13:29:22:28:30:29:22:29:19:30:30:22:15:8:16:29:26:22:23:29:17:30:11:22
20529,2,29,0,334,0:0:0:1:1:1:1:2:2:3:0:1:2:1:0:3:0:3:1:2:1:0:3:3:3:2:4:4:3:2:3:3:2:2:3:2:3:0:2:4:2:5:4:5:5:5:6:4:3:4:4:6:8:7:8:1:7:8:3:6:9:9:2:1:8:4:3:7:4:8:7:2:7:0:7:10:7:9:1:6:6:7:10:4:8:9:3:9:4:7:5:1:3:2:9:10:2:11:10:0:11:9:8:6:4:12:10:2:2:12:11:5:12:12:3:1:0:12:10:12:10:6:4:0:4:0:6:12:12:9:8:8:4:2:12:8:10:7:10:12:12:2:11:11:15:14:15:5:5:10:9:14:14:1:4:3:4:12:8:11:1:3:14:6:5:11:14:14:15:16:17:17:9:2:16:12:14:14:12:9:10:16:16:15:11:5:17:17:8:15:7:0:2:1:9:9:18:12:7:0:13:16:15:16:16:13:10:13:17:4:13:9:11:13:11:6:1:9:16:0:15:17:1:15:2:10:11:5:18:10:3:4:15:10:16:17:9:13:14:13:15:7:20:5:20:0:15:18:14:13:19:18:13:18:15:14:2:10:20:13:5:18:16:21:5:21:23:16:23:7:5:21:2:17:8:10:19:17:15:14:23:19:18:6:0:18:4:3:6:15:8:3:14:21:19:5:14:26:20:24:19:11:23:16:21:18:12:23:26:3:21:18:26:23:17:21:23:14:19:24:7:11:24:24:24:8:21:7:6:24:23:14:21:15:17:18:1:20:21:11:20:26:15:26:20:7:8:13:4:5:26:20:23:19:11:24:26:21:23:4:20:24:6:9:10:26:25:25:16:16:23:25:19:19:25:24:17:1:24:24:19:20:15:6:24:13:7:6:26:1:20:26:28:14:25:8:23:23:18:9:26:18:8:25:25:28:28:13:28:26:24:7:13:17:24:28:21:25:17:28:24:24:28:26:28:16:4:29:22:28:22:29:22:29:29:25:20:29:23:18:22:19:24:26:11:1:20:29:25:24
24298,2,29,0,333,0:0:0:1:1:1:1:2:2:3:0:1:2:1:0:3:0:3:1:1:1:0:3:3:3:2:4:4:3:2:3:3:2:2:3:2:3:0:2:4:3:5:4:5:5:5:6:4:3:4:4:6:8:7:8:1:7:8:3:6:9:9:8:1:9:4:3:7:4:7:7:7:8:2:7:10:7:9:1:6:6:7:10:4:8:9:3:9:4:7:5:1:3:2:9:10:9:11:10:0:11:9:8:6:4:12:10:2:2:12:11:5:12:12:3:8:0:10:12:12:10:11:4:0:4:0:6:12:12:9:10:8:4:2:8:8:10:11:10:3:12:10:1:11:15:14:15:5:5:10:9:14:14:1:4:7:6:12:14:11:12:3:14:6:8:10:15:8:15:16:17:17:9:2:16:12:14:15:6:9:10:16:16:15:11:5:17:6:8:15:7:0:2:17:9:11:18:12:9:0:13:16:4:13:16:13:13:17:17:3:15:10:12:0:16:6:1:9:16:0:15:17:10:4:2:17:6:15:18:17:3:7:18:10:5:16:2:13:14:13:16:7:11:5:18:0:15:14:19:19:14:15:13:10:12:14:4:13:6:19:18:19:19:21:15:21:23:16:0:7:5:11:2:17:8:19:21:14:12:20:23:13:18:6:0:17:14:16:11:4:8:3:18:21:9:6:11:26:20:24:19:13:23:16:3:18:12:8:21:12:21:17:20:26:18:26:10:19:20:17:24:7:24:23:20:8:18:21:13:24:26:3:24:10:19:26:19:24:23:3:14:7:26:9:20:24:8:13:20:5:24:11:14:24:26:14:19:11:5:10:1:20:11:26:21:26:25:25:19:19:26:26:5:19:21:20:11:13:20:14:17:25:24:11:24:18:20:6:9:1:13:5:28:19:25:23:26:23:24:21:20:23:23:21:25:28:28:25:28:28:28:7:13:17:17:11:21:25:17:25:20:19:28:24:24:14:2:29:22:28:22:28:1:29:29:22:22:21:23:18:16:29:15:22:11:25:22:28:22:23
24299,2,29,0,332,0:0:0:1:1:1:1:2:2:3:0:1:2:1:0:3:0:3:1:1:1:0:3:3:3:2:4:4:3:2:3:3:2:2:3:2:3:0:2:4:3:5:4:5:5:5:6:4:3:4:4:6:8:7:8:1:7:8:3:6:9:9:8:1:9:4:3:7:4:7:7:7:8:2:7:10:7:9:1:6:6:7:10:4:8:9:3:9:4:7:5:1:3:2:9:10:9:11:10:0:11:9:8:6:4:12:10:2:2:12:11:5:12:12:3:8:0:10:12:12:10:11:4:0:4:0:6:12:12:9:10:8:4:2:8:8:10:11:10:3:12:10:1:11:15:14:15:5:5:10:9:14:14:1:4:7:6:12:14:11:12:3:14:6:8:10:15:8:15:16:17:17:9:2:16:12:14:15:6:9:10:16:16:15:11:5:17:6:8:15:7:0:2:17:9:11:18:12:9:0:13:16:4:13:16:13:13:17:17:3:15:10:12:0:16:6:1:9:16:0:15:17:10:4:2:17:6:15:18:17:3:7:18:10:5:16:2:13:14:13:16:7:11:5:18:0:15:14:19:19:14:15:13:10:12:14:4:13:6:19:18:19:19:21:15:21:23:16:0:7:5:11:2:17:8:19:21:14:12:18:23:13:18:6:0:17:14:16:11:4:8:3:18:21:9:6:11:26:20:24:19:13:23:16:3:18:12:8:21:12:21:17:20:26:18:26:10:19:20:17:24:7:24:23:20:8:18:21:13:24:26:3:24:10:19:26:19:24:23:3:14:7:26:9:20:24:8:13:20:5:24:11:14:24:26:14:19:11:5:10:1:20:11:26:21:26:25:25:19:19:26:26:5:19:21:20:11:13:20:14:17:25:24:11:24:18:20:6:9:1:13:5:28:19:25:23:26:23:24:21:20:23:23:21:25:28:28:25:28:28:28:7:13:17:17:11:21:25:17:25:20:19:28:24:24:14:2:29:22:28:22:28:1:29:29:22:22:21:23:18:16:29:15:22:11:25:22:28:22:23
24917,2,29,0,331,0:0:0:1:1:1:1:2:2:3:0:1:2:1:0:3:0:3:1:1:1:0:3:3:3:2:4:4:3:2:3:3:2:2:3:2:3:0:2:4:2:5:4:5:5:5:6:4:3:4:4:6:8:7:8:1:6:8:3:6:9:9:8:1:7:4:2:7:4:7:7:3:8:0:7:10:7:9:1:6:6:7:10:4:8:9:3:9:4:7:5:1:7:2:9:10:0:11:10:0:11:9:8:6:4:2:10:2:2:1:11:5:12:12:3:8:0:12:9:12:9:11:4:0:4:0:6:12:12:9:10:8:4:2:8:8:7:6:10:12:12:10:7:11:15:14:15:5:5:5:9:14:14:1:4:3:6:12:14:11:1:3:14:6:5:10:0:4:15:16:11:17:9:2:16:12:14:15:6:9:10:16:16:15:11:5:17:6:8:15:7:0:9:1:9:2:18:12:7:0:13:16:4:13:16:13:13:17:17:17:13:13:15:10:16:6:1:11:16:0:9:13:10:4:18:10:3:5:18:10:18:18:18:10:12:17:17:13:14:13:16:7:11:5:18:0:15:14:19:19:14:15:14:10:12:14:4:15:17:9:16:1:17:21:5:21:23:16:13:7:5:21:2:17:8:19:19:17:15:18:19:13:18:6:0:23:4:3:19:15:19:18:18:8:23:6:5:15:17:24:19:13:24:16:21:18:12:8:21:12:21:21:26:13:18:26:24:19:17:6:23:1:19:18:14:8:18:21:6:24:23:7:18:10:20:26:26:13:21:20:16:26:12:9:23:24:8:12:20:5:24:11:24:24:26:14:21:1:23:21:26:20:23:20:26:26:25:25:19:25:16:26:5:20:26:24:17:14:20:0:14:9:24:11:24:26:19:20:23:10:14:24:28:19:25:13:26:23:24:9:20:23:20:21:25:28:28:25:28:28:28:7:13:21:10:17:19:10:20:14:4:25:7:24:24:24:23:29:22:28:22:28:22:29:26:23:22:21:29:18:20:2:15:22:11:12:29:28:12:22
25050,2,29,0,330,0:0:0:1:1:1:1:2:2:3:0:1:2:1:0:3:0:3:1:1:1:0:3:3:3:2:4:4:3:2:3:3:2:2:3:2:3:0:2:4:2:5:4:5:5:5:6:4:3:4:4:6:8:7:8:1:6:8:3:6:9:9:8:8:7:4:3:7:4:7:7:2:8:0:7:10:7:9:1:6:6:7:10:4:8:9:3:9:4:7:5:1:7:2:9:10:0:11:10:0:11:9:8:6:4:2:10:2:2:1:11:5:12:12:3:8:0:3:12:12:8:11:4:0:4:0:6:12:12:9:10:8:4:2:8:8:7:6:10:12:12:10:1:11:15:14:15:5:5:5:9:14:14:1:4:3:4:12:14:11:1:12:14:6:5:10:0:4:5:16:11:17:9:2:16:12:14:15:6:9:10:16:16:15:11:5:17:6:8:15:7:17:9:1:9:3:18:12:7:0:13:16:4:13:16:13:13:17:17:17:13:16:12:13:16:6:1:11:10:0:9:17:10:12:18:12:6:5:18:10:18:15:18:9:16:17:4:13:14:13:16:7:11:5:18:0:15:14:19:19:14:15:14:10:12:14:4:4:17:13:16:13:3:21:5:21:23:16:13:7:5:21:2:17:8:19:19:17:15:18:19:13:18:8:23:23:4:3:2:15:19:18:18:21:19:5:21:15:17:24:19:13:24:16:21:18:12:8:21:12:10:21:26:11:18:26:8:14:17:6:23:6:16:1:21:8:18:21:24:24:23:7:18:10:15:26:21:24:8:11:14:16:13:9:23:24:8:14:20:5:24:11:24:20:26:17:21:11:26:20:26:1:23:23:10:26:25:25:19:25:16:26:5:20:26:25:17:14:20:0:14:9:24:23:24:20:6:20:18:1:2:25:28:19:25:13:26:23:19:21:20:23:20:21:25:28:28:25:23:28:28:7:13:17:10:17:21:10:6:25:4:25:20:25:23:26:23:29:22:28:22:28:22:24:26:23:22:21:29:18:20:2:29:25:17:12:29:28:26:10
25056,2,29,0,329,0:0:0:1:1:1:1:2:2:3:0:1:2:1:0:3:0:3:1:1:1:0:3:3:3:2:4:4:3:2:3:3:2:2:3:2:3:0:2:4:2:5:4:5:5:5:6:4:3:4:4:6:8:7:8:1:6:8:3:6:9:9:8:8:7:4:3:7:4:7:7:2:8:0:7:10:7:9:1:6:6:7:10:4:8:9:3:9:4:7:5:1:7:2:9:10:0:11:10:0:11:9:8:6:4:2:10:2:2:1:11:5:12:12:3:8:0:3:12:12:8:11:4:0:4:0:6:12:12:9:10:8:4:2:8:8:7:6:10:12:12:10:1:11:15:14:15:5:5:5:9:14:14:1:4:3:6:12:14:11:1:12:14:6:5:10:0:4:5:16:11:17:9:2:16:12:14:15:6:9:10:16:16:15:11:5:17:6:8:15:7:17:9:1:9:3:18:12:7:0:13:16:4:13:16:13:13:17:17:17:13:16:12:13:16:6:1:11:10:0:9:17:10:12:18:12:6:5:18:10:18:15:18:9:16:17:4:13:14:13:16:7:11:5:18:0:15:14:19:19:14:15:14:10:12:14:4:4:17:13:16:13:3:21:5:21:23:16:13:7:5:21:2:17:8:19:19:17:15:18:19:13:18:8:23:23:4:3:2:15:19:18:18:21:19:5:21:15:17:24:19:13:24:16:21:18:12:8:21:12:10:21:4:11:18:24:8:14:17:6:23:1:16:1:21:8:18:21:24:24:23:7:18:10:15:26:21:24:8:11:14:16:13:9:23:24:8:14:20:5:24:11:24:20:26:17:21:11:26:20:26:1:23:23:10:26:25:25:19:25:16:26:5:20:26:25:11:14:20:0:14:9:24:23:24:20:6:20:18:1:2:25:28:19:25:13:26:23:19:21:20:23:20:21:25:28:28:25:23:28:28:7:13:17:10:17:21:10:6:25:4:25:20:25:23:26:28:29:22:28:22:28:22:24:26:23:22:21:29:18:20:2:29:25:17:12:29:28:26:10
25057,2,29,0,328,0:0:0:1:1:1:1:2:2:3:0:1:2:1:0:3:0:3:1:1:1:0:3:3:3:2:4:4:3:2:3:3:2:2:3:2:3:0:2:4:2:5:4:5:5:5:6:4:3:4:4:6:8:7:8:1:6:8:3:6:9:9:8:8:7:4:3:7:4:7:7:2:8:0:7:10:7:9:1:6:6:7:10:4:8:9:3:9:4:7:5:1:7:2:9:10:0:11:10:0:11:9:8:6:4:2:10:2:2:1:11:5:12:12:3:8:0:3:12:12:8:11:4:0:4:0:6:12:12:9:10:8:4:2:8:8:7:6:10:12:12:10:1:11:15:14:15:5:5:5:9:14:14:1:4:3:6:12:14:11:1:12:14:6:5:10:0:4:5:16:11:17:9:2:16:12:14:15:6:9:10:16:16:15:11:5:17:6:8:15:7:17:9:1:9:3:18:12:7:0:13:16:4:13:16:13:13:17:17:17:13:16:12:13:16:6:1:11:10:0:9:17:10:12:18:12:6:5:18:10:18:15:18:9:16:17:4:13:14:13:16:7:11:5:18:0:15:14:19:19:14:15:14:10:12:14:4:4:17:13:16:13:3:21:5:21:23:16:13:7:5:21:2:17:8:19:19:17:15:18:19:13:18:8:23:23:4:3:2:15:19:18:18:21:19:5:21:15:17:24:19:13:24:16:21:18:12:8:21:12:10:21:4:11:18:24:8:14:17:6:23:1:16:1:21:8:18:21:24:24:23:7:18:10:15:11:21:24:8:11:14:16:13:9:23:24:8:14:20:5:24:11:24:20:26:17:21:11:26:20:26:1:23:23:10:26:25:25:19:25:16:26:5:20:26:25:11:14:20:0:14:9:24:23:24:20:6:20:18:1:2:25:28:19:25:13:26:23:19:21:20:23:20:21:25:28:28:25:23:28:28:7:13:17:10:17:21:10:6:25:4:25:20:25:23:26:28:29:22:28:22:28:22:24:26:23:22:21:29:18:20:2:29:25:17:12:29:28:26:10
25233,2,29,0,327,0:0:0:1:1:1:1:2:2:3:0:1:2:1:0:3:0:3:1:1:1:0:2:3:3:2:4:4:3:2:3:3:2:2:3:2:3:0:2:4:2:5:4:5:5:5:6:4:3:4:4:6:8:7:8:1:6:8:3:6:9:9:8:8:7:4:2:7:4:7:7:3:8:0:7:10:7:9:1:6:6:7:10:4:8:9:3:9:4:7:5:1:7:10:9:10:6:11:10:0:11:9:8:6:4:2:10:2:2:1:11:5:12:12:3:8:0:12:12:12:10:10:4:0:4:0:6:12:12:9:8:8:4:2:8:8:7:6:10:12:12:2:8:11:15:14:15:5:5:5:9:14:14:1:4:3:6:12:14:11:1:12:12:6:5:10:7:14:9:16:11:17:9:2:16:12:14:15:6:9:10:16:16:15:11:14:17:6:8:15:7:0:7:1:14:3:18:12:7:0:13:16:4:13:16:13:13:17:17:17:10:9:12:12:16:6:1:11:10:0:9:17:10:12:18:10:6:5:18:13:3:15:18:9:14:16:9:13:14:13:16:7:11:5:18:0:15:14:19:19:14:15:13:10:14:14:4:6:17:13:16:13:3:21:5:21:19:16:13:7:5:21:2:17:8:19:19:17:15:18:19:19:18:8:0:23:23:3:2:15:16:18:19:21:19:4:9:15:17:17:19:13:24:16:21:18:12:8:21:12:10:17:4:11:18:24:8:14:17:24:23:7:0:24:21:8:18:21:24:24:23:14:15:15:15:11:23:17:8:11:16:7:1:9:23:24:8:24:20:5:20:11:24:21:4:17:23:1:24:20:14:20:23:5:10:26:25:25:25:25:16:26:13:20:25:25:17:14:26:20:11:20:24:21:24:9:6:7:19:14:7:26:28:19:25:13:26:23:19:21:20:23:20:21:25:26:28:25:23:28:24:7:26:28:10:17:21:10:6:25:20:25:2:24:15:21:2:29:22:28:22:22:22:28:28:22:21:21:29:18:16:19:23:25:17:20:29:28:26:10
25381,2,29,0,326,0:0:0:1:1:1:1:2:2:3:0:1:2:1:0:3:0:3:1:1:1:0:2:3:3:2:4:4:3:2:3:3:3:2:3:2:3:0:2:4:2:5:4:5:5:5:6:4:3:4:4:6:8:7:8:1:6:8:3:6:9:9:2:8:7:8:3:7:4:2:7:3:8:0:7:10:7:9:1:6:6:7:10:4:8:9:3:9:4:7:5:1:3:2:9:10:2:11:10:0:11:9:8:6:4:2:10:2:2:12:11:5:12:12:3:8:0:12:12:12:7:0:11:0:4:0:6:12:12:9:8:6:4:2:8:8:7:6:10:12:12:2:7:11:15:14:15:5:5:5:9:14:14:1:4:3:6:12:14:11:1:12:12:4:5:10:7:3:9:16:11:17:9:2:16:12:14:15:6:9:10:16:16:15:11:14:17:6:8:15:7:14:7:1:1:11:18:12:7:0:13:16:4:13:16:13:13:17:17:5:10:11:10:7:16:6:1:11:10:0:9:17:10:12:18:10:6:5:18:10:3:12:4:16:14:8:9:13:14:13:16:7:11:5:18:0:15:14:19:19:14:15:13:10:12:14:4:6:17:13:18:18:3:21:5:21:23:16:13:7:5:21:2:17:8:19:19:17:15:11:21:19:18:8:0:23:23:3:19:15:19:18:19:21:23:4:19:15:17:15:19:13:24:16:21:18:12:8:21:12:21:17:4:11:18:24:17:14:17:23:23:7:19:24:23:8:18:21:6:24:23:14:15:15:15:11:1:17:16:13:16:16:1:9:23:24:8:24:24:5:24:11:24:24:19:17:23:11:23:6:1:19:9:2:10:26:25:26:25:25:16:18:13:20:20:25:17:1:26:18:17:9:24:5:20:2:26:7:26:20:18:21:28:19:25:13:26:23:24:21:20:23:20:26:25:26:28:25:23:28:28:7:26:28:10:17:21:10:6:25:20:20:2:25:3:24:25:29:22:28:22:21:22:24:28:22:29:29:29:18:16:19:23:22:17:13:29:21:11:29
25626,2,29,0,325,0:0:0:1:1:1:1:2:2:3:0:1:2:1:0:3:0:3:1:1:1:0:2:3:3:2:4:4:3:2:3:3:2:2:3:2:3:0:2:4:2:5:4:5:5:5:6:4:3:4:4:6:8:7:8:1:6:8:3:6:9:9:2:1:7:8:3:7:4:7:7:8:9:2:7:10:7:9:1:6:6:7:10:4:8:9:3:9:4:7:5:1:7:2:9:10:0:11:10:0:11:9:8:6:4:2:10:2:2:12:11:5:12:12:3:8:0:12:9:12:8:0:2:0:4:0:6:12:12:9:8:6:4:2:8:8:7:7:10:12:12:2:7:11:15:14:15:5:5:5:9:14:14:1:4:3:6:12:14:11:1:3:12:4:5:10:0:4:8:16:11:17:9:2:16:12:14:15:6:9:10:16:16:15:11:14:17:6:14:6:7:14:7:17:9:2:18:12:7:0:13:16:4:13:16:13:13:17:18:1:10:16:10:0:16:6:1:11:10:0:9:17:1:12:18:8:6:5:18:13:3:4:18:16:16:12:9:13:14:13:16:7:11:5:18:0:15:14:19:19:14:15:13:10:12:14:4:10:10:9:18:13:3:21:5:21:23:16:0:7:5:11:2:17:8:19:19:17:15:11:19:13:18:8:0:23:23:3:2:15:16:18:19:21:23:7:21:15:17:15:19:13:24:16:21:18:12:8:23:12:21:17:4:24:18:24:10:14:17:23:23:7:16:18:13:8:18:21:6:21:24:14:21:15:15:0:1:17:8:17:16:16:15:9:23:24:8:14:11:5:24:11:24:24:4:14:21:21:23:6:23:19:19:23:21:26:25:26:25:25:26:18:13:17:19:25:17:1:25:18:17:9:15:23:11:17:6:10:24:1:21:17:28:25:25:13:24:23:19:26:20:20:20:24:28:28:28:25:23:28:28:24:13:26:20:28:21:10:17:25:23:25:2:25:3:20:13:29:20:28:22:22:22:29:26:22:29:29:24:17:25:20:24:25:20:12:26:22:10:26
32773,3,28,0,324,0:0:0:1:1:1:1:2:2:3:0:1:2:2:0:3:0:3:1:2:1:0:2:3:3:2:4:4:3:2:3:3:2:2:3:2:3:0:2:4:3:5:4:5:5:5:6:4:3:4:4:6:8:7:8:1:6:8:3:6:9:9:2:8:7:8:3:0:4:7:7:3:8:7:7:10:7:9:1:6:6:7:10:8:8:9:3:9:4:5:5:1:3:2:9:10:9:11:10:0:11:9:8:6:4:12:10:2:2:1:11:5:12:12:3:8:0:12:12:12:7:11:5:0:4:0:6:12:12:9:10:6:4:2:8:1:7:6:10:7:12:10:8:11:15:14:15:5:5:5:9:11:14:1:4:3:6:12:14:10:1:3:14:6:5:12:14:8:1:16:17:17:9:2:16:12:14:15:6:9:16:14:16:15:11:16:17:6:8:15:7:14:9:17:9:9:18:12:7:1:13:16:16:13:16:4:13:16:16:5:13:11:12:18:12:6:17:9:10:0:13:13:10:5:8:12:6:13:12:13:3:4:7:16:14:16:9:13:14:19:16:19:11:5:18:19:15:14:18:19:14:17:13:10:12:15:4:6:15:9:16:1:18:19:5:19:23:18:0:4:18:11:2:17:12:23:19:17:8:11:23:13:10:21:0:18:4:10:21:11:19:17:18:17:19:17:10:15:17:23:7:13:23:23:3:24:24:8:19:10:19:24:7:14:18:24:23:14:11:23:19:7:21:1:19:8:24:21:6:17:23:16:18:10:15:10:5:13:17:0:24:16:7:9:11:21:21:23:19:5:23:11:23:8:4:17:23:1:5:16:13:18:7:19:23:26:25:25:25:16:21:18:5:21:25:25:11:24:15:21:17:9:21:26:10:13:6:14:9:4:13:15:28:20:25:28:0:24:26:25:4:20:20:25:25:8:28:20:28:28:28:26:26:19:24:21:24:10:6:20:24:25:2:26:14:21:21:15:22:22:26:22:22:28:22:25:28:20:15:18:19:26:25:21:20:20:20:26:20:23
34841,3,28,0,323,0:0:0:1:1:1:1:2:2:3:0:1:2:2:0:3:0:3:1:1:1:0:3:3:3:2:4:4:3:2:3:3:1:2:3:2:3:0:2:2:3:5:4:5:5:5:6:4:3:4:4:6:8:7:8:1:6:8:3:6:9:9:0:8:8:8:6:7:4:7:7:2:6:0:7:10:7:9:1:6:6:7:10:8:8:9:3:9:4:5:7:1:3:2:9:10:0:11:10:0:11:9:8:6:4:2:10:12:2:12:11:5:12:12:3:4:0:3:12:12:10:3:4:0:4:0:6:12:12:9:10:12:4:2:8:1:7:6:10:3:4:10:8:11:15:14:15:5:5:5:9:14:14:1:4:3:6:12:14:10:1:7:0:6:8:12:7:14:0:16:17:17:9:2:16:12:14:15:6:9:10:14:16:15:11:14:17:17:8:15:7:14:15:17:0:3:18:12:9:0:13:18:16:13:16:13:13:16:17:1:16:10:12:0:12:9:17:11:10:4:13:17:10:4:8:10:2:13:5:17:3:7:7:10:14:18:3:13:14:13:16:7:11:5:18:19:15:14:18:19:19:19:13:10:12:15:2:6:15:9:10:15:15:19:23:21:23:19:0:4:18:11:2:21:12:23:19:17:8:11:23:23:16:21:4:16:4:10:1:11:8:6:18:17:19:6:21:15:18:23:19:13:23:23:3:24:24:8:21:3:24:23:16:21:18:24:23:5:11:6:15:2:14:23:24:8:24:21:6:21:23:12:18:10:15:10:5:13:19:18:2:24:16:9:11:21:18:13:11:5:19:11:23:4:0:17:23:1:24:21:19:19:24:21:1:26:25:25:25:21:24:24:13:18:25:25:11:1:16:5:18:15:18:17:13:26:6:7:9:4:19:19:28:14:25:26:7:28:19:25:26:14:19:25:25:28:28:21:28:26:1:17:26:24:17:28:26:25:6:18:26:25:28:7:25:13:26:15:20:22:26:22:22:22:20:25:26:12:15:18:7:26:28:16:18:13:17:7:20:23
45978,5,27,0,322,0:0:0:1:1:1:1:2:2:3:0:1:2:1:0:3:0:3:1:2:1:0:3:3:3:2:4:4:3:2:3:3:1:2:3:2:3:0:2:2:3:5:4:5:5:5:6:4:3:4:4:6:8:7:8:1:6:8:3:6:9:9:6:1:7:8:3:7:4:2:7:7:8:7:7:10:7:9:10:6:6:7:10:4:8:9:3:9:4:5:5:1:3:2:9:10:2:11:10:0:11:9:8:6:4:12:10:2:2:1:11:5:12:12:3:8:11:12:9:12:10:3:4:0:4:0:6:12:12:9:10:11:4:2:8:8:7:6:10:11:12:10:1:11:15:14:15:5:5:5:9:11:14:1:10:14:6:12:14:4:1:3:0:6:8:9:0:14:5:16:17:17:9:2:16:12:15:15:12:9:2:16:16:15:5:16:17:6:8:15:7:0:2:1:1:7:18:12:7:0:13:18:16:16:17:15:15:16:18:3:13:11:11:10:12:9:17:9:10:0:15:14:10:0:17:10:16:14:12:4:3:4:4:9:5:8:4:13:14:13:15:16:13:5:18:19:15:16:18:14:14:14:10:10:12:18:4:15:7:13:13:1:0:21:12:21:23:16:0:17:5:11:2:11:12:23:21:23:8:14:23:19:16:8:16:16:4:10:19:11:14:17:23:21:17:14:18:19:18:23:7:13:23:24:3:19:24:8:24:3:17:18:4:24:19:23:19:17:19:24:21:2:17:1:16:8:24:21:18:24:23:3:21:13:19:21:21:8:17:3:6:7:1:21:11:13:1:19:4:5:23:11:23:8:0:21:21:11:5:10:23:13:9:14:12:26:19:25:25:21:23:24:13:26:21:25:17:19:16:9:11:9:24:5:14:18:7:12:11:26:7:17:28:14:25:26:7:23:28:6:26:14:7:25:25:8:28:9:16:24:23:7:26:21:17:28:24:25:17:13:26:26:4:15:15:15:11:15:22:22:26:22:25:28:28:25:22:17:23:18:24:22:26:26:17:22:18:8:12:23
46349,5,27,0,321,0:0:0:1:1:1:1:2:2:3:0:1:2:1:0:3:0:3:1:2:1:0:2:3:3:2:4:4:3:2:3:3:1:2:3:2:3:0:2:4:3:5:4:5:5:5:6:4:3:4:4:6:8:7:8:1:6:8:3:6:9:9:2:8:7:8:6:7:4:7:7:7:8:9:7:10:7:9:1:6:6:7:10:8:8:9:3:9:4:5:5:1:5:2:9:10:3:11:10:0:11:9:8:6:4:12:10:2:2:1:11:5:12:12:3:8:11:12:9:12:10:11:4:0:4:0:6:12:12:9:10:11:4:2:8:1:7:7:10:3:12:2:9:11:15:14:15:5:11:5:9:14:14:1:10:14:6:12:14:4:1:3:14:6:8:9:0:4:15:16:17:17:9:2:16:12:15:15:12:9:2:16:16:15:5:16:17:6:7:17:7:0:15:1:1:16:18:12:7:0:13:18:16:16:17:15:6:16:18:3:15:10:12:15:12:9:17:9:10:0:13:14:10:5:2:10:16:14:12:4:3:4:4:10:5:12:11:13:14:13:15:16:13:5:18:0:15:16:18:14:14:14:15:10:12:18:2:6:2:13:10:17:17:21:12:21:23:16:13:17:17:11:2:11:12:23:14:23:8:18:14:19:16:8:16:16:4:10:6:11:14:3:23:13:18:16:2:19:18:23:7:13:23:24:3:19:24:8:24:3:17:18:7:24:19:23:19:14:19:24:24:1:0:1:16:8:24:21:6:24:23:3:21:13:19:13:5:8:24:3:19:6:9:21:11:13:1:19:4:5:23:11:23:4:0:21:21:11:11:10:14:18:9:14:1:26:19:25:25:21:24:24:13:26:25:13:17:19:16:9:18:9:19:26:18:18:25:12:9:26:13:23:28:14:25:26:7:23:28:6:28:28:7:25:25:21:25:5:28:26:23:28:26:21:19:26:6:25:18:13:26:26:4:16:13:21:11:15:22:22:26:22:22:28:22:25:28:17:23:18:24:6:14:21:26:22:17:8:26:13
46721,5,27,0,320,0:0:0:1:1:1:1:2:2:3:0:1:2:1:0:3:0:3:1:2:1:0:3:3:3:2:4:4:3:2:3:3:1:2:3:2:3:0:2:4:0:5:4:5:5:5:6:4:3:4:4:6:8:7:8:1:6:8:3:6:9:9:2:1:7:8:6:7:4:2:7:7:8:2:7:10:7:9:1:6:6:7:10:8:8:9:3:9:4:5:5:1:5:2:9:10:2:11:10:0:11:9:8:6:4:12:10:2:2:1:11:5:12:12:3:1:0:12:6:12:10:0:4:0:4:0:5:12:12:9:10:6:4:2:8:1:7:7:10:3:12:10:8:11:15:14:15:5:11:5:9:14:14:1:4:14:6:12:14:4:1:3:14:11:8:10:15:4:15:16:17:17:9:2:16:12:15:15:12:9:10:16:16:15:11:16:17:6:8:17:7:5:2:1:9:9:18:12:9:0:13:18:4:16:17:15:15:16:8:17:13:10:11:0:12:9:17:9:10:0:13:17:10:4:2:10:11:14:12:13:18:4:18:10:5:12:17:13:14:13:15:16:13:5:18:0:15:16:18:14:14:14:10:10:12:18:2:6:2:13:15:17:17:21:12:21:23:16:13:17:17:11:2:11:12:23:14:23:8:18:14:7:16:8:16:16:14:21:17:11:21:3:18:21:1:6:14:19:18:23:7:13:23:24:3:19:24:8:24:3:10:18:7:24:19:23:19:14:19:24:24:2:21:1:5:8:24:21:6:24:23:3:21:10:19:0:11:13:23:3:11:17:1:21:11:13:1:19:24:5:23:11:23:8:0:21:19:11:15:10:23:21:9:14:2:26:25:25:25:21:25:24:13:26:5:25:17:19:16:15:11:17:19:18:18:12:26:12:23:6:13:5:28:14:28:26:7:23:28:6:28:28:25:23:25:23:28:9:16:26:23:28:26:24:19:28:26:25:25:13:4:25:2:16:28:26:28:15:22:22:28:22:22:28:22:25:22:17:23:18:26:6:23:26:19:22:18:8:19:13
48227,5,27,0,319,0:0:0:1:1:1:1:2:2:3:0:1:2:1:0:3:0:3:1:1:1:0:2:3:3:2:4:4:3:2:3:3:1:2:3:2:3:0:2:4:3:5:4:5:5:5:6:4:3:4:4:6:8:7:8:1:6:8:3:6:9:9:2:8:7:8:6:7:4:7:7:2:8:7:7:10:7:9:1:6:6:7:10:4:8:9:3:9:4:5:5:1:3:2:9:10:2:11:10:0:11:9:8:6:4:12:10:2:2:1:11:5:12:12:3:8:0:12:10:12:9:10:2:0:4:0:6:12:12:9:10:11:4:2:8:1:11:6:10:3:12:2:1:11:15:14:15:5:5:5:9:14:14:1:4:14:6:12:14:4:1:3:14:11:8:5:0:14:15:16:17:17:9:2:16:12:15:15:12:9:2:16:16:15:14:16:17:6:17:6:7:0:15:17:0:0:18:12:9:0:13:18:4:16:17:10:6:17:18:18:13:9:12:0:12:9:17:9:10:0:13:14:10:4:2:10:16:13:16:10:5:4:4:10:16:18:18:13:14:13:15:16:13:5:18:0:11:16:18:13:14:14:10:10:12:7:2:11:2:9:13:14:18:21:12:21:23:16:0:8:5:21:2:11:12:23:14:23:8:18:23:7:16:21:0:21:4:21:6:4:16:17:18:14:18:4:9:23:18:23:7:13:23:24:3:24:19:8:24:3:10:19:7:24:18:15:23:17:7:17:24:1:0:1:15:8:19:24:6:24:23:3:21:10:23:13:21:8:18:23:19:8:7:21:11:13:1:17:24:5:23:11:23:8:11:17:19:11:15:10:5:11:19:24:14:26:19:26:19:21:26:26:13:14:15:13:17:19:16:26:11:14:24:6:15:9:9:16:9:18:16:13:28:14:28:28:7:19:28:21:28:28:25:23:25:8:28:9:16:17:17:7:24:26:17:25:6:24:18:26:16:18:24:15:0:15:23:15:22:22:28:22:22:23:26:25:25:25:15:25:26:6:15:25:17:8:17:21:12:24
61519,6,27,0,318,0:0:0:1:1:1:1:2:2:3:0:1:2:1:0:3:2:3:1:1:1:0:3:3:3:2:4:4:3:2:3:3:3:2:3:2:3:0:2:4:3:5:4:5:5:5:6:4:3:4:4:6:8:7:8:1:7:8:3:6:9:7:8:1:9:0:3:7:9:8:1:8:6:9:7:10:7:9:1:6:6:6:10:4:8:9:3:6:4:7:5:1:6:10:9:9:0:11:10:0:11:9:8:6:4:12:10:9:1:12:11:5:12:7:3:8:0:12:10:12:10:6:7:0:4:0:6:12:12:4:8:6:4:2:8:11:11:8:10:3:10:10:8:11:15:14:15:5:5:5:9:14:14:2:8:12:6:12:14:10:1:3:14:4:12:5:15:14:5:16:17:17:9:2:16:12:15:15:12:9:10:14:16:15:2:11:16:11:7:6:7:0:4:1:1:7:18:12:9:0:13:18:4:18:17:10:7:17:17:3:8:11:10:1:12:12:17:16:10:2:17:17:10:4:2:10:11:0:5:16:3:4:4:13:16:7:3:13:14:13:16:7:13:5:18:0:15:16:18:14:14:16:15:10:12:18:4:11:6:9:13:18:18:21:23:21:23:16:0:17:21:21:2:11:12:23:14:23:11:13:14:14:10:21:2:16:4:13:2:4:14:17:18:13:9:9:18:15:18:7:10:11:18:24:3:9:23:23:21:10:17:9:21:23:24:23:24:8:2:24:15:1:21:1:23:8:23:21:19:24:24:18:15:15:15:0:11:8:18:19:2:14:19:1:6:7:18:13:21:21:19:11:24:19:0:14:8:19:15:4:24:16:13:18:14:26:18:26:19:26:24:26:13:21:19:26:17:19:26:26:17:10:18:5:17:9:26:11:26:6:24:3:28:25:28:25:19:19:28:26:28:28:25:16:13:26:28:23:24:16:9:28:25:26:25:28:6:10:17:24:25:11:28:16:28:23:4:15:22:16:28:22:22:28:22:22:25:22:25:8:25:18:19:22:17:13:6:11:13:24
61688,6,27,0,317,0:0:0:1:1:1:1:2:2:3:0:1:2:1:0:3:2:3:1:1:1:0:3:3:3:2:4:4:3:2:3:3:3:2:3:2:3:0:2:4:3:5:4:5:5:5:6:4:3:4:4:6:8:7:8:1:7:8:3:6:9:9:8:1:9:0:3:7:9:7:1:8:6:9:7:10:7:9:1:6:6:6:10:4:8:9:3:6:4:5:5:1:7:10:9:9:0:11:10:0:11:9:8:6:4:12:10:9:1:12:11:5:12:5:3:8:0:12:10:12:10:0:11:0:4:0:6:12:12:4:8:6:4:2:8:11:11:8:10:3:7:10:8:11:15:14:15:5:5:5:9:14:14:2:8:7:6:12:14:10:1:7:14:4:12:5:1:14:0:16:17:17:9:2:16:12:15:15:12:9:10:14:16:15:2:11:16:11:7:6:7:6:2:1:1:3:18:12:9:0:13:18:4:18:17:10:7:17:17:3:8:11:10:1:12:12:17:16:10:2:17:14:11:4:2:10:11:0:16:16:3:4:4:13:16:17:4:13:14:13:16:7:13:5:18:0:15:16:18:14:14:16:15:10:12:18:4:15:6:12:13:18:18:21:5:21:23:16:0:17:21:21:2:11:12:23:14:13:11:13:14:14:10:21:2:16:7:13:2:4:14:3:18:13:17:17:14:15:18:7:10:11:18:24:3:9:23:23:24:10:17:9:12:23:24:23:24:8:2:17:13:12:21:8:17:8:23:21:23:24:15:18:15:15:23:0:8:8:5:1:24:24:9:1:6:7:18:4:21:21:13:11:24:19:0:14:2:15:18:21:24:16:7:9:21:26:18:26:19:26:24:26:13:18:19:13:17:19:26:26:17:10:18:5:17:19:6:12:23:19:24:17:28:14:28:13:19:19:28:26:28:28:25:28:13:19:28:5:24:16:9:28:25:26:17:15:6:10:19:24:25:11:28:16:3:28:24:15:22:16:25:22:22:28:22:22:25:22:23:8:25:18:14:21:25:13:6:21:13:18
61710,6,27,0,316,0:0:0:1:1:1:1:2:2:3:0:1:2:1:0:3:2:3:1:1:1:0:3:3:3:2:4:4:3:2:3:3:3:2:3:2:3:0:2:4:3:5:4:5:5:5:6:4:3:4:4:6:8:7:8:1:7:8:3:6:9:9:8:1:9:0:3:7:9:7:1:8:6:9:7:10:7:9:1:6:6:6:10:4:8:9:3:6:4:5:5:1:7:10:9:9:0:11:10:0:11:9:8:6:4:12:10:9:1:12:11:5:12:5:3:8:0:8:10:12:10:0:4:0:4:0:6:12:12:4:8:6:4:2:8:11:11:8:10:3:7:10:8:11:15:14:15:5:5:5:9:14:14:2:8:7:6:12:14:10:1:7:14:4:12:5:1:3:14:16:17:17:9:2:16:12:15:15:12:9:10:14:16:15:2:11:16:11:7:6:7:6:2:1:1:0:18:12:9:0:13:18:4:18:17:10:7:17:17:3:8:11:10:17:12:12:17:16:10:2:17:14:11:4:2:10:11:0:16:16:3:4:4:13:16:17:4:13:14:13:16:7:13:5:18:0:15:16:18:14:14:16:15:10:12:18:4:15:6:12:13:18:15:21:5:21:23:16:0:17:21:21:2:11:12:23:14:13:11:13:14:14:10:21:2:16:7:13:2:4:14:3:21:13:17:9:10:15:18:7:10:11:18:24:3:9:23:23:24:10:17:9:12:23:24:23:24:8:2:17:13:12:21:5:23:8:23:21:23:24:15:18:15:15:23:0:8:8:5:1:24:24:9:1:6:7:18:4:21:21:13:11:24:24:0:14:8:15:18:21:24:16:7:9:21:26:18:26:19:26:24:26:13:18:19:17:17:19:26:26:17:10:18:5:17:19:6:12:26:19:24:17:28:25:28:13:19:19:28:25:28:28:25:28:13:19:28:5:24:16:9:28:25:26:17:15:6:10:19:24:25:11:28:16:3:28:2:15:22:16:25:22:22:28:26:22:25:22:23:8:24:18:14:21:25:13:6:21:23:18
67228,7,27,0,315,0:0:0:1:1:1:1:2:2:3:0:1:2:1:0:3:2:3:1:1:1:0:3:3:3:2:4:4:3:3:3:3:1:2:3:2:3:0:2:4:3:5:4:5:5:3:6:4:3:4:4:6:8:7:8:1:7:8:3:6:9:9:8:1:9:0:6:5:9:7:1:7:6:9:7:10:7:9:1:6:6:6:10:4:8:0:3:9:4:5:5:2:7:10:9:6:3:11:10:0:11:9:8:6:4:12:10:12:1:12:11:5:12:5:7:8:0:3:9:12:9:0:4:0:4:0:6:12:12:4:8:6:4:2:6:8:11:8:10:11:7:2:1:11:15:14:15:5:5:5:9:14:14:2:8:12:4:12:14:4:1:11:11:10:12:10:15:14:0:16:17:17:9:2:16:12:15:15:12:9:10:14:16:15:2:16:16:11:7:6:7:14:9:1:1:0:18:12:9:0:13:18:4:18:17:10:7:2:18:5:13:17:12:1:12:13:17:9:15:2:17:14:1:18:2:10:11:0:13:13:3:4:18:10:16:12:10:13:14:13:16:7:13:5:18:0:11:16:18:14:14:14:13:10:12:18:4:6:6:9:13:0:15:21:5:21:13:16:0:17:5:21:2:11:12:10:14:17:8:18:14:13:10:8:2:16:4:16:2:21:14:18:18:21:16:6:5:15:18:7:23:11:24:24:24:24:23:23:21:3:10:21:12:23:24:15:24:14:2:16:3:23:16:8:2:8:23:21:23:24:24:3:24:10:15:0:1:13:21:4:11:6:9:17:6:7:18:17:21:21:24:7:24:8:11:14:23:15:6:21:23:16:7:24:23:26:19:19:15:21:23:6:5:21:26:19:17:13:19:21:14:13:24:21:8:1:4:14:23:26:5:23:25:28:28:28:25:28:25:19:25:24:25:19:19:26:26:13:19:28:17:25:6:14:19:25:23:28:17:9:4:11:24:16:15:21:25:15:22:16:25:22:16:28:22:22:19:22:23:8:13:28:26:26:28:7:26:22:4:17
95306,9,27,0,314,0:0:0:1:1:1:1:2:2:3:0:1:2:1:0:3:0:3:1:2:1:2:3:3:3:2:4:4:3:2:3:3:2:2:3:2:3:0:2:2:2:5:4:5:5:3:6:4:3:5:4:6:8:7:8:1:7:8:3:6:9:7:2:1:9:4:6:8:4:9:1:3:7:2:7:10:7:9:1:6:6:6:10:4:8:0:3:9:5:7:5:1:6:2:9:10:3:11:10:0:11:9:8:6:4:12:10:12:2:12:11:5:12:7:3:1:0:3:10:12:12:7:7:0:4:0:6:12:9:9:8:11:4:2:12:11:10:11:5:12:7:4:8:11:15:14:15:5:5:10:9:14:14:1:4:14:6:12:8:10:4:9:0:6:5:14:0:0:6:16:17:17:9:2:16:12:15:10:12:12:16:16:16:15:14:16:9:6:14:17:7:9:2:15:9:0:18:12:9:0:13:18:4:16:11:6:15:17:18:17:16:15:11:15:11:12:17:16:15:4:13:18:1:15:2:17:11:0:16:13:3:4:10:13:8:18:2:13:14:13:16:7:13:5:18:10:11:16:15:17:14:18:15:10:13:15:2:13:18:12:15:1:3:21:5:21:13:21:0:8:5:21:2:11:12:10:14:18:8:18:17:14:16:6:1:16:14:3:10:9:14:18:18:13:16:7:2:23:18:7:15:11:21:24:24:24:24:8:23:3:13:18:23:23:24:21:11:8:21:6:3:6:17:5:6:8:24:7:2:24:21:3:24:10:15:0:8:18:18:11:2:7:12:23:6:7:1:17:21:5:23:11:14:21:4:18:23:21:23:16:1:1:21:13:2:23:19:19:15:19:23:24:24:14:21:10:19:15:19:4:18:23:23:12:10:9:21:17:24:9:11:14:25:26:19:28:25:17:25:19:25:26:26:25:13:25:25:13:25:28:28:7:19:24:19:28:24:28:17:26:19:26:2:18:13:13:25:28:26:22:17:22:22:22:22:24:22:28:28:18:13:16:25:23:26:22:26:19:26:28
115449,11,27,0,313,0:0:0:1:1:1:1:2:2:3:0:1:2:1:0:3:0:3:1:1:1:0:3:3:3:2:4:4:3:2:4:3:1:2:3:2:3:0:2:2:2:5:4:5:5:3:6:4:3:4:4:6:8:7:8:1:7:8:3:6:9:8:0:5:9:8:2:7:4:9:1:8:6:2:7:10:7:9:1:6:6:5:10:4:8:0:3:9:4:7:5:1:3:2:3:10:6:11:10:0:11:9:8:6:4:2:10:12:1:12:11:5:12:7:3:8:0:3:6:12:10:7:11:0:4:0:6:12:9:9:8:12:4:2:5:11:10:11:8:9:7:0:9:11:15:14:15:5:5:10:9:14:14:1:4:14:4:12:14:10:1:9:0:4:9:14:0:14:5:16:17:17:9:2:16:12:15:15:12:12:16:16:16:15:10:14:9:6:8:0:7:17:2:1:9:7:18:12:9:0:13:18:16:16:11:6:7:16:18:5:14:15:11:0:11:13:17:16:15:4:17:18:1:17:17:18:9:0:13:13:3:4:10:13:8:18:4:13:14:13:16:7:13:5:18:10:11:16:15:17:14:17:15:10:12:15:2:6:12:12:13:1:15:21:5:21:13:14:0:8:18:21:2:11:12:10:14:17:8:9:21:16:16:5:6:16:7:3:17:9:8:3:18:17:16:10:21:15:18:7:10:11:18:24:21:24:24:8:24:3:14:21:21:24:18:15:10:8:21:14:3:2:16:5:17:8:24:7:2:24:23:3:23:10:15:0:5:23:21:23:6:7:15:23:6:7:24:17:9:21:23:7:14:17:21:17:23:5:23:23:24:1:24:24:17:23:19:19:15:12:24:24:19:18:12:10:11:15:19:12:9:14:16:12:10:13:21:4:23:14:13:24:25:26:19:28:25:28:25:19:25:13:28:19:13:25:28:13:25:21:26:9:6:28:17:25:24:26:6:13:14:19:25:28:25:25:25:26:22:22:25:22:22:28:26:24:28:28:28:18:13:16:19:22:23:26:26:22:15:28
144815,14,27,0,312,0:0:0:1:1:1:1:2:2:3:0:1:2:2:0:3:0:3:1:2:1:2:3:3:3:2:4:4:3:2:3:3:2:2:3:2:3:0:2:4:2:5:4:5:5:3:6:4:3:4:4:6:8:7:8:1:7:8:3:6:9:7:2:8:8:8:7:6:4:5:1:7:9:7:7:10:1:9:1:6:6:6:10:4:8:9:3:6:4:5:5:1:3:7:3:6:0:11:10:0:11:9:8:6:4:12:10:12:2:12:11:5:12:7:3:7:0:3:7:12:8:6:10:0:4:0:6:12:12:9:6:6:4:2:12:11:10:6:5:12:7:0:8:11:15:14:15:10:5:10:9:14:14:1:4:12:4:12:14:4:15:9:11:10:12:14:1:4:5:16:17:17:9:2:16:12:16:15:12:9:16:16:5:1:10:16:9:17:17:8:7:0:15:16:0:17:18:12:9:0:13:8:17:18:11:4:7:13:16:4:16:16:11:0:11:12:17:9:16:0:0:5:1:0:8:17:9:14:18:10:3:4:5:17:16:17:13:13:14:13:16:7:18:17:18:10:11:14:15:13:14:14:13:17:17:18:4:13:7:9:6:1:15:21:6:21:13:18:0:8:21:21:2:11:12:10:17:2:8:9:21:13:16:17:15:2:4:3:11:21:14:3:18:5:13:4:9:15:18:7:10:11:18:24:24:24:24:8:24:3:17:5:12:18:24:15:11:8:18:17:13:12:18:5:8:8:24:21:2:24:15:3:15:16:15:21:8:13:15:1:16:7:12:2:6:23:18:13:21:5:23:7:14:23:0:21:24:23:6:23:24:16:24:8:21:23:19:19:19:17:19:24:13:14:16:19:11:24:21:18:23:15:15:5:18:21:17:12:17:10:14:14:28:26:25:26:28:26:28:5:25:14:26:25:19:28:28:19:28:25:1:23:25:21:5:23:24:19:19:28:25:26:4:26:0:13:4:15:22:25:28:22:1:26:22:22:22:26:25:18:19:25:28:22:26:1:17:22:14:18
173055,17,27,0,311,0:0:0:1:1:1:1:2:2:3:0:1:2:2:0:3:0:3:1:2:1:0:3:3:3:2:4:4:3:2:3:3:2:2:3:2:3:0:2:2:2:5:4:5:5:3:6:4:3:4:4:6:8:7:8:1:7:8:6:6:9:7:2:5:8:8:7:0:4:7:7:7:9:0:7:10:1:9:5:6:6:5:10:4:8:5:3:9:5:7:5:1:3:2:3:10:6:11:10:0:11:9:8:6:4:12:10:2:2:1:11:5:12:7:3:7:0:12:7:12:10:6:4:0:4:0:6:12:9:9:6:11:4:2:8:8:11:6:5:11:12:4:11:11:15:14:15:10:5:10:9:14:14:1:4:12:4:12:14:4:4:9:14:11:8:14:5:4:8:16:17:17:9:2:16:12:15:15:6:9:16:15:5:1:10:14:9:11:7:8:7:9:16:5:10:2:18:12:9:0:13:18:17:16:16:10:7:8:17:17:14:17:11:13:12:12:17:9:15:0:13:5:16:0:8:17:9:8:13:13:3:4:4:7:5:13:18:13:14:13:16:16:13:17:18:10:11:14:15:17:14:18:13:17:12:14:16:15:16:9:5:1:0:21:6:21:13:14:0:8:16:21:2:11:12:10:12:18:8:9:21:13:16:21:0:16:4:3:10:9:14:3:18:1:21:7:2:15:18:7:10:11:18:24:21:18:24:8:24:3:14:21:24:17:18:15:10:8:1:14:21:12:21:0:4:8:24:21:11:24:13:3:18:1:15:6:5:13:24:17:18:9:8:2:6:23:18:13:24:5:23:23:14:3:11:21:24:24:23:11:4:24:6:9:11:23:19:19:15:19:23:19:19:23:12:19:17:24:19:21:18:14:18:21:10:2:9:17:23:1:19:23:11:26:26:26:28:26:7:5:28:26:28:16:19:28:28:13:9:26:1:9:28:24:26:26:23:28:3:19:7:28:4:24:15:8:23:15:25:28:25:25:1:26:22:22:19:22:10:28:19:25:23:19:25:26:24:28:14:17
178036,17,26,0,310,0:0:0:1:1:1:1:2:2:3:0:1:2:2:0:3:0:3:1:2:1:0:2:3:3:2:4:4:3:2:4:3:2:2:3:2:3:0:2:4:2:5:4:5:5:3:6:4:3:4:4:6:8:7:8:8:7:8:6:6:9:7:2:5:8:8:7:0:4:7:7:6:9:6:7:10:1:9:5:6:6:5:10:4:8:5:3:9:4:5:5:1:3:2:3:10:0:11:10:0:11:9:8:7:4:12:10:2:2:1:11:5:12:7:3:7:0:12:7:12:10:0:4:0:4:0:6:12:9:9:6:6:4:2:6:8:11:6:5:11:12:2:8:11:15:14:15:10:5:10:9:14:14:1:4:12:4:12:14:4:15:11:14:3:12:14:5:4:5:16:17:17:9:2:16:12:15:15:6:9:16:16:5:1:10:14:9:7:8:8:7:8:16:5:10:0:18:12:9:0:13:8:17:16:16:4:7:8:16:17:14:17:12:15:12:12:17:9:15:0:13:5:16:0:8:17:11:17:13:13:3:4:4:7:5:7:2:13:14:13:16:16:13:17:18:10:11:14:15:17:14:18:5:17:13:7:4:13:7:9:6:18:3:21:6:21:13:14:0:21:16:21:2:11:12:10:17:7:8:9:21:6:16:17:11:16:4:3:10:1:14:18:18:8:21:6:14:15:18:7:10:11:18:12:21:18:24:8:21:3:24:21:24:9:18:15:10:1:18:14:13:13:12:0:21:8:24:21:11:24:13:3:14:1:15:11:1:24:24:11:11:24:16:2:6:23:18:13:24:23:13:7:14:3:23:17:23:24:23:23:23:21:7:13:24:23:18:7:15:19:23:24:19:19:19:23:19:15:16:21:18:14:18:23:10:12:6:11:14:10:24:0:11:26:26:26:28:26:24:5:28:26:28:16:19:19:28:28:9:26:19:28:28:21:26:28:7:28:3:12:24:26:2:15:24:28:19:15:25:25:28:25:25:26:25:17:25:12:10:19:19:26:14:25:19:25:17:11:14:26
192006,19,26,0,309,0:0:0:1:1:1:1:2:2:3:0:1:2:2:0:3:0:3:1:2:1:0:3:3:3:2:4:4:3:2:3:3:2:2:3:4:3:0:2:4:2:5:4:5:5:3:6:4:3:4:4:6:8:7:8:8:7:8:6:6:9:7:2:5:8:8:7:0:5:7:7:2:9:6:7:10:1:9:1:6:6:5:10:4:8:5:3:9:4:5:2:1:3:2:0:10:6:11:10:0:11:9:8:7:4:12:10:2:2:1:11:5:12:7:3:7:12:12:7:6:12:5:4:0:4:0:6:6:9:9:6:11:4:2:6:8:11:6:5:3:12:2:8:11:15:14:15:10:5:10:9:14:14:1:4:12:4:12:14:4:2:9:14:11:10:12:0:4:7:16:17:17:9:2:16:12:15:15:6:9:16:14:0:1:10:16:9:7:8:8:7:14:5:0:9:17:18:12:9:1:17:8:16:16:16:1:7:8:18:17:14:16:5:0:12:12:12:9:15:0:13:18:16:0:8:17:11:16:13:13:3:15:4:7:5:18:13:13:14:13:16:16:13:17:18:10:11:14:15:17:14:14:5:17:12:9:4:11:7:5:15:16:3:21:6:21:13:14:0:10:16:21:2:11:8:10:12:7:8:9:21:13:16:21:0:16:4:3:10:1:14:17:15:14:21:7:10:15:18:7:15:11:24:24:21:18:24:8:21:3:5:17:21:9:24:18:10:8:1:14:13:13:21:1:21:8:18:21:11:24:24:3:17:15:15:17:5:13:24:3:5:16:3:23:6:23:18:13:4:21:23:7:14:3:11:17:23:24:23:16:14:23:13:9:15:23:19:7:15:17:24:24:24:19:23:24:17:15:21:19:17:13:19:21:10:18:9:12:6:1:24:23:11:26:19:28:0:26:28:5:28:28:28:26:18:21:28:13:26:19:26:9:28:24:26:28:7:13:8:19:26:28:4:18:0:28:23:18:26:25:17:25:1:25:25:24:26:12:10:25:19:26:23:25:16:23:17:26:23:19
193422,19,26,0,308,0:0:0:1:1:1:1:2:2:3:0:1:2:2:0:3:0:3:1:2:1:0:3:3:3:2:4:4:3:2:3:3:2:2:3:4:3:0:2:4:2:5:4:1:5:3:5:4:3:4:4:5:8:7:8:8:7:8:5:6:9:7:2:5:8:8:7:0:4:7:7:2:9:0:7:10:1:9:5:6:6:5:10:4:8:5:3:9:4:5:5:1:3:2:0:10:6:11:10:0:11:9:8:7:4:12:10:2:2:1:11:5:12:7:3:7:0:12:7:6:8:0:4:0:4:0:6:12:12:9:6:6:4:2:6:8:11:6:5:3:12:2:11:11:15:14:15:10:5:10:9:14:14:1:4:12:4:12:14:4:2:11:14:6:10:12:1:4:8:16:17:17:9:2:16:12:15:15:6:9:16:15:16:1:10:16:9:11:17:8:7:9:16:5:1:3:18:12:9:1:17:8:16:16:16:10:7:8:18:17:14:15:11:0:12:12:12:9:15:0:13:18:5:0:8:17:11:16:13:13:3:15:4:7:14:13:17:13:14:13:16:16:13:17:18:10:11:14:15:13:14:18:15:5:12:9:2:13:7:5:5:16:12:21:6:21:13:14:0:10:16:21:2:11:12:10:12:18:8:9:21:13:16:6:0:16:4:3:10:1:14:6:21:8:9:6:15:15:18:7:15:11:24:24:21:18:24:8:21:16:14:17:24:9:24:18:10:14:1:14:13:13:21:16:18:8:18:21:11:24:24:3:14:17:15:17:5:13:17:3:18:13:16:23:6:23:18:23:4:21:23:7:14:3:11:17:23:23:23:23:18:23:24:9:21:23:19:7:15:17:24:24:24:19:23:24:19:19:21:21:17:14:19:19:10:23:6:11:11:18:24:17:11:26:19:28:0:26:28:5:28:28:28:26:18:21:28:13:9:19:1:9:19:19:26:28:7:13:3:14:26:26:4:23:13:16:23:18:26:25:28:25:1:25:25:24:25:12:10:28:13:25:14:25:26:25:17:21:19:17
210898,20,26,0,307,0:0:0:1:1:1:1:2:2:3:2:1:2:2:0:3:0:3:1:2:1:0:2:3:3:2:4:4:3:3:3:3:2:2:3:4:3:0:2:4:2:5:4:1:5:3:5:4:3:4:4:5:8:7:8:8:7:8:3:4:9:7:2:5:8:8:7:0:0:7:7:2:7:1:7:10:1:9:5:6:6:5:10:8:8:5:3:9:4:5:2:1:1:2:0:10:6:11:10:0:11:9:8:6:4:12:10:2:2:1:11:5:12:7:7:7:0:3:7:7:8:5:4:0:4:0:6:12:12:9:6:11:4:2:6:11:11:6:5:3:12:2:8:11:15:14:15:10:5:10:9:14:14:6:4:12:4:12:14:4:2:11:11:6:5:12:1:8:6:16:17:17:9:2:16:12:15:15:6:9:17:16:0:15:10:16:9:7:7:17:7:8:17:0:17:3:18:12:9:1:17:8:16:16:16:10:7:8:18:7:14:15:11:5:12:12:12:9:15:0:13:18:13:0:8:17:11:17:16:13:18:15:1:17:10:5:4:13:14:13:16:16:13:17:18:10:11:14:15:13:14:18:15:5:12:14:2:13:7:5:15:15:12:21:6:21:13:14:0:10:17:21:2:11:12:10:12:18:8:9:21:14:16:21:0:16:14:3:10:1:14:17:21:1:21:4:2:15:18:7:15:11:6:24:21:18:13:8:21:3:13:5:14:9:24:18:10:8:1:24:13:16:21:0:16:8:18:21:11:24:24:3:18:15:15:1:24:13:21:16:14:8:3:16:6:23:18:24:4:23:23:11:14:23:11:21:24:4:13:16:14:5:6:3:10:23:26:26:15:24:23:24:24:23:18:24:26:26:21:23:24:8:26:21:5:26:23:9:17:14:24:2:28:19:28:19:0:26:7:9:28:24:26:28:18:21:28:13:9:23:19:9:19:21:26:26:23:13:17:6:26:13:28:18:13:23:26:18:25:28:17:25:25:28:25:25:19:12:10:19:13:16:17:23:19:8:17:28:14:26
282298,27,26,0,306,0:0:0:1:1:1:1:2:2:3:2:1:2:2:0:3:0:1:1:2:1:0:3:3:3:2:4:4:3:3:3:3:2:2:3:4:3:0:2:4:0:5:4:1:5:3:5:4:3:4:4:5:8:7:8:8:7:8:5:4:9:7:2:5:8:8:7:0:0:7:7:2:9:7:7:10:1:9:5:6:6:5:10:8:10:9:3:9:4:5:5:2:3:2:0:10:9:11:10:0:11:9:8:6:4:12:10:2:1:12:11:5:12:5:7:7:6:10:9:7:9:5:1:0:4:0:6:12:12:9:6:6:4:2:6:11:11:6:12:3:12:2:0:11:15:14:15:10:5:14:9:14:14:6:4:14:4:8:14:4:1:9:14:3:10:14:1:14:9:16:17:17:9:2:16:12:15:15:6:9:10:16:0:15:2:16:9:11:7:6:7:8:16:0:9:3:18:12:9:1:17:8:16:16:16:10:14:2:16:5:14:17:14:0:12:6:12:9:15:0:17:18:16:0:8:17:9:18:18:10:18:15:1:1:10:7:11:13:16:13:16:7:13:5:18:10:11:17:15:13:14:18:15:5:12:14:16:11:7:5:15:15:12:21:5:21:13:14:13:10:16:21:2:11:12:10:14:17:8:9:21:14:16:7:0:16:4:3:11:13:17:3:18:12:14:5:14:15:18:7:15:11:24:24:21:18:13:8:21:3:10:5:10:24:24:18:24:21:12:24:3:7:17:0:5:8:18:21:11:24:24:3:17:15:15:13:24:2:21:17:18:16:13:17:6:23:18:24:4:23:23:7:14:3:11:21:24:4:23:11:23:11:13:23:10:23:26:26:15:23:26:24:13:23:23:24:26:26:21:21:24:17:26:21:13:2:24:11:11:26:1:2:11:19:28:28:0:26:19:23:28:24:26:21:17:8:28:9:19:28:19:3:28:26:26:4:21:28:10:19:13:13:1:19:1:8:10:18:19:28:19:25:25:25:25:1:19:25:6:25:12:19:16:25:23:8:13:25:17:26
427663,40,26,0,305,0:0:0:1:1:1:1:2:2:3:2:1:2:2:0:3:0:3:1:2:0:0:3:3:3:2:4:4:3:3:3:3:2:2:3:4:3:0:2:4:3:5:4:1:5:3:5:4:3:4:4:5:7:7:8:8:7:8:3:4:6:7:2:2:8:6:7:5:0:7:7:5:7:0:7:8:1:9:1:6:6:10:10:8:8:1:3:9:4:10:2:2:3:2:0:10:9:9:10:0:11:6:8:5:4:12:10:2:1:12:11:5:12:7:7:7:0:12:12:7:8:11:4:0:4:0:6:10:12:4:10:5:4:6:6:11:0:11:10:3:12:10:0:11:15:14:15:10:11:14:9:14:14:1:8:14:1:12:14:11:1:9:14:4:6:14:0:7:10:16:17:17:9:2:16:10:16:15:6:9:16:12:16:15:2:11:4:7:15:8:7:0:4:5:0:3:18:12:9:1:17:1:9:16:17:16:14:8:18:3:16:15:14:4:12:6:12:9:16:0:12:17:10:18:18:17:9:15:16:10:3:12:18:1:16:17:17:13:17:13:16:7:13:2:18:0:9:10:7:17:14:15:14:5:13:14:2:15:7:13:16:16:17:21:5:13:6:14:6:12:5:11:2:11:18:21:13:17:11:9:21:14:16:21:0:16:4:17:13:4:17:3:13:13:9:4:5:15:18:24:21:13:24:24:21:18:12:8:21:3:13:11:21:21:24:15:24:8:13:24:3:12:21:16:14:8:18:21:5:24:24:3:17:18:15:10:11:6:21:6:18:6:8:17:10:7:8:24:4:14:24:11:24:24:11:17:18:11:1:15:18:11:6:24:0:23:26:26:15:23:24:26:13:11:26:26:7:6:21:14:26:17:24:5:17:11:4:9:23:23:18:2:19:28:19:28:0:21:18:26:19:16:26:19:26:21:19:8:9:19:28:23:23:21:18:28:23:26:7:23:28:11:4:10:13:9:15:28:25:19:25:25:25:28:28:25:25:28:6:5:12:26:16:23:28:26:5:19:15:13
559324,52,26,0,304,0:0:0:1:1:1:1:2:2:3:2:1:2:2:0:3:0:3:1:2:1:0:2:3:3:2:4:4:3:3:3:3:2:2:3:4:3:0:2:4:2:5:4:1:5:3:5:4:3:5:4:5:7:7:8:8:5:8:3:6:6:7:2:8:8:7:8:5:0:7:7:2:7:0:7:8:1:9:1:6:6:4:10:4:8:5:3:9:4:10:6:2:9:2:0:10:3:9:10:0:11:6:8:5:4:12:10:2:2:1:11:5:12:5:7:7:0:3:7:7:10:10:8:0:4:0:6:10:12:4:10:8:4:2:6:11:0:11:10:3:12:2:8:11:15:14:15:10:11:5:9:11:14:1:8:3:4:12:14:11:2:9:14:4:8:11:0:8:15:16:17:17:9:2:16:10:12:15:6:6:16:12:16:1:16:9:16:7:15:15:7:0:15:5:1:0:18:12:9:1:17:16:9:16:17:16:7:17:18:4:17:5:11:17:12:6:12:16:16:0:17:17:10:11:18:12:6:15:9:17:3:12:15:1:16:4:9:13:14:13:16:9:13:15:18:0:15:10:7:17:14:18:13:5:8:14:4:4:6:5:16:9:12:21:13:13:13:14:9:21:5:11:2:11:8:21:12:18:15:18:21:17:10:11:0:17:15:3:2:16:14:3:18:14:21:14:14:15:18:15:14:12:6:16:21:18:12:8:21:3:13:18:21:21:17:15:11:8:1:14:13:12:0:21:13:8:18:21:24:24:13:14:18:16:7:10:9:11:21:13:1:9:3:17:10:24:8:24:24:9:24:11:24:24:9:18:21:24:5:4:14:8:13:13:21:26:23:23:15:23:16:23:13:11:23:24:17:23:21:23:18:14:26:14:24:2:6:6:7:24:14:26:19:14:23:19:0:21:19:5:19:19:6:26:28:21:26:23:19:28:28:5:6:21:17:28:7:11:23:6:10:26:4:26:24:19:8:28:25:26:19:25:25:19:26:25:19:28:28:18:23:18:15:25:17:21:23:25:4:13
559979,52,26,0,303,0:0:0:1:1:1:1:2:2:3:2:1:2:2:0:3:0:3:1:2:1:0:2:3:3:2:4:4:3:3:3:3:2:2:3:4:3:0:2:4:2:5:4:1:5:3:5:4:3:5:4:5:7:7:8:8:5:8:3:6:6:7:2:8:8:7:8:5:0:7:7:2:7:2:7:8:1:9:1:6:6:10:10:4:8:5:3:9:4:10:6:2:9:2:0:10:3:9:10:0:11:6:8:5:4:12:10:2:2:1:11:5:12:5:7:7:0:3:12:11:10:5:8:0:4:0:6:10:12:4:7:8:4:2:6:8:0:11:10:3:12:10:9:11:15:14:15:10:11:5:9:14:14:1:8:3:4:12:14:11:2:9:14:4:8:11:0:12:1:16:17:17:9:2:16:10:12:15:6:6:16:12:16:1:16:11:16:7:15:8:7:0:15:5:1:6:18:12:9:1:17:16:9:16:17:16:7:17:18:4:17:5:11:0:12:6:12:16:16:0:12:17:10:11:18:17:9:15:9:17:3:12:15:1:16:7:9:13:14:13:16:9:13:15:18:0:15:10:7:17:14:18:13:5:8:14:4:4:7:5:10:16:17:21:13:13:13:14:9:21:5:11:2:11:8:21:12:17:6:18:21:6:10:11:15:17:15:3:2:16:14:18:18:14:21:4:14:15:18:15:14:12:6:16:21:18:12:8:21:3:13:18:21:21:17:15:11:8:1:14:13:12:0:21:11:8:18:21:24:24:13:14:17:16:7:10:9:24:8:9:24:6:3:17:10:24:8:4:10:9:24:11:24:24:9:18:21:24:7:24:14:8:16:13:12:15:23:23:24:23:16:23:13:11:21:23:17:23:23:23:18:14:15:24:24:2:6:6:6:4:14:2:19:14:26:28:0:21:19:5:19:19:6:19:28:21:26:23:19:28:28:5:6:23:18:19:7:28:23:14:10:26:19:18:26:21:19:28:25:26:19:25:1:24:25:25:25:25:28:13:23:28:19:26:11:21:26:23:4:17
564445,52,26,0,302,0:0:0:1:1:1:1:2:2:3:2:1:2:2:0:3:0:3:1:2:0:0:2:3:3:2:4:4:3:3:3:3:2:2:3:4:3:0:2:4:2:5:4:1:5:3:5:4:3:4:4:5:7:7:8:8:7:8:3:6:6:7:2:8:8:7:8:5:0:7:7:5:7:2:7:8:1:9:1:6:6:10:10:4:8:5:3:9:4:10:5:2:9:2:0:10:1:9:10:0:11:6:8:5:4:12:10:2:2:1:11:5:12:5:7:7:11:3:12:11:8:8:8:0:4:0:6:10:12:4:10:8:4:2:6:8:0:11:10:3:12:2:7:11:15:14:15:10:5:5:9:11:14:6:8:3:4:12:14:11:2:9:14:15:7:11:0:7:4:16:17:17:9:2:16:10:12:15:6:6:16:17:16:1:16:14:16:7:15:8:7:0:15:5:1:6:18:12:9:1:17:16:9:16:17:16:7:17:7:7:3:9:10:5:12:6:12:16:16:0:17:17:10:11:18:17:9:15:9:17:3:12:15:10:5:7:14:13:14:13:16:9:13:15:18:0:15:14:7:17:14:18:13:5:8:14:4:4:7:5:16:16:3:21:13:13:13:14:9:12:5:11:2:11:8:21:12:18:6:18:21:17:9:11:15:17:15:6:2:16:14:18:18:14:21:9:4:15:18:15:21:12:6:16:21:18:12:8:21:3:13:18:21:21:1:15:11:8:1:14:13:12:17:1:11:8:18:21:24:24:13:14:18:16:10:10:9:24:8:17:24:24:15:17:10:24:8:4:4:9:24:24:24:24:0:18:21:24:5:4:10:8:7:18:10:15:23:23:24:23:16:23:14:11:21:23:17:23:23:23:18:13:15:24:14:2:6:4:6:6:9:3:28:14:23:28:0:21:19:5:19:19:6:19:28:21:19:23:19:28:28:19:6:23:17:24:7:11:7:23:10:21:19:18:12:16:4:28:25:26:19:26:26:24:25:25:28:25:26:18:23:28:1:26:12:25:17:26:25:11
648069,60,25,0,301,0:0:0:1:1:1:1:2:2:3:2:1:2:2:0:3:0:3:1:2:0:0:2:3:3:2:4:4:3:3:3:3:2:2:3:4:3:0:2:4:2:5:4:1:5:3:5:4:3:1:4:5:7:7:8:8:7:8:3:6:6:7:2:8:8:4:7:5:0:7:7:2:7:0:7:8:1:9:1:6:6:4:10:4:8:5:3:9:4:10:2:2:3:2:0:10:9:9:10:0:11:6:8:5:4:12:10:2:1:1:11:5:12:5:7:7:0:3:12:7:8:8:8:0:4:0:6:10:12:4:10:8:4:2:6:8:0:7:10:3:12:2:7:11:15:14:15:10:5:5:9:14:14:6:8:12:4:12:14:9:1:15:1:11:9:5:15:8:1:16:17:17:9:2:16:10:12:15:6:6:16:12:16:11:11:16:16:7:6:6:7:0:15:5:1:11:18:12:9:1:17:1:9:16:17:16:7:2:18:4:3:9:10:0:12:6:12:16:16:0:12:4:10:11:18:17:9:15:18:10:3:12:15:10:14:0:17:13:14:13:16:7:17:15:18:0:15:14:7:17:14:18:13:5:8:15:2:4:5:5:10:9:17:21:13:13:6:14:9:12:13:11:2:11:18:21:12:11:8:6:21:17:9:13:15:16:14:3:13:16:14:3:13:8:5:5:5:15:18:15:21:11:21:16:21:18:12:8:21:3:13:18:21:21:17:15:11:14:11:9:3:12:16:1:11:8:18:21:24:24:13:3:18:16:10:10:9:15:24:18:24:24:7:17:10:24:11:17:10:9:24:24:6:8:0:17:24:8:1:16:14:8:13:6:4:15:23:23:24:17:24:23:13:11:21:24:17:24:23:23:14:17:15:24:8:12:8:4:24:7:13:11:19:14:19:28:0:21:19:24:19:19:6:19:23:21:19:23:24:28:28:19:28:21:18:4:28:23:23:14:28:11:4:10:13:0:19:28:25:17:19:28:25:19:25:25:28:28:28:11:23:18:24:25:11:25:25:23:4:28
975654,88,25,0,300,0:0:0:1:1:1:1:2:2:3:2:1:2:2:0:3:0:3:1:2:0:0:2:3:3:2:4:4:3:3:3:3:2:2:3:4:3:0:2:4:2:5:4:1:5:3:5:4:3:5:4:5:7:7:8:8:7:8:3:6:6:7:2:2:8:8:8:5:0:7:7:6:7:0:7:8:1:9:1:6:6:4:10:4:8:5:3:9:4:10:5:2:3:2:0:9:6:9:10:0:11:12:8:5:4:12:10:2:1:1:11:5:12:5:7:7:0:12:12:7:8:2:4:0:4:0:6:12:12:4:7:6:4:11:6:8:0:6:11:11:12:9:7:11:15:14:15:10:5:5:9:11:14:1:8:12:4:12:15:11:1:9:11:4:10:11:0:7:15:16:17:17:11:2:16:10:16:7:10:9:16:17:16:6:10:16:14:15:7:15:7:14:11:5:9:7:18:12:9:1:17:1:9:16:17:16:15:8:18:4:15:5:15:17:12:6:12:16:16:0:17:17:5:5:18:17:10:6:9:10:14:12:14:10:16:4:9:13:11:13:16:7:17:2:18:10:15:14:9:17:14:15:17:5:8:16:4:6:7:5:10:16:0:21:12:13:18:15:14:12:13:11:2:13:8:21:13:18:6:14:21:17:21:13:0:16:9:3:13:17:14:3:21:6:14:4:5:21:18:15:21:6:21:16:21:18:12:8:10:3:13:18:15:18:17:9:11:14:21:13:13:9:16:13:16:8:18:9:18:9:13:3:11:21:21:10:9:15:21:18:1:6:8:17:10:24:8:4:4:14:24:9:24:24:13:11:21:24:5:4:3:3:15:13:10:15:23:23:24:23:24:23:14:24:23:13:17:23:21:23:11:13:13:21:8:9:15:4:6:24:1:2:19:28:23:28:0:23:19:5:19:19:19:21:18:21:19:13:28:28:28:19:28:21:17:19:7:28:23:19:23:14:10:10:3:19:0:28:25:25:19:25:25:28:25:23:25:28:6:18:16:18:24:25:24:1:15:25:14:28
1855434,163,25,0,299,0:0:0:1:1:1:1:2:2:3:0:1:2:2:0:3:0:3:1:2:1:0:3:3:3:2:4:4:3:2:3:3:2:2:3:4:3:0:2:2:2:5:4:1:5:3:5:4:3:4:4:5:7:7:8:8:7:8:3:6:6:1:0:8:8:8:8:7:5:7:7:3:7:0:7:8:1:9:1:6:6:10:10:4:8:0:3:9:4:2:9:1:3:2:3:10:0:9:10:0:11:12:8:5:4:12:10:11:10:1:11:5:12:7:3:7:0:3:12:11:11:8:4:0:12:0:6:10:12:4:10:6:4:6:6:8:11:6:5:11:12:9:8:11:15:14:15:10:5:5:9:11:14:1:8:12:4:12:14:11:1:7:11:4:8:11:0:12:0:16:17:17:11:2:16:10:14:15:6:9:16:12:16:7:16:14:16:7:6:8:7:14:11:1:8:3:18:2:9:0:17:16:9:16:17:16:7:17:18:4:17:5:11:17:12:6:1:16:16:12:17:17:10:11:18:10:6:6:9:17:3:12:15:1:16:17:17:13:14:13:16:7:13:2:18:0:4:14:7:13:14:18:13:5:8:14:2:6:10:5:18:16:14:14:12:13:13:15:0:12:5:5:2:11:8:15:13:18:6:18:4:17:10:10:9:17:15:3:5:16:15:18:13:14:13:7:5:15:18:15:21:6:21:16:21:18:2:8:18:3:13:18:21:21:17:15:12:8:1:15:3:9:17:1:14:8:18:9:2:9:15:3:17:16:21:0:1:8:8:13:2:7:14:17:10:7:8:4:4:9:21:24:24:21:15:18:24:24:7:24:15:5:13:6:11:15:23:23:24:23:16:23:13:14:24:23:17:23:23:14:18:17:21:5:10:12:7:12:15:1:23:21:19:28:23:19:21:19:21:5:2:19:21:24:18:24:19:23:19:19:28:21:24:23:18:24:6:9:23:28:28:28:5:10:13:21:24:24:28:25:19:19:25:19:28:9:19:24:25:16:28:13:15:23:17:25:28:2:14:11
3065792,266,25,0,298,0:0:0:1:1:1:1:2:2:3:0:1:2:2:0:3:0:3:1:2:1:0:3:3:3:2:4:4:3:2:3:3:2:2:3:4:3:0:2:2:2:5:4:1:5:3:5:4:3:4:4:5:7:7:8:8:7:8:3:6:6:1:0:8:8:8:7:5:5:7:7:3:7:0:7:8:1:9:1:6:6:10:10:4:8:0:3:5:4:2:9:1:3:2:4:9:6:9:10:0:11:12:8:5:4:12:10:11:10:9:11:5:12:7:3:7:11:3:7:11:11:0:1:0:12:9:6:10:12:4:10:6:4:6:6:8:11:6:10:11:12:9:11:11:15:14:15:10:5:5:9:11:14:1:8:12:4:12:14:11:1:7:14:6:12:11:0:12:10:16:17:17:11:2:16:10:0:15:6:9:16:12:16:7:2:16:16:7:6:8:7:14:1:17:0:17:18:2:9:0:17:8:9:16:17:16:7:5:18:18:14:9:14:5:12:6:1:16:16:12:9:17:10:11:18:10:6:6:16:17:3:12:15:1:16:5:2:13:11:13:16:7:13:2:18:0:4:10:7:13:14:14:13:5:8:4:2:6:5:5:16:16:12:14:12:13:18:15:0:12:12:5:2:14:8:15:14:18:8:11:4:17:10:13:5:17:4:3:5:16:15:18:15:5:13:6:5:15:18:15:21:6:21:16:21:18:2:8:18:3:13:18:21:21:17:15:12:8:1:15:3:13:17:21:5:8:18:9:18:9:13:3:15:16:21:14:1:21:21:17:18:8:9:17:10:7:0:10:10:17:12:9:21:11:15:11:21:8:5:14:4:8:16:4:4:15:24:23:24:23:16:23:13:24:24:23:17:23:23:23:14:17:21:5:10:24:23:23:16:4:23:11:19:28:23:28:21:19:21:24:18:19:24:19:24:21:19:23:19:28:28:14:28:23:17:19:23:24:7:23:28:24:19:6:9:9:19:28:25:25:19:25:25:19:25:19:28:28:28:13:23:24:17:23:21:25:28:11:15:28
10674601,915,25,0,297,0:0:0:1:1:1:1:2:2:3:0:1:2:2:0:3:0:3:1:2:1:0:3:3:3:2:4:4:3:2:3:3:2:2:3:4:3:0:2:2:2:5:4:1:5:3:5:4:3:5:4:5:7:7:8:8:7:8:3:6:6:7:2:4:8:4:7:5:5:7:7:6:7:4:7:8:1:9:1:6:6:4:10:4:8:0:3:5:4:2:5:1:3:2:0:9:6:9:10:0:11:6:8:5:4:12:10:2:10:1:11:5:12:7:3:7:0:3:6:7:10:8:4:0:12:9:6:10:12:4:10:8:4:6:6:11:11:11:10:3:12:9:12:11:15:14:15:10:5:5:9:11:14:1:8:3:4:12:0:11:1:15:10:15:8:7:0:15:0:16:17:17:11:2:16:10:14:15:10:9:16:12:0:6:2:16:16:7:7:8:7:16:4:14:1:11:18:2:9:1:17:16:9:16:17:16:7:8:18:4:8:15:15:5:12:6:1:16:16:12:17:17:10:18:18:10:18:0:18:17:3:18:15:1:14:17:17:13:14:13:16:7:17:2:18:0:4:10:9:17:14:18:17:5:14:14:2:4:7:5:16:16:12:14:12:13:6:15:0:12:14:5:2:13:8:15:6:11:8:11:14:17:18:13:5:18:15:3:13:16:15:3:18:5:18:9:15:15:21:15:14:12:6:16:13:18:2:8:21:3:13:11:13:10:17:9:11:8:13:6:14:16:21:18:15:8:21:9:9:9:13:14:17:16:14:0:5:21:12:4:21:21:3:17:10:7:0:10:4:21:12:9:6:11:13:17:18:8:5:4:14:8:16:21:0:21:19:19:15:19:16:19:13:21:19:19:17:19:21:19:11:17:9:14:10:9:11:4:6:6:1:14:23:12:23:28:0:23:18:21:28:23:28:24:24:24:23:19:24:8:24:23:21:19:18:24:7:24:7:23:21:11:4:18:21:24:9:24:25:28:23:18:25:28:25:25:25:25:28:28:19:28:24:25:17:1:25:21:15:23
14845918,1272,25,0,296,0:0:0:1:1:1:1:2:2:3:2:1:2:2:0:3:0:3:1:2:1:0:3:3:3:2:4:4:3:3:3:3:2:2:3:4:3:0:2:2:2:5:4:1:5:3:5:4:3:5:4:5:7:7:8:8:7:8:3:6:6:7:2:8:8:4:7:5:0:7:7:2:7:6:7:8:1:9:1:6:6:4:10:4:8:0:3:5:4:2:6:1:3:2:0:9:6:9:10:0:11:6:8:5:4:12:10:2:10:1:11:5:12:7:7:7:11:3:6:7:8:5:12:0:12:9:6:10:12:4:10:8:4:6:6:8:11:11:10:6:12:8:1:11:15:14:15:10:5:5:9:11:14:1:8:3:4:12:0:11:1:15:10:15:12:11:15:7:4:16:17:17:11:2:16:10:14:15:10:9:16:12:0:6:2:16:11:7:14:8:7:16:4:14:1:2:18:12:9:1:17:16:9:16:17:16:7:5:14:4:17:9:15:17:12:6:1:16:16:12:17:17:10:18:18:10:18:0:18:10:14:18:15:1:8:17:14:13:14:13:16:7:17:2:18:0:4:10:7:17:14:18:17:5:8:14:13:4:7:5:16:18:12:14:12:13:6:15:0:12:14:5:2:13:8:15:6:11:8:11:4:17:18:13:5:18:15:3:5:16:15:3:18:5:17:3:2:15:21:15:14:12:6:16:13:18:2:8:21:3:13:11:21:9:17:9:13:8:1:13:14:16:21:1:10:8:21:9:13:21:15:14:15:18:14:0:21:11:13:18:18:21:3:17:10:7:0:10:4:21:12:9:6:11:15:11:18:8:5:16:14:8:16:3:2:15:19:19:21:19:16:19:13:14:19:19:11:19:21:19:11:17:9:14:17:2:8:4:6:13:13:9:25:12:19:28:0:25:18:19:28:28:28:25:21:25:25:21:25:25:25:9:28:13:18:25:7:9:7:6:19:28:25:10:9:6:8:23:24:28:25:23:24:23:23:19:24:23:6:28:24:28:17:28:23:1:24:21:21:25
41724726,1272,25,0,296,0:0:0:1:1:1:1:2:2:3:0:1:2:2:0:3:0:3:1:2:1:0:3:3:3:2:4:4:3:3:3:3:2:2:3:4:3:0:2:2:2:5:4:1:5:3:5:4:3:5:4:5:7:7:8:8:7:8:3:6:6:7:2:4:8:4:7:5:5:7:7:5:7:6:7:8:1:9:1:6:6:4:10:4:8:0:3:5:4:2:5:2:3:2:0:6:6:9:10:0:11:12:8:5:4:12:10:2:10:1:11:5:12:7:7:7:0:3:7:7:10:10:9:0:12:9:6:10:12:4:10:8:4:6:6:8:11:11:10:6:12:8:11:11:15:14:15:10:5:5:9:11:14:1:8:12:4:12:0:11:1:9:10:15:8:11:0:12:10:16:17:17:11:2:16:10:14:15:10:9:16:12:0:6:2:16:16:7:6:8:7:16:4:14:14:2:18:2:9:1:17:16:18:16:17:16:7:8:18:4:17:9:9:0:12:6:1:16:16:12:17:17:10:11:18:17:6:0:18:10:3:18:15:11:16:7:9:13:11:13:16:7:17:2:18:0:4:10:7:17:14:18:17:5:14:14:2:4:7:5:16:16:12:14:13:13:6:15:0:12:12:5:2:14:8:15:6:11:8:11:4:17:18:14:5:18:9:3:13:1:15:3:15:5:17:3:14:15:21:15:14:13:18:16:13:18:2:8:21:3:13:18:21:10:17:15:13:8:1:15:3:9:16:1:21:8:21:9:13:9:15:3:15:16:14:0:5:11:13:18:13:13:6:17:21:7:0:10:4:21:12:9:6:11:15:11:18:8:5:16:14:8:7:11:2:15:19:19:21:19:16:19:13:12:19:19:17:19:21:19:14:17:9:9:17:14:8:4:21:9:13:11:25:28:19:28:0:21:18:19:25:28:28:25:13:14:25:21:6:8:1:25:28:14:17:4:7:10:7:6:19:28:25:18:25:9:25:23:24:24:25:23:24:25:24:19:24:28:23:28:25:23:17:24:10:24:24:25:28:28
#2022-10-12 10:45:20
